date,stock_id,foreign,trust,dealer,total,dealer_self,dealer_hedge
2019-12-18,0050,-508000,0,479000,-29000,210000,269000
2019-12-18,0051,-2000,0,5000,3000,0,5000
2019-12-18,0052,1000,0,-30000,-29000,0,-30000
2019-12-18,0053,0,0,9000,9000,0,9000
2019-12-18,0054,0,0,40000,40000,0,40000
2019-12-18,0055,0,0,57000,57000,0,57000
2019-12-18,0056,0,0,4173000,4173000,-35000,4208000
2019-12-18,0057,0,0,0,0,0,0
2019-12-18,0059,0,0,0,0,0,0
2019-12-18,0061,3692000,0,-2078000,1614000,-1260000,-818000
2019-12-18,006203,0,0,0,0,0,0
2019-12-18,006204,0,0,9000,9000,0,9000
2019-12-18,006205,0,0,148000,148000,50000,98000
2019-12-18,006206,0,0,27000,27000,-70000,97000
2019-12-18,006207,0,0,-102000,-102000,0,-102000
2019-12-18,006208,1000,0,-88000,-87000,0,-88000
2019-12-18,00625K,0,0,0,0,0,0
2019-12-18,00631L,-10000,140000,-448000,-318000,-6000,-442000
2019-12-18,00632R,-2479000,0,-7051273,-9530273,-2797000,-4254273
2019-12-18,00633L,1292000,0,2412000,3704000,100000,2312000
2019-12-18,00634R,-862000,0,-1466000,-2328000,0,-1466000
2019-12-18,00635U,0,0,-134000,-134000,0,-134000
2019-12-18,00636,-737000,0,1037000,300000,-220000,1257000
2019-12-18,00636K,0,0,0,0,0,0
2019-12-18,00637L,-2332000,300000,8505000,6473000,-300000,8805000
2019-12-18,00638R,-274000,0,-254000,-528000,0,-254000
2019-12-18,00639,59000,0,643000,702000,0,643000
2019-12-18,00640L,-13000,0,173000,160000,0,173000
2019-12-18,00641R,7000,0,80000,87000,0,80000
2019-12-18,00642U,477000,0,613000,1090000,-25000,638000
2019-12-18,00643,-162000,0,1052000,890000,170000,882000
2019-12-18,00645,0,0,1000,1000,0,1000
2019-12-18,00646,-6000,0,-301116,-307116,0,-301116
2019-12-18,00647L,-7000,0,-33000,-40000,0,-33000
2019-12-18,00648R,100000,0,651000,751000,0,651000
2019-12-18,00649,0,0,46000,46000,0,46000
2019-12-18,00650L,-3000,0,247000,244000,9000,238000
2019-12-18,00651R,-5000,0,53000,48000,0,53000
2019-12-18,00652,27000,0,-78000,-51000,0,-78000
2019-12-18,00653L,109000,0,71000,180000,0,71000
2019-12-18,00654R,0,0,2000,2000,0,2000
2019-12-18,00655L,15000,0,3168000,3183000,0,3168000
2019-12-18,00656R,0,0,-21000,-21000,0,-21000
2019-12-18,00657,-2000,0,1000,-1000,0,1000
2019-12-18,00657K,0,0,0,0,0,0
2019-12-18,00658L,0,0,0,0,0,0
2019-12-18,00659R,0,0,1000,1000,0,1000
2019-12-18,00660,0,0,-2000,-2000,0,-2000
2019-12-18,00661,0,0,1000,1000,0,1000
2019-12-18,00662,0,0,3000,3000,0,3000
2019-12-18,00663L,0,0,-2000,-2000,0,-2000
2019-12-18,00664R,2000,0,-110000,-108000,0,-110000
2019-12-18,00665L,136000,0,-50000,86000,0,-50000
2019-12-18,00666R,-5000,0,11000,6000,0,11000
2019-12-18,00668,0,0,2000,2000,0,2000
2019-12-18,00668K,0,0,0,0,0,0
2019-12-18,00669R,0,0,-366000,-366000,0,-366000
2019-12-18,00670L,0,0,-14000,-14000,0,-14000
2019-12-18,00671R,0,0,202000,202000,0,202000
2019-12-18,00672L,-835000,0,8503000,7668000,0,8503000
2019-12-18,00673R,-20000,0,-12862000,-12882000,0,-12862000
2019-12-18,00675L,0,0,26000,26000,0,26000
2019-12-18,00676R,0,0,-642000,-642000,0,-642000
2019-12-18,00677U,-3546000,0,11022000,7476000,-480000,11502000
2019-12-18,00678,0,0,24000,24000,40000,-16000
2019-12-18,00680L,0,0,-154000,-154000,0,-154000
2019-12-18,00681R,0,0,0,0,0,0
2019-12-18,00682U,0,0,-1000,-1000,0,-1000
2019-12-18,00683L,0,0,-1000,-1000,0,-1000
2019-12-18,00684R,0,0,3000,3000,0,3000
2019-12-18,00685L,0,0,3000,3000,0,3000
2019-12-18,00686R,0,0,532000,532000,0,532000
2019-12-18,00688L,0,0,-109000,-109000,0,-109000
2019-12-18,00689R,0,0,12000,12000,0,12000
2019-12-18,00690,0,0,178000,178000,0,178000
2019-12-18,00692,0,0,468000,468000,0,468000
2019-12-18,00693U,0,0,292000,292000,0,292000
2019-12-18,00700,-3000,0,34000,31000,0,34000
2019-12-18,00701,0,0,30000,30000,0,30000
2019-12-18,00702,0,0,48000,48000,0,48000
2019-12-18,00703,0,0,155000,155000,0,155000
2019-12-18,00706L,0,0,-88000,-88000,0,-88000
2019-12-18,00707R,0,0,0,0,0,0
2019-12-18,00708L,0,0,-127000,-127000,0,-127000
2019-12-18,00709,0,0,-1000,-1000,0,-1000
2019-12-18,00710B,0,0,-375000,-375000,0,-375000
2019-12-18,00711B,0,0,-7000,-7000,0,-7000
2019-12-18,00712,85000,0,37000,122000,0,37000
2019-12-18,00713,0,0,10000,10000,0,10000
2019-12-18,00714,0,0,-15000,-15000,0,-15000
2019-12-18,00715L,0,0,26000,26000,0,26000
2019-12-18,00717,0,0,-192000,-192000,0,-192000
2019-12-18,00728,0,0,-17000,-17000,0,-17000
2019-12-18,00730,0,0,227000,227000,0,227000
2019-12-18,00731,1000,0,-96000,-95000,0,-96000
2019-12-18,00732,0,0,0,0,0,0
2019-12-18,00733,0,0,20000,20000,0,20000
2019-12-18,00735,0,0,0,0,0,0
2019-12-18,00736,0,0,9000,9000,0,9000
2019-12-18,00737,0,0,61000,61000,0,61000
2019-12-18,00738U,0,0,-261000,-261000,0,-261000
2019-12-18,00739,0,0,341000,341000,0,341000
2019-12-18,00742,0,0,5000,5000,0,5000
2019-12-18,00743,0,0,-8000,-8000,0,-8000
2019-12-18,00752,-2000,0,93000,91000,0,93000
2019-12-18,00753L,0,0,-40000,-40000,0,-40000
2019-12-18,00757,0,0,16000,16000,0,16000
2019-12-18,00762,0,0,-56000,-56000,-20000,-36000
2019-12-18,00763U,0,0,2000,2000,0,2000
2019-12-18,00766L,0,0,260000,260000,0,260000
2019-12-18,00767,0,0,0,0,0,0
2019-12-18,00770,0,0,1000,1000,0,1000
2019-12-18,00774B,0,0,0,0,0,0
2019-12-18,00775B,0,0,0,0,0,0
2019-12-18,00783,0,0,195000,195000,0,195000
2019-12-18,008201,0,0,400,400,0,400
2019-12-18,00830,0,0,188000,188000,0,188000
2019-12-18,00850,4000,0,-212000,-208000,0,-212000
2019-12-18,00851,0,0,-28000,-28000,0,-28000
2019-12-18,00852L,0,0,62000,62000,-45000,107000
2019-12-18,00861,-1000,0,1088000,1087000,0,1088000
2019-12-18,00865B,0,0,95000,95000,0,95000
2019-12-18,00866,0,0,17000,17000,0,17000
2019-12-18,01001T,0,0,15000,15000,15000,0
2019-12-18,01002T,-2000,0,0,-2000,0,0
2019-12-18,01003T,4150000,0,0,4150000,0,0
2019-12-18,01010T,0,0,-26000,-26000,-26000,0
2019-12-18,020000,0,0,1052000,1052000,0,1052000
2019-12-18,020002,0,0,3000,3000,0,3000
2019-12-18,020008,0,0,12000,12000,0,12000
2019-12-18,020011,0,0,-5000,-5000,0,-5000
2019-12-18,1101,-1677055,59000,-259000,-1877055,0,-259000
2019-12-18,1101B,0,0,2000,2000,2000,0
2019-12-18,1102,1644547,33000,429000,2106547,209000,220000
2019-12-18,1103,115000,0,-22000,93000,0,-22000
2019-12-18,1104,169000,0,0,169000,0,0
2019-12-18,1108,90000,0,0,90000,0,0
2019-12-18,1109,-6000,0,0,-6000,0,0
2019-12-18,1110,94000,0,0,94000,0,0
2019-12-18,1201,-362000,0,-140000,-502000,0,-140000
2019-12-18,1203,51000,0,0,51000,0,0
2019-12-18,1210,2032000,1860000,-7000,3885000,-15000,8000
2019-12-18,1215,-117000,0,-7000,-124000,1000,-8000
2019-12-18,1216,167643,68000,-51000,184643,-108000,57000
2019-12-18,1217,415000,0,0,415000,0,0
2019-12-18,1218,80000,0,2000,82000,2000,0
2019-12-18,1219,67000,0,0,67000,0,0
2019-12-18,1220,19000,0,0,19000,0,0
2019-12-18,1225,46000,0,0,46000,0,0
2019-12-18,1227,999795,0,55000,1054795,55000,0
2019-12-18,1229,1556000,-203000,0,1353000,0,0
2019-12-18,1231,80000,0,1000,81000,1000,0
2019-12-18,1232,31000,-81000,0,-50000,0,0
2019-12-18,1233,12000,0,0,12000,0,0
2019-12-18,1234,66000,0,0,66000,0,0
2019-12-18,1235,5000,0,0,5000,0,0
2019-12-18,1236,7000,0,0,7000,0,0
2019-12-18,1256,35000,0,0,35000,0,0
2019-12-18,1301,4482147,170000,165000,4817147,97000,68000
2019-12-18,1303,270193,345000,-35000,580193,-67000,32000
2019-12-18,1304,748339,0,50000,798339,50000,0
2019-12-18,1305,130000,0,0,130000,0,0
2019-12-18,1307,68000,0,0,68000,0,0
2019-12-18,1308,143000,0,0,143000,0,0
2019-12-18,1309,147000,0,40000,187000,40000,0
2019-12-18,1310,62000,0,0,62000,0,0
2019-12-18,1312,775475,0,-194000,581475,-194000,0
2019-12-18,1312A,0,0,1000,1000,1000,0
2019-12-18,1313,744000,0,-20000,724000,-20000,0
2019-12-18,1314,-683100,1000,263000,-419100,14000,249000
2019-12-18,1315,46000,0,0,46000,0,0
2019-12-18,1316,65000,0,-4000,61000,-4000,0
2019-12-18,1319,1748039,0,-55000,1693039,-77000,22000
2019-12-18,1321,41000,0,0,41000,0,0
2019-12-18,1323,13000,0,0,13000,0,0
2019-12-18,1324,2000,0,0,2000,0,0
2019-12-18,1325,3000,0,0,3000,0,0
2019-12-18,1326,-990039,169000,58000,-763039,92000,-34000
2019-12-18,1337,71000,0,0,71000,0,0
2019-12-18,1338,3000,0,0,3000,0,0
2019-12-18,1339,109000,0,1000,110000,1000,0
2019-12-18,1340,44000,0,0,44000,0,0
2019-12-18,1402,1787792,405000,4000,2196792,38000,-34000
2019-12-18,1409,59888,107000,1000,167888,1000,0
2019-12-18,1410,1000,0,0,1000,0,0
2019-12-18,1413,9000,0,0,9000,0,0
2019-12-18,1414,60000,0,1000,61000,1000,0
2019-12-18,1416,28000,0,0,28000,0,0
2019-12-18,1417,305000,0,0,305000,0,0
2019-12-18,1419,14000,0,0,14000,0,0
2019-12-18,1423,15000,0,0,15000,0,0
2019-12-18,1432,9000,0,0,9000,0,0
2019-12-18,1434,-20428,1000,0,-19428,0,0
2019-12-18,1435,17000,0,0,17000,0,0
2019-12-18,1436,7000,0,0,7000,0,0
2019-12-18,1437,63000,0,0,63000,0,0
2019-12-18,1439,80958,0,0,80958,0,0
2019-12-18,1440,360000,0,0,360000,0,0
2019-12-18,1441,5000,0,0,5000,0,0
2019-12-18,1442,59000,0,0,59000,0,0
2019-12-18,1443,1878,0,0,1878,0,0
2019-12-18,1444,162000,0,-14000,148000,-14000,0
2019-12-18,1445,4000,0,0,4000,0,0
2019-12-18,1446,99000,0,0,99000,0,0
2019-12-18,1447,261000,0,0,261000,0,0
2019-12-18,1449,-18000,0,1000,-17000,1000,0
2019-12-18,1451,44000,0,0,44000,0,0
2019-12-18,1452,32000,0,0,32000,0,0
2019-12-18,1453,2000,0,0,2000,0,0
2019-12-18,1454,30000,0,0,30000,0,0
2019-12-18,1455,373000,0,1000,374000,1000,0
2019-12-18,1456,2000,0,0,2000,0,0
2019-12-18,1457,49000,0,2000,51000,2000,0
2019-12-18,1459,-40000,0,-1000,-41000,-1000,0
2019-12-18,1460,50000,0,3000,53000,3000,0
2019-12-18,1463,2000,0,0,2000,0,0
2019-12-18,1464,-80000,0,6000,-74000,0,6000
2019-12-18,1465,25000,0,0,25000,0,0
2019-12-18,1466,3000,0,0,3000,0,0
2019-12-18,1467,31000,0,0,31000,0,0
2019-12-18,1468,1000,0,0,1000,0,0
2019-12-18,1472,9000,0,6000,15000,6000,0
2019-12-18,1473,40000,0,0,40000,0,0
2019-12-18,1474,26000,0,0,26000,0,0
2019-12-18,1476,588812,-108000,39000,519812,4000,35000
2019-12-18,1477,-598350,40000,49000,-509350,52000,-3000
2019-12-18,1503,103000,0,0,103000,0,0
2019-12-18,1504,-4986000,3000,-32000,-5015000,-12000,-20000
2019-12-18,1506,3000,0,0,3000,0,0
2019-12-18,1507,17000,0,0,17000,0,0
2019-12-18,1513,860000,0,0,860000,0,0
2019-12-18,1514,137000,0,0,137000,0,0
2019-12-18,1515,-27000,0,-19000,-46000,0,-19000
2019-12-18,1516,8000,0,0,8000,0,0
2019-12-18,1517,9000,0,0,9000,0,0
2019-12-18,1519,567000,0,-1000,566000,-1000,0
2019-12-18,1521,24000,0,0,24000,0,0
2019-12-18,1522,-32458,0,0,-32458,0,0
2019-12-18,1524,4000,0,0,4000,0,0
2019-12-18,1525,13000,0,0,13000,0,0
2019-12-18,1526,128000,0,1000,129000,1000,0
2019-12-18,1527,-37000,0,1000,-36000,1000,0
2019-12-18,1528,30000,0,0,30000,0,0
2019-12-18,1529,15000,0,0,15000,0,0
2019-12-18,1530,14000,0,0,14000,0,0
2019-12-18,1531,28000,0,0,28000,0,0
2019-12-18,1532,158000,0,0,158000,0,0
2019-12-18,1533,17000,0,0,17000,0,0
2019-12-18,1535,22000,0,0,22000,0,0
2019-12-18,1536,-175103,290000,-86000,28897,24000,-110000
2019-12-18,1537,22000,0,0,22000,0,0
2019-12-18,1539,9000,0,0,9000,0,0
2019-12-18,1540,22000,0,0,22000,0,0
2019-12-18,1541,15000,0,5000,20000,5000,0
2019-12-18,1558,-1000,0,-10000,-11000,-10000,0
2019-12-18,1560,39000,160000,78000,277000,78000,0
2019-12-18,1568,54000,0,1000,55000,1000,0
2019-12-18,1582,346000,0,0,346000,0,0
2019-12-18,1583,5000,0,0,5000,0,0
2019-12-18,1587,9000,0,0,9000,0,0
2019-12-18,1589,30000,0,4000,34000,2000,2000
2019-12-18,1590,311080,0,14000,325080,17000,-3000
2019-12-18,1592,-4000,0,1000,-3000,1000,0
2019-12-18,1598,5000,0,0,5000,0,0
2019-12-18,1603,27000,0,0,27000,0,0
2019-12-18,1604,93000,0,2000,95000,1000,1000
2019-12-18,1605,2790000,1000,271000,3062000,-188000,459000
2019-12-18,1608,125000,0,0,125000,0,0
2019-12-18,1609,818000,0,1000,819000,1000,0
2019-12-18,1612,50000,0,0,50000,0,0
2019-12-18,1614,55000,0,0,55000,0,0
2019-12-18,1615,16000,0,0,16000,0,0
2019-12-18,1616,7000,0,0,7000,0,0
2019-12-18,1617,1000,0,0,1000,0,0
2019-12-18,1618,59000,0,0,59000,0,0
2019-12-18,1626,-127938,0,-3000,-130938,-3000,0
2019-12-18,1701,67000,0,1000,68000,1000,0
2019-12-18,1702,237000,-195000,0,42000,0,0
2019-12-18,1707,45000,-50000,-76000,-81000,-75000,-1000
2019-12-18,1708,57000,0,0,57000,0,0
2019-12-18,1710,180722,1000,35000,216722,35000,0
2019-12-18,1711,138000,0,0,138000,0,0
2019-12-18,1712,-6000,0,0,-6000,0,0
2019-12-18,1713,24000,0,0,24000,0,0
2019-12-18,1714,132483,0,0,132483,0,0
2019-12-18,1717,197000,1000,0,198000,0,0
2019-12-18,1718,785000,0,0,785000,0,0
2019-12-18,1720,23000,0,0,23000,0,0
2019-12-18,1721,38000,0,0,38000,0,0
2019-12-18,1722,304000,1000,28000,333000,0,28000
2019-12-18,1723,20000,0,0,20000,0,0
2019-12-18,1725,-1000,0,0,-1000,0,0
2019-12-18,1726,20000,0,0,20000,0,0
2019-12-18,1727,2000,0,0,2000,0,0
2019-12-18,1730,4000,0,0,4000,0,0
2019-12-18,1731,13000,0,0,13000,0,0
2019-12-18,1732,4000,0,0,4000,0,0
2019-12-18,1733,6667,0,0,6667,0,0
2019-12-18,1734,50000,0,0,50000,0,0
2019-12-18,1735,14000,0,0,14000,0,0
2019-12-18,1736,-908000,-735000,-16000,-1659000,0,-16000
2019-12-18,1737,86000,0,0,86000,0,0
2019-12-18,1760,-4000,0,-4000,-8000,0,-4000
2019-12-18,1762,-13000,0,0,-13000,0,0
2019-12-18,1773,39000,-20000,0,19000,0,0
2019-12-18,1776,1000,0,0,1000,0,0
2019-12-18,1783,9000,0,0,9000,0,0
2019-12-18,1786,-2000,0,0,-2000,0,0
2019-12-18,1789,98028,0,0,98028,0,0
2019-12-18,1795,72000,0,-5000,67000,0,-5000
2019-12-18,1802,651284,0,0,651284,0,0
2019-12-18,1805,6000,0,0,6000,0,0
2019-12-18,1806,136000,0,0,136000,0,0
2019-12-18,1808,38968,0,0,38968,0,0
2019-12-18,1809,218000,0,0,218000,0,0
2019-12-18,1810,68000,0,0,68000,0,0
2019-12-18,1817,3000,0,0,3000,0,0
2019-12-18,1902,141000,0,0,141000,0,0
2019-12-18,1903,16000,0,0,16000,0,0
2019-12-18,1904,702000,0,0,702000,0,0
2019-12-18,1905,398000,0,2000,400000,2000,0
2019-12-18,1906,27000,0,2000,29000,2000,0
2019-12-18,1907,1118438,1494000,-6000,2606438,-6000,0
2019-12-18,1909,4879000,0,-110000,4769000,-109000,-1000
2019-12-18,2002,6653892,176000,8000,6837892,8000,0
2019-12-18,2002A,0,0,5000,5000,5000,0
2019-12-18,2006,620000,1000,1000,622000,1000,0
2019-12-18,2007,6000,0,0,6000,0,0
2019-12-18,2008,40000,0,0,40000,0,0
2019-12-18,2009,97000,0,1000,98000,1000,0
2019-12-18,2010,60000,0,3000,63000,3000,0
2019-12-18,2012,58000,0,0,58000,0,0
2019-12-18,2013,106000,0,0,106000,0,0
2019-12-18,2014,227000,0,0,227000,0,0
2019-12-18,2015,-37000,56000,14000,33000,14000,0
2019-12-18,2017,61000,0,0,61000,0,0
2019-12-18,2020,30000,0,0,30000,0,0
2019-12-18,2022,18000,0,4000,22000,4000,0
2019-12-18,2023,451898,0,1000,452898,1000,0
2019-12-18,2024,18000,0,0,18000,0,0
2019-12-18,2027,-4979,-334000,1247000,908021,10000,1237000
2019-12-18,2028,-48000,0,0,-48000,0,0
2019-12-18,2029,49000,0,0,49000,0,0
2019-12-18,2030,65000,0,2000,67000,2000,0
2019-12-18,2031,651000,0,0,651000,0,0
2019-12-18,2032,23000,0,0,23000,0,0
2019-12-18,2033,6000,0,0,6000,0,0
2019-12-18,2034,80000,-100000,1000,-19000,1000,0
2019-12-18,2038,73000,0,0,73000,0,0
2019-12-18,2049,101739,-1000,265000,365739,182000,83000
2019-12-18,2059,36000,-29000,-4000,3000,-4000,0
2019-12-18,2062,50000,0,0,50000,0,0
2019-12-18,2069,68000,0,0,68000,0,0
2019-12-18,2101,41000,0,-1000,40000,-1000,0
2019-12-18,2102,238000,0,0,238000,0,0
2019-12-18,2103,253000,0,0,253000,0,0
2019-12-18,2104,311971,-1211000,-176,-899205,0,-176
2019-12-18,2105,104659,24000,10000,138659,10000,0
2019-12-18,2106,112000,0,3000,115000,3000,0
2019-12-18,2107,58000,0,0,58000,0,0
2019-12-18,2108,6406,-341000,0,-334594,0,0
2019-12-18,2109,3000,0,0,3000,0,0
2019-12-18,2114,12000,0,0,12000,0,0
2019-12-18,2115,15000,0,0,15000,0,0
2019-12-18,2201,-186000,0,-71000,-257000,0,-71000
2019-12-18,2204,380364,-299000,1000,82364,1000,0
2019-12-18,2206,161134,0,0,161134,0,0
2019-12-18,2207,109616,4000,3000,116616,3000,0
2019-12-18,2208,490817,0,0,490817,0,0
2019-12-18,2227,46000,45000,22000,113000,22000,0
2019-12-18,2228,53000,15000,5000,73000,0,5000
2019-12-18,2231,-75326,-4000,15000,-64326,15000,0
2019-12-18,2233,28000,0,-40000,-12000,-40000,0
2019-12-18,2236,3000,0,0,3000,0,0
2019-12-18,2239,43000,0,0,43000,0,0
2019-12-18,2243,3000,0,0,3000,0,0
2019-12-18,2301,2825540,28000,-135000,2718540,-51000,-84000
2019-12-18,2302,6000,0,1000,7000,1000,0
2019-12-18,2303,-10953424,1944000,-498000,-9507424,-151000,-347000
2019-12-18,2305,49000,0,0,49000,0,0
2019-12-18,2308,1855971,31000,29000,1915971,8000,21000
2019-12-18,2312,9000,0,-577000,-568000,203000,-780000
2019-12-18,2313,-5945000,-3653000,-565000,-10163000,-609000,44000
2019-12-18,2314,488000,0,0,488000,0,0
2019-12-18,2316,-94000,0,-356000,-450000,-25000,-331000
2019-12-18,2317,21571623,-880000,3354000,24045623,1602000,1752000
2019-12-18,2323,-1389000,0,-738000,-2127000,-661000,-77000
2019-12-18,2324,1361847,-1845000,-175000,-658153,-19000,-156000
2019-12-18,2327,221312,-36000,327000,512312,90000,237000
2019-12-18,2328,-403000,0,-42000,-445000,-18000,-24000
2019-12-18,2329,-304757,0,-18000,-322757,1000,-19000
2019-12-18,2330,-9352607,295000,274000,-8783607,225000,49000
2019-12-18,2331,338000,0,-2000,336000,-2000,0
2019-12-18,2332,632000,0,-87000,545000,-81000,-6000
2019-12-18,2337,1482000,225000,-772000,935000,-344000,-428000
2019-12-18,2338,-4067000,0,601000,-3466000,-28000,629000
2019-12-18,2340,452000,0,-56000,396000,-88000,32000
2019-12-18,2342,122283,0,0,122283,0,0
2019-12-18,2344,340012,383000,-1046000,-322988,-467000,-579000
2019-12-18,2345,424545,-56000,-40000,328545,-22000,-18000
2019-12-18,2347,2410464,9000,-96000,2323464,-18000,-78000
2019-12-18,2348,6000,0,3000,9000,3000,0
2019-12-18,2349,226000,0,0,226000,0,0
2019-12-18,2351,52408,220000,100000,372408,100000,0
2019-12-18,2352,-271000,-2199000,-177000,-2647000,17000,-194000
2019-12-18,2353,4166551,32000,1236000,5434551,12000,1224000
2019-12-18,2354,1225749,156000,1000,1382749,9000,-8000
2019-12-18,2355,-213000,0,-26000,-239000,-16000,-10000
2019-12-18,2356,4095453,-422000,-44000,3629453,-21000,-23000
2019-12-18,2357,434140,12000,-35000,411140,-5000,-30000
2019-12-18,2358,21000,0,0,21000,0,0
2019-12-18,2359,63000,0,0,63000,0,0
2019-12-18,2360,369511,0,136000,505511,41000,95000
2019-12-18,2362,196000,0,2000,198000,2000,0
2019-12-18,2363,1103000,0,1000,1104000,1000,0
2019-12-18,2365,53000,0,0,53000,0,0
2019-12-18,2367,298000,0,24000,322000,0,24000
2019-12-18,2368,-778000,0,-406000,-1184000,-406000,0
2019-12-18,2369,271000,0,0,271000,0,0
2019-12-18,2371,2847636,21000,-828000,2040636,-824000,-4000
2019-12-18,2373,32000,0,0,32000,0,0
2019-12-18,2374,177000,0,-61000,116000,-61000,0
2019-12-18,2375,17000,0,1000,18000,1000,0
2019-12-18,2376,1958500,970000,583000,3511500,106000,477000
2019-12-18,2377,1356319,170000,185000,1711319,66000,119000
2019-12-18,2379,1084194,-762000,-555000,-232806,-220000,-335000
2019-12-18,2380,5000,0,4000,9000,4000,0
2019-12-18,2382,1765277,53000,-11000,1807277,15000,-26000
2019-12-18,2383,420000,-459000,466000,427000,325000,141000
2019-12-18,2385,510556,-314000,-65000,131556,1000,-66000
2019-12-18,2387,-288000,-799000,31000,-1056000,31000,0
2019-12-18,2388,143000,0,1000,144000,1000,0
2019-12-18,2390,59000,0,1000,60000,1000,0
2019-12-18,2392,113000,-800000,-82000,-769000,-2000,-80000
2019-12-18,2393,-343277,0,-21000,-364277,-25000,4000
2019-12-18,2395,119614,-27000,-20000,72614,-20000,0
2019-12-18,2397,23000,0,0,23000,0,0
2019-12-18,2399,329000,0,0,329000,0,0
2019-12-18,2401,341000,0,-62000,279000,-20000,-42000
2019-12-18,2402,-1000,0,1000,0,1000,0
2019-12-18,2404,-101000,0,47000,-54000,16000,31000
2019-12-18,2405,43000,0,1000,44000,1000,0
2019-12-18,2406,39455,0,0,39455,0,0
2019-12-18,2408,-7064905,1915000,-792000,-5941905,136000,-928000
2019-12-18,2409,15632487,7619000,1805000,25056487,1715000,90000
2019-12-18,2412,2275540,14000,-115000,2174540,-115000,0
2019-12-18,2413,25000,0,0,25000,0,0
2019-12-18,2414,-16000,0,0,-16000,0,0
2019-12-18,2415,5000,0,0,5000,0,0
2019-12-18,2417,55000,0,0,55000,0,0
2019-12-18,2419,1298343,0,-55000,1243343,-4000,-51000
2019-12-18,2420,7000,0,0,7000,0,0
2019-12-18,2421,224832,0,-190000,34832,1000,-191000
2019-12-18,2423,23000,0,1000,24000,1000,0
2019-12-18,2425,103000,0,0,103000,0,0
2019-12-18,2426,71000,0,11000,82000,11000,0
2019-12-18,2427,29000,0,1000,30000,1000,0
2019-12-18,2428,-94000,0,0,-94000,0,0
2019-12-18,2429,-3000,0,0,-3000,0,0
2019-12-18,2430,-10000,0,4000,-6000,4000,0
2019-12-18,2431,22000,0,0,22000,0,0
2019-12-18,2433,24000,0,0,24000,0,0
2019-12-18,2436,114000,0,0,114000,0,0
2019-12-18,2438,3000,0,0,3000,0,0
2019-12-18,2439,779000,201000,-658000,322000,-106000,-552000
2019-12-18,2440,2000,0,0,2000,0,0
2019-12-18,2441,460000,-19000,14000,455000,14000,0
2019-12-18,2442,213000,0,1000,214000,1000,0
2019-12-18,2443,17000,0,0,17000,0,0
2019-12-18,2444,4000,0,0,4000,0,0
2019-12-18,2448,-5908000,-5822000,-170000,-11900000,-92000,-78000
2019-12-18,2449,1743000,-2722000,-713000,-1692000,-31000,-682000
2019-12-18,2450,12000,0,0,12000,0,0
2019-12-18,2451,211000,265000,-38000,438000,0,-38000
2019-12-18,2453,74000,0,1000,75000,1000,0
2019-12-18,2454,-626362,-70000,-750000,-1446362,-11000,-739000
2019-12-18,2455,-135700,0,-280000,-415700,-195000,-85000
2019-12-18,2456,148867,-102000,-18000,28867,-158000,140000
2019-12-18,2457,81000,0,1000,82000,1000,0
2019-12-18,2458,1429222,0,48000,1477222,-1000,49000
2019-12-18,2459,22000,0,0,22000,0,0
2019-12-18,2460,33000,0,0,33000,0,0
2019-12-18,2461,117000,0,1000,118000,1000,0
2019-12-18,2462,24000,0,0,24000,0,0
2019-12-18,2464,183000,0,4000,187000,1000,3000
2019-12-18,2465,3000,0,1000,4000,1000,0
2019-12-18,2466,47000,0,1000,48000,1000,0
2019-12-18,2467,8000,0,0,8000,0,0
2019-12-18,2468,4000,0,1000,5000,1000,0
2019-12-18,2471,-1000,0,0,-1000,0,0
2019-12-18,2472,60000,0,-6000,54000,-6000,0
2019-12-18,2474,1268471,-435000,-10000,823471,-86000,76000
2019-12-18,2476,15000,0,2000,17000,2000,0
2019-12-18,2477,37000,0,0,37000,0,0
2019-12-18,2478,-70000,0,7000,-63000,0,7000
2019-12-18,2480,-10000,0,0,-10000,0,0
2019-12-18,2481,238000,-310000,-30000,-102000,1000,-31000
2019-12-18,2482,16000,0,0,16000,0,0
2019-12-18,2483,12000,0,0,12000,0,0
2019-12-18,2484,15000,0,1000,16000,1000,0
2019-12-18,2485,-32000,0,-24000,-56000,-24000,0
2019-12-18,2486,39000,0,1000,40000,1000,0
2019-12-18,2488,75000,0,1000,76000,1000,0
2019-12-18,2489,283000,0,3000,286000,3000,0
2019-12-18,2491,1000,0,0,1000,0,0
2019-12-18,2492,-116576,171000,61000,115424,-83000,144000
2019-12-18,2493,25000,0,0,25000,0,0
2019-12-18,2495,58000,0,0,58000,0,0
2019-12-18,2496,-19000,0,0,-19000,0,0
2019-12-18,2497,27000,0,0,27000,0,0
2019-12-18,2498,-3929066,7000,1501000,-2421066,-308000,1809000
2019-12-18,2499,699000,0,5000,704000,5000,0
2019-12-18,2501,221000,0,0,221000,0,0
2019-12-18,2504,1760000,0,151000,1911000,151000,0
2019-12-18,2505,323000,0,0,323000,0,0
2019-12-18,2506,83000,0,-3000,80000,-3000,0
2019-12-18,2509,36000,0,0,36000,0,0
2019-12-18,2511,432000,0,0,432000,0,0
2019-12-18,2514,-177400,0,0,-177400,0,0
2019-12-18,2515,467000,0,-265000,202000,2000,-267000
2019-12-18,2516,6000,0,0,6000,0,0
2019-12-18,2520,-61000,50000,-967000,-978000,-325000,-642000
2019-12-18,2524,76000,0,0,76000,0,0
2019-12-18,2527,98000,0,15000,113000,15000,0
2019-12-18,2528,32000,0,-2000,30000,-2000,0
2019-12-18,2530,48000,0,0,48000,0,0
2019-12-18,2534,-298200,0,-15000,-313200,-5000,-10000
2019-12-18,2535,54000,0,1000,55000,1000,0
2019-12-18,2536,49000,93000,0,142000,0,0
2019-12-18,2537,340000,0,0,340000,0,0
2019-12-18,2538,228000,0,0,228000,0,0
2019-12-18,2539,92000,0,0,92000,0,0
2019-12-18,2542,-735940,-718000,-185000,-1638940,-116000,-69000
2019-12-18,2543,2000,0,0,2000,0,0
2019-12-18,2545,20000,0,0,20000,0,0
2019-12-18,2546,-5000,0,0,-5000,0,0
2019-12-18,2547,-234000,0,1000,-233000,1000,0
2019-12-18,2548,344000,0,-132000,212000,2000,-134000
2019-12-18,2597,25000,0,-1000,24000,-1000,0
2019-12-18,2601,243000,0,4000,247000,4000,0
2019-12-18,2603,3732047,7000,8825000,12564047,6164000,2661000
2019-12-18,2605,497000,0,0,497000,0,0
2019-12-18,2606,287000,309000,20000,616000,20000,0
2019-12-18,2607,336000,0,0,336000,0,0
2019-12-18,2608,144000,-50000,0,94000,0,0
2019-12-18,2609,262000,0,0,262000,0,0
2019-12-18,2610,1146664,-43000,0,1103664,0,0
2019-12-18,2611,7000,0,1000,8000,1000,0
2019-12-18,2612,67000,0,0,67000,0,0
2019-12-18,2613,10000,0,0,10000,0,0
2019-12-18,2614,327294,0,1000,328294,1000,0
2019-12-18,2615,1284741,-701000,-149000,434741,-149000,0
2019-12-18,2616,2000,0,0,2000,0,0
2019-12-18,2617,106000,0,1000,107000,1000,0
2019-12-18,2618,-1024156,-1526000,447000,-2103156,451000,-4000
2019-12-18,2630,1000,0,0,1000,0,0
2019-12-18,2633,-396299,29000,8000,-359299,0,8000
2019-12-18,2634,-692938,0,-1000,-693938,-1000,0
2019-12-18,2636,-24000,0,0,-24000,0,0
2019-12-18,2637,46000,-693000,-122000,-769000,-120000,-2000
2019-12-18,2642,14000,0,0,14000,0,0
2019-12-18,2701,86000,0,0,86000,0,0
2019-12-18,2702,28000,0,0,28000,0,0
2019-12-18,2704,-2000,0,1000,-1000,1000,0
2019-12-18,2705,-28000,0,0,-28000,0,0
2019-12-18,2706,89000,0,0,89000,0,0
2019-12-18,2707,-1000,0,-1000,-2000,1000,-2000
2019-12-18,2712,0,0,1000,1000,1000,0
2019-12-18,2723,-112000,0,-24000,-136000,0,-24000
2019-12-18,2727,-7000,0,0,-7000,0,0
2019-12-18,2731,17000,8000,0,25000,0,0
2019-12-18,2739,40000,0,0,40000,0,0
2019-12-18,2748,3000,-30000,0,-27000,0,0
2019-12-18,2801,2817867,90000,118000,3025867,0,118000
2019-12-18,2809,566000,-309000,0,257000,0,0
2019-12-18,2812,46000,0,0,46000,0,0
2019-12-18,2816,34000,0,0,34000,0,0
2019-12-18,2820,-1697000,0,0,-1697000,0,0
2019-12-18,2823,3280909,43000,77000,3400909,3000,74000
2019-12-18,2832,59000,0,0,59000,0,0
2019-12-18,2834,3372770,14000,-2237000,1149770,1000,-2238000
2019-12-18,2836,266000,0,0,266000,0,0
2019-12-18,2838,480260,0,0,480260,0,0
2019-12-18,2841,486000,0,-1000,485000,-1000,0
2019-12-18,2845,320000,-1752000,0,-1432000,0,0
2019-12-18,2849,147000,0,0,147000,0,0
2019-12-18,2850,-36247,0,0,-36247,0,0
2019-12-18,2851,127600,0,0,127600,0,0
2019-12-18,2852,27000,0,0,27000,0,0
2019-12-18,2855,762000,-743000,0,19000,0,0
2019-12-18,2867,502000,0,0,502000,0,0
2019-12-18,2880,5579386,130000,-4000,5705386,0,-4000
2019-12-18,2881,5212504,-291000,133000,5054504,33000,100000
2019-12-18,2881A,0,0,2000,2000,2000,0
2019-12-18,2882,6313887,229000,-220000,6322887,-170000,-50000
2019-12-18,2882B,0,0,2000,2000,2000,0
2019-12-18,2883,2379055,198000,-164000,2413055,0,-164000
2019-12-18,2884,3647350,158000,-18000,3787350,8000,-26000
2019-12-18,2885,-2846836,105000,182000,-2559836,277000,-95000
2019-12-18,2886,2749405,-1553000,-341000,855405,8000,-349000
2019-12-18,2887,5295464,143000,-142000,5296464,3000,-145000
2019-12-18,2888,11927171,146000,506000,12579171,-608000,1114000
2019-12-18,2888A,-1000,0,0,-1000,0,0
2019-12-18,2889,500000,-84000,0,416000,0,0
2019-12-18,2890,4337503,-692000,-123000,3522503,1000,-124000
2019-12-18,2891,14401469,-5222000,-933000,8246469,-935000,2000
2019-12-18,2891B,0,0,1000,1000,1000,0
2019-12-18,2891C,0,0,1000,1000,1000,0
2019-12-18,2892,3161120,4667000,-29000,7799120,-4000,-25000
2019-12-18,2897,644000,1000,0,645000,0,0
2019-12-18,2897A,0,0,100000,100000,100000,0
2019-12-18,2901,7000,0,0,7000,0,0
2019-12-18,2903,-327000,0,-3000,-330000,-3000,0
2019-12-18,2904,-1000,0,0,-1000,0,0
2019-12-18,2905,56876,0,0,56876,0,0
2019-12-18,2906,29000,0,0,29000,0,0
2019-12-18,2908,232000,0,0,232000,0,0
2019-12-18,2910,6000,0,2000,8000,2000,0
2019-12-18,2911,41000,0,0,41000,0,0
2019-12-18,2912,416494,9000,0,425494,0,0
2019-12-18,2913,328570,0,2000,330570,10000,-8000
2019-12-18,2915,-165960,-60000,-259000,-484960,0,-259000
2019-12-18,2923,50000,0,0,50000,0,0
2019-12-18,2929,214000,0,1000,215000,-1000,2000
2019-12-18,2936,1000,0,0,1000,0,0
2019-12-18,2939,9000,0,0,9000,0,0
2019-12-18,3002,22000,0,1000,23000,1000,0
2019-12-18,3003,322000,0,-84000,238000,-84000,0
2019-12-18,3004,40000,0,-1000,39000,-1000,0
2019-12-18,3005,-10000,-150000,-140000,-300000,-2000,-138000
2019-12-18,3006,64000,606000,664000,1334000,30000,634000
2019-12-18,3008,203600,1000,-32000,172600,4000,-36000
2019-12-18,3010,24609,0,2000,26609,2000,0
2019-12-18,3011,42000,0,0,42000,0,0
2019-12-18,3013,103000,0,0,103000,0,0
2019-12-18,3014,274487,0,-1000,273487,-1000,0
2019-12-18,3015,55000,0,0,55000,0,0
2019-12-18,3016,-1036375,0,-154000,-1190375,-65000,-89000
2019-12-18,3017,-93000,0,-389000,-482000,-22000,-367000
2019-12-18,3018,52026,0,0,52026,0,0
2019-12-18,3019,1200000,0,195000,1395000,332000,-137000
2019-12-18,3021,20000,0,0,20000,0,0
2019-12-18,3022,62600,0,0,62600,0,0
2019-12-18,3023,48000,-135000,-12000,-99000,36000,-48000
2019-12-18,3024,356000,0,-14000,342000,-14000,0
2019-12-18,3025,24000,0,0,24000,0,0
2019-12-18,3026,-99000,0,0,-99000,1000,-1000
2019-12-18,3027,5000,0,0,5000,0,0
2019-12-18,3028,56000,0,0,56000,0,0
2019-12-18,3029,-27000,0,-20000,-47000,-20000,0
2019-12-18,3030,-4000,0,0,-4000,0,0
2019-12-18,3031,-48000,0,1000,-47000,1000,0
2019-12-18,3032,15000,0,0,15000,0,0
2019-12-18,3033,63000,0,0,63000,0,0
2019-12-18,3034,-1569076,-646000,53000,-2162076,80000,-27000
2019-12-18,3035,-6000,0,-118000,-124000,-4000,-114000
2019-12-18,3036,26000,81000,215486,322486,149486,66000
2019-12-18,3037,-1616000,-847000,-1144000,-3607000,-394000,-750000
2019-12-18,3038,-57690,0,0,-57690,0,0
2019-12-18,3040,12000,0,0,12000,0,0
2019-12-18,3041,-366000,0,0,-366000,0,0
2019-12-18,3042,362367,0,-630000,-267633,-128000,-502000
2019-12-18,3044,-188977,-28000,-17000,-233977,0,-17000
2019-12-18,3045,490668,932000,-386000,1036668,-386000,0
2019-12-18,3046,3000,0,0,3000,0,0
2019-12-18,3047,-382000,0,0,-382000,0,0
2019-12-18,3048,-191133,0,0,-191133,0,0
2019-12-18,3049,-432000,0,-928000,-1360000,4000,-932000
2019-12-18,3050,30000,0,1000,31000,1000,0
2019-12-18,3051,4000,0,0,4000,0,0
2019-12-18,3052,-136000,0,0,-136000,0,0
2019-12-18,3054,14000,0,0,14000,0,0
2019-12-18,3055,19000,0,0,19000,0,0
2019-12-18,3056,260000,0,0,260000,0,0
2019-12-18,3057,31000,0,0,31000,0,0
2019-12-18,3058,8000,0,0,8000,0,0
2019-12-18,3059,142000,0,98000,240000,0,98000
2019-12-18,3060,159000,0,0,159000,0,0
2019-12-18,3062,206000,0,-2000,204000,-2000,0
2019-12-18,3090,-259000,0,-24000,-283000,-18000,-6000
2019-12-18,3094,28000,0,0,28000,0,0
2019-12-18,3130,-1000,0,0,-1000,0,0
2019-12-18,3149,-7000,0,0,-7000,0,0
2019-12-18,3164,19000,0,1000,20000,1000,0
2019-12-18,3167,-8000,0,0,-8000,0,0
2019-12-18,3189,-2085000,269000,-591000,-2407000,78000,-669000
2019-12-18,3209,87000,0,0,87000,0,0
2019-12-18,3229,-1000,0,0,-1000,0,0
2019-12-18,3231,5888647,-150000,-419000,5319647,42000,-461000
2019-12-18,3257,8000,0,0,8000,0,0
2019-12-18,3266,51000,0,1000,52000,1000,0
2019-12-18,3296,26000,0,3000,29000,3000,0
2019-12-18,3305,23000,0,0,23000,0,0
2019-12-18,3308,6000,0,0,6000,0,0
2019-12-18,3311,-3000,0,1000,-2000,1000,0
2019-12-18,3312,28000,0,1000,29000,1000,0
2019-12-18,3321,34000,0,-58482,-24482,-58482,0
2019-12-18,3338,-287000,96000,-18000,-209000,54000,-72000
2019-12-18,3346,30000,0,0,30000,0,0
2019-12-18,3356,4000,0,1000,5000,1000,0
2019-12-18,3376,-377000,-216000,14000,-579000,19000,-5000
2019-12-18,3380,119000,0,-16297,102703,703,-17000
2019-12-18,3406,1104566,-54096,269000,1319470,148000,121000
2019-12-18,3413,-738000,-215000,-59000,-1012000,12000,-71000
2019-12-18,3416,15000,0,-4000,11000,-4000,0
2019-12-18,3419,36000,0,1000,37000,1000,0
2019-12-18,3432,9000,0,0,9000,0,0
2019-12-18,3437,-41860,0,0,-41860,0,0
2019-12-18,3443,-408000,1000,-58000,-465000,-18000,-40000
2019-12-18,3450,223000,0,0,223000,0,0
2019-12-18,3454,36000,0,-1000,35000,-1000,0
2019-12-18,3481,578498,8253000,5322000,14153498,131000,5191000
2019-12-18,3494,12000,0,1000,13000,1000,0
2019-12-18,3501,7000,0,0,7000,0,0
2019-12-18,3504,180000,0,15000,195000,2000,13000
2019-12-18,3515,23000,0,0,23000,0,0
2019-12-18,3518,26000,0,0,26000,0,0
2019-12-18,3528,11000,0,0,11000,0,0
2019-12-18,3530,-124000,0,125000,1000,2000,123000
2019-12-18,3532,10000,-99000,-38000,-127000,1000,-39000
2019-12-18,3533,-120000,18000,-6000,-108000,-13000,7000
2019-12-18,3535,-61000,0,0,-61000,0,0
2019-12-18,3545,-143193,0,-1000,-144193,-1000,0
2019-12-18,3550,13000,0,0,13000,0,0
2019-12-18,3557,-61000,0,0,-61000,0,0
2019-12-18,3563,-94000,-29000,-4000,-127000,-1000,-3000
2019-12-18,3576,962000,0,3000,965000,3000,0
2019-12-18,3583,-257000,0,0,-257000,0,0
2019-12-18,3588,-107000,0,0,-107000,0,0
2019-12-18,3591,18000,0,-6000,12000,-6000,0
2019-12-18,3593,2000,0,1000,3000,1000,0
2019-12-18,3596,3000,-144239,14000,-127239,20000,-6000
2019-12-18,3605,201000,0,0,201000,0,0
2019-12-18,3607,105000,0,0,105000,0,0
2019-12-18,3617,47489,0,0,47489,0,0
2019-12-18,3622,46000,0,0,46000,0,0
2019-12-18,3645,149369,0,0,149369,0,0
2019-12-18,3653,59148,-74000,-41000,-55852,15000,-56000
2019-12-18,3661,-581000,12000,-10000,-579000,-12000,2000
2019-12-18,3665,-240000,0,-76000,-316000,0,-76000
2019-12-18,3669,2000,0,0,2000,0,0
2019-12-18,3673,-393000,0,240000,-153000,-22000,262000
2019-12-18,3679,9000,0,0,9000,0,0
2019-12-18,3682,550000,0,7000,557000,7000,0
2019-12-18,3694,25690,0,-2000,23690,-2000,0
2019-12-18,3698,-495757,0,-71000,-566757,-71000,0
2019-12-18,3701,3000,0,0,3000,0,0
2019-12-18,3702,1127767,297000,-14000,1410767,74000,-88000
2019-12-18,3703,-325046,0,0,-325046,0,0
2019-12-18,3704,1186000,0,208000,1394000,1000,207000
2019-12-18,3705,47000,0,0,47000,0,0
2019-12-18,3706,1747000,375000,1000,2123000,1000,0
2019-12-18,3708,284000,0,15000,299000,0,15000
2019-12-18,3711,1973000,-51000,24000,1946000,27000,-3000
2019-12-18,3712,101000,0,0,101000,0,0
2019-12-18,4104,-6000,0,-30000,-36000,-30000,0
2019-12-18,4106,16000,0,0,16000,0,0
2019-12-18,4108,27000,0,1000,28000,1000,0
2019-12-18,4119,11000,0,-8000,3000,0,-8000
2019-12-18,4133,10000,0,0,10000,0,0
2019-12-18,4137,-19000,-14000,15000,-18000,14000,1000
2019-12-18,4141,7000,0,1000,8000,1000,0
2019-12-18,4142,-105000,0,1000,-104000,1000,0
2019-12-18,4144,28000,0,0,28000,0,0
2019-12-18,4148,11000,0,0,11000,0,0
2019-12-18,4155,-19000,0,0,-19000,0,0
2019-12-18,4164,-209000,0,2000,-207000,2000,0
2019-12-18,4190,-11000,357000,20000,366000,14000,6000
2019-12-18,4306,121000,0,0,121000,0,0
2019-12-18,4414,248532,0,1000,249532,1000,0
2019-12-18,4426,150000,0,13000,163000,-2000,15000
2019-12-18,4438,55578,0,-1000,54578,0,-1000
2019-12-18,4439,1000,0,1000,2000,1000,0
2019-12-18,4526,45000,0,0,45000,0,0
2019-12-18,4532,168000,0,0,168000,0,0
2019-12-18,4536,-48000,0,12000,-36000,12000,0
2019-12-18,4540,101000,0,0,101000,0,0
2019-12-18,4545,12000,0,1000,13000,1000,0
2019-12-18,4551,30000,-100000,15000,-55000,25000,-10000
2019-12-18,4552,-1000,0,0,-1000,0,0
2019-12-18,4555,11000,0,0,11000,0,0
2019-12-18,4557,5000,0,0,5000,0,0
2019-12-18,4560,65000,0,0,65000,0,0
2019-12-18,4562,10000,0,0,10000,0,0
2019-12-18,4564,206000,-272000,5000,-61000,0,5000
2019-12-18,4566,36000,0,0,36000,0,0
2019-12-18,4571,7000,0,0,7000,0,0
2019-12-18,4572,16000,0,0,16000,0,0
2019-12-18,4576,37000,0,1000,38000,1000,0
2019-12-18,4720,17000,0,-1000,16000,-1000,0
2019-12-18,4722,3000,0,0,3000,0,0
2019-12-18,4725,11000,0,-1000,10000,-1000,0
2019-12-18,4737,7000,0,0,7000,0,0
2019-12-18,4739,69037,0,0,69037,0,0
2019-12-18,4746,-56000,0,10000,-46000,10000,0
2019-12-18,4755,18000,0,0,18000,0,0
2019-12-18,4763,28000,10000,0,38000,0,0
2019-12-18,4764,8000,0,0,8000,0,0
2019-12-18,4766,21000,0,2000,23000,1000,1000
2019-12-18,4904,-297338,24000,4000,-269338,4000,0
2019-12-18,4906,-25000,0,-216000,-241000,0,-216000
2019-12-18,4912,8000,0,0,8000,0,0
2019-12-18,4915,147412,-281000,-2000,-135588,1000,-3000
2019-12-18,4916,17000,0,-20000,-3000,-20000,0
2019-12-18,4919,113000,0,-11000,102000,-35000,24000
2019-12-18,4927,457143,50000,727000,1234143,100000,627000
2019-12-18,4930,16000,0,1000,17000,1000,0
2019-12-18,4934,-129000,0,0,-129000,0,0
2019-12-18,4935,-418000,692000,154000,428000,0,154000
2019-12-18,4938,4716119,232000,629000,5577119,10000,619000
2019-12-18,4942,-55000,0,0,-55000,0,0
2019-12-18,4943,-209353,-329000,-131000,-669353,0,-131000
2019-12-18,4952,30000,0,1000,31000,1000,0
2019-12-18,4956,57000,0,1000,58000,1000,0
2019-12-18,4958,-1174093,450000,-100000,-824093,-131000,31000
2019-12-18,4960,-53000,0,-895000,-948000,-860000,-35000
2019-12-18,4961,-103000,0,-10000,-113000,0,-10000
2019-12-18,4967,25000,0,0,25000,0,0
2019-12-18,4968,59000,-417000,13000,-345000,13000,0
2019-12-18,4976,-4590,0,1000,-3590,1000,0
2019-12-18,4977,-20000,0,-1000,-21000,-1000,0
2019-12-18,4989,34000,0,16000,50000,16000,0
2019-12-18,4994,2000,0,-1000,1000,1000,-2000
2019-12-18,4999,11000,0,0,11000,0,0
2019-12-18,5007,69000,0,0,69000,0,0
2019-12-18,5203,-351000,0,-15000,-366000,-3000,-12000
2019-12-18,5215,-22000,120000,0,98000,0,0
2019-12-18,5225,120000,0,0,120000,0,0
2019-12-18,5234,33000,0,13000,46000,5000,8000
2019-12-18,5243,-111000,0,0,-111000,0,0
2019-12-18,5258,7000,0,1000,8000,1000,0
2019-12-18,5264,309000,0,-72000,237000,1000,-73000
2019-12-18,5269,25000,8000,5000,38000,-1000,6000
2019-12-18,5283,17000,0,1000,18000,1000,0
2019-12-18,5284,7000,0,0,7000,0,0
2019-12-18,5285,34000,0,0,34000,0,0
2019-12-18,5288,45000,0,0,45000,0,0
2019-12-18,5305,90000,0,1000,91000,2000,-1000
2019-12-18,5388,58000,0,-5000,53000,31000,-36000
2019-12-18,5434,-49055,3000,2000,-44055,-1000,3000
2019-12-18,5469,-209000,-473000,-77000,-759000,0,-77000
2019-12-18,5471,35000,0,0,35000,0,0
2019-12-18,5484,3000,0,0,3000,0,0
2019-12-18,5515,-7000,0,0,-7000,0,0
2019-12-18,5519,-110000,0,0,-110000,0,0
2019-12-18,5521,517211,0,0,517211,0,0
2019-12-18,5522,672000,507000,-90000,1089000,-90000,0
2019-12-18,5525,49000,0,0,49000,0,0
2019-12-18,5531,356000,0,0,356000,0,0
2019-12-18,5533,19000,0,0,19000,0,0
2019-12-18,5534,175000,23000,-47000,151000,-21000,-26000
2019-12-18,5607,-122000,0,1000,-121000,1000,0
2019-12-18,5608,14000,0,2000,16000,2000,0
2019-12-18,5706,9000,0,0,9000,0,0
2019-12-18,5871,-1161132,17000,-53000,-1197132,-53000,0
2019-12-18,5876,777404,41000,-169000,649404,-120000,-49000
2019-12-18,5880,8455463,132000,-12000,8575463,-12000,0
2019-12-18,5906,3000,0,0,3000,0,0
2019-12-18,5907,75000,0,0,75000,0,0
2019-12-18,6005,910000,3416000,0,4326000,0,0
2019-12-18,6024,29000,0,0,29000,0,0
2019-12-18,6108,17000,0,0,17000,0,0
2019-12-18,6112,51556,0,0,51556,0,0
2019-12-18,6115,20000,0,0,20000,0,0
2019-12-18,6116,1446000,0,310000,1756000,-475000,785000
2019-12-18,6117,4000,0,0,4000,0,0
2019-12-18,6120,307000,0,-2000,305000,0,-2000
2019-12-18,6128,25000,0,0,25000,0,0
2019-12-18,6133,2000,0,0,2000,0,0
2019-12-18,6136,24000,0,1000,25000,1000,0
2019-12-18,6139,41000,0,100000,141000,100000,0
2019-12-18,6141,125000,0,2000,127000,2000,0
2019-12-18,6142,12000,0,12000,24000,12000,0
2019-12-18,6152,-5000,0,0,-5000,0,0
2019-12-18,6153,-262000,0,-179000,-441000,-14000,-165000
2019-12-18,6155,133000,0,-1000,132000,-1000,0
2019-12-18,6164,5000,0,0,5000,0,0
2019-12-18,6165,10000,0,0,10000,0,0
2019-12-18,6166,74000,10000,0,84000,0,0
2019-12-18,6168,30000,0,1000,31000,1000,0
2019-12-18,6172,-29000,0,-3000,-32000,-3000,0
2019-12-18,6176,-1318,-83000,-144000,-228318,27000,-171000
2019-12-18,6177,-40000,0,0,-40000,0,0
2019-12-18,6183,16000,0,0,16000,0,0
2019-12-18,6184,24000,0,0,24000,0,0
2019-12-18,6189,22000,0,1000,23000,1000,0
2019-12-18,6191,222000,0,0,222000,1000,-1000
2019-12-18,6192,88000,0,1000,89000,0,1000
2019-12-18,6196,388000,-3000,48000,433000,41000,7000
2019-12-18,6197,-55000,0,1000,-54000,1000,0
2019-12-18,6201,14000,0,0,14000,0,0
2019-12-18,6202,127000,0,0,127000,0,0
2019-12-18,6205,9000,0,0,9000,0,0
2019-12-18,6206,-166000,0,0,-166000,0,0
2019-12-18,6209,198000,0,1000,199000,1000,0
2019-12-18,6213,-937709,-902000,-49000,-1888709,98000,-147000
2019-12-18,6214,-17000,0,-9000,-26000,-5000,-4000
2019-12-18,6215,13000,0,0,13000,0,0
2019-12-18,6216,5000,0,0,5000,0,0
2019-12-18,6224,3683,0,-1000,2683,-1000,0
2019-12-18,6226,77000,0,0,77000,0,0
2019-12-18,6230,532000,201000,-440000,293000,-7000,-433000
2019-12-18,6235,28000,0,0,28000,0,0
2019-12-18,6239,593133,-242000,-72000,279133,51000,-123000
2019-12-18,6243,2000,0,0,2000,0,0
2019-12-18,6251,-178000,0,0,-178000,0,0
2019-12-18,6257,-265000,-208000,-155000,-628000,-45000,-110000
2019-12-18,6269,71000,-48000,-235000,-212000,-104000,-131000
2019-12-18,6271,78000,118000,-111000,85000,-132000,21000
2019-12-18,6277,69000,0,-59000,10000,-59000,0
2019-12-18,6278,-2085000,415000,-318000,-1988000,-10000,-308000
2019-12-18,6281,13000,0,1000,14000,1000,0
2019-12-18,6282,480000,0,-6000,474000,-9000,3000
2019-12-18,6283,45000,0,2000,47000,2000,0
2019-12-18,6285,183000,142000,-52000,273000,25000,-77000
2019-12-18,6288,652000,0,1000,653000,1000,0
2019-12-18,6289,-2000,0,0,-2000,0,0
2019-12-18,6405,15000,0,0,15000,0,0
2019-12-18,6409,46000,-5000,0,41000,0,0
2019-12-18,6412,-21332,0,0,-21332,0,0
2019-12-18,6414,29000,-10000,-18000,1000,26000,-44000
2019-12-18,6415,-66300,-7000,-4000,-77300,1000,-5000
2019-12-18,6416,1000,0,0,1000,0,0
2019-12-18,6431,1000,0,0,1000,0,0
2019-12-18,6442,18000,0,0,18000,0,0
2019-12-18,6443,52000,0,1000,53000,1000,0
2019-12-18,6449,6000,0,0,6000,0,0
2019-12-18,6451,-304000,0,-77000,-381000,3000,-80000
2019-12-18,6452,-546538,0,-26564,-573102,-564,-26000
2019-12-18,6456,680000,0,38000,718000,1000,37000
2019-12-18,6464,19000,0,0,19000,0,0
2019-12-18,6477,37000,0,-1000,36000,-1000,0
2019-12-18,6491,14000,0,0,14000,0,0
2019-12-18,6504,10000,0,0,10000,0,0
2019-12-18,6505,32108,25000,-35000,22108,-35000,0
2019-12-18,6525,-15000,-10000,0,-25000,0,0
2019-12-18,6531,23257,0,0,23257,0,0
2019-12-18,6533,-144000,0,0,-144000,0,0
2019-12-18,6541,-48000,0,-37000,-85000,-37000,0
2019-12-18,6552,-19000,0,-3000,-22000,0,-3000
2019-12-18,6558,-134000,0,2000,-132000,2000,0
2019-12-18,6573,20000,0,1000,21000,1000,0
2019-12-18,6579,2000,0,0,2000,0,0
2019-12-18,6581,20000,0,0,20000,0,0
2019-12-18,6582,19000,0,7000,26000,7000,0
2019-12-18,6591,-40000,0,0,-40000,0,0
2019-12-18,6592,-17000,0,0,-17000,0,0
2019-12-18,6605,54000,0,0,54000,0,0
2019-12-18,6625,2000,0,0,2000,0,0
2019-12-18,6641,6000,0,0,6000,0,0
2019-12-18,6655,2000,0,0,2000,0,0
2019-12-18,6666,8000,0,0,8000,0,0
2019-12-18,6668,-69970,0,0,-69970,0,0
2019-12-18,6669,167948,-81000,10000,96948,-13000,23000
2019-12-18,6670,181000,0,18000,199000,6000,12000
2019-12-18,6671,1000,0,0,1000,0,0
2019-12-18,6672,126000,0,7000,133000,7000,0
2019-12-18,6674,3000,0,-1000,2000,-1000,0
2019-12-18,6698,71000,0,0,71000,0,0
2019-12-18,6715,-1000,0,0,-1000,0,0
2019-12-18,8011,42000,0,0,42000,0,0
2019-12-18,8016,-246502,-475000,31000,-690502,-10000,41000
2019-12-18,8021,-192000,0,0,-192000,0,0
2019-12-18,8028,-35139,0,25000,-10139,20000,5000
2019-12-18,8033,12000,0,1000,13000,1000,0
2019-12-18,8039,86000,0,17000,103000,14000,3000
2019-12-18,8046,-521000,-112000,104000,-529000,1000,103000
2019-12-18,8070,-1000,0,0,-1000,0,0
2019-12-18,8072,14000,0,1000,15000,1000,0
2019-12-18,8081,43000,0,-4000,39000,0,-4000
2019-12-18,8101,6000,0,0,6000,0,0
2019-12-18,8103,18000,0,0,18000,0,0
2019-12-18,8104,48000,0,1000,49000,1000,0
2019-12-18,8105,204000,0,1000,205000,1000,0
2019-12-18,8110,904000,0,-5000,899000,-5000,0
2019-12-18,8112,421000,0,-3000,418000,-3000,0
2019-12-18,8114,24000,-4000,-1000,19000,-1000,0
2019-12-18,8131,405000,0,65000,470000,65000,0
2019-12-18,8150,-3819,0,-780000,-783819,2000,-782000
2019-12-18,8163,1298000,0,55000,1353000,15000,40000
2019-12-18,8201,27000,0,0,27000,0,0
2019-12-18,8210,24000,0,-7000,17000,-1000,-6000
2019-12-18,8213,4000,0,0,4000,0,0
2019-12-18,8215,-249000,0,0,-249000,0,0
2019-12-18,8222,21000,0,0,21000,0,0
2019-12-18,8249,20000,0,1000,21000,1000,0
2019-12-18,8261,110000,0,1000,111000,1000,0
2019-12-18,8271,-129000,0,3000,-126000,3000,0
2019-12-18,8341,-164153,-6000,0,-170153,0,0
2019-12-18,8367,5000,0,0,5000,0,0
2019-12-18,8374,15000,0,0,15000,0,0
2019-12-18,8404,123000,0,0,123000,0,0
2019-12-18,8411,30000,0,0,30000,0,0
2019-12-18,8422,-7000,11000,1000,5000,1000,0
2019-12-18,8429,44000,0,0,44000,0,0
2019-12-18,8442,11680,0,-6000,5680,-6000,0
2019-12-18,8443,2000,0,0,2000,0,0
2019-12-18,8454,22000,0,0,22000,0,0
2019-12-18,8462,-57247,2000,0,-55247,0,0
2019-12-18,8463,9000,0,0,9000,0,0
2019-12-18,8464,185925,71000,0,256925,0,0
2019-12-18,8466,-18000,0,0,-18000,0,0
2019-12-18,8473,39102,0,0,39102,0,0
2019-12-18,8478,13000,0,1000,14000,1000,0
2019-12-18,8480,7000,0,0,7000,0,0
2019-12-18,8481,1000,0,0,1000,0,0
2019-12-18,8482,81000,0,0,81000,0,0
2019-12-18,8488,3000,0,0,3000,0,0
2019-12-18,8499,4000,-8000,3000,-1000,3000,0
2019-12-18,8926,131000,-52000,0,79000,0,0
2019-12-18,8940,1000,0,0,1000,0,0
2019-12-18,8996,35000,-40000,0,-5000,0,0
2019-12-18,9103,-1000,0,0,-1000,0,0
2019-12-18,910322,2000,0,0,2000,0,0
2019-12-18,9105,-49000,0,0,-49000,0,0
2019-12-18,910861,10000,0,0,10000,0,0
2019-12-18,911616,0,0,0,0,0,0
2019-12-18,911868,1000,0,0,1000,0,0
2019-12-18,9136,12000,0,0,12000,0,0
2019-12-18,9802,-29000,-3000,-1000,-33000,0,-1000
2019-12-18,9902,154000,0,0,154000,0,0
2019-12-18,9904,-368556,181000,-159000,-346556,32000,-191000
2019-12-18,9905,36000,0,0,36000,0,0
2019-12-18,9906,14000,0,0,14000,0,0
2019-12-18,9907,346000,0,1000,347000,1000,0
2019-12-18,9908,79000,0,1000,80000,1000,0
2019-12-18,9910,257391,6000,12000,275391,12000,0
2019-12-18,9911,145000,-14000,-12000,119000,-12000,0
2019-12-18,9912,6000,0,0,6000,0,0
2019-12-18,9914,231658,-113000,36000,154658,46000,-10000
2019-12-18,9917,49000,0,9000,58000,9000,0
2019-12-18,9918,5000,0,15000,20000,15000,0
2019-12-18,9919,15000,0,0,15000,0,0
2019-12-18,9921,145967,-24000,-5000,116967,0,-5000
2019-12-18,9924,40000,0,0,40000,0,0
2019-12-18,9925,57000,0,0,57000,0,0
2019-12-18,9926,2000,0,0,2000,0,0
2019-12-18,9927,68000,0,0,68000,0,0
2019-12-18,9929,-2000,0,0,-2000,0,0
2019-12-18,9930,38000,0,0,38000,0,0
2019-12-18,9931,15000,0,0,15000,0,0
2019-12-18,9933,-510000,-100000,0,-610000,0,0
2019-12-18,9934,-178000,0,2000,-176000,2000,0
2019-12-18,9935,-271289,0,0,-271289,0,0
2019-12-18,9937,31000,0,0,31000,0,0
2019-12-18,9938,320000,206000,570000,1096000,6000,564000
2019-12-18,9939,35117,-82000,-202000,-248883,-152000,-50000
2019-12-18,9940,148000,0,0,148000,0,0
2019-12-18,9941,83351,-23000,0,60351,0,0
2019-12-18,9941A,0,0,3000,3000,3000,0
2019-12-18,9942,-14000,0,0,-14000,0,0
2019-12-18,9943,27000,0,0,27000,0,0
2019-12-18,9944,12000,0,0,12000,0,0
2019-12-18,9945,-699918,-1400000,-90000,-2189918,26000,-116000
2019-12-18,9946,-86000,0,0,-86000,0,0
2019-12-18,9955,49000,0,1000,50000,1000,0
2019-12-18,9958,444000,0,73000,517000,-15000,88000
