date,stock_id,foreign,trust,dealer,total,dealer_self,dealer_hedge
2021-10-27,0050,4120268,37000,997702,5154970,346511,651191
2021-10-27,0051,1850,0,10303,12153,0,10303
2021-10-27,0052,31500,0,45270,76770,0,45270
2021-10-27,0053,1000,0,-1097,-97,0,-1097
2021-10-27,0054,0,0,-1000,-1000,0,-1000
2021-10-27,0055,-6000,0,-37000,-43000,0,-37000
2021-10-27,0056,-677960,100000,-14519382,-15097342,-20000,-14499382
2021-10-27,0057,1000,0,-3000,-2000,0,-3000
2021-10-27,0061,-20000,0,5003,-14997,0,5003
2021-10-27,006203,4000,0,4000,8000,0,4000
2021-10-27,006204,60,0,32000,32060,0,32000
2021-10-27,006205,49200,0,-10088,39112,0,-10088
2021-10-27,006206,33000,0,-69679,-36679,-90000,20321
2021-10-27,006207,-9000,0,-7823,-16823,0,-7823
2021-10-27,006208,-52935,0,1784,-51151,0,1784
2021-10-27,00631L,378910,0,-401526,-22616,85000,-486526
2021-10-27,00632R,1401000,0,-19231280,-17830280,-26625000,7393720
2021-10-27,00633L,-2582000,0,-1032876,-3614876,0,-1032876
2021-10-27,00634R,594000,0,427000,1021000,0,427000
2021-10-27,00635U,-33000,0,-209000,-242000,0,-209000
2021-10-27,00636,-39000,0,34392,-4608,-10000,44392
2021-10-27,00636K,0,0,0,0,0,0
2021-10-27,00637L,-13158000,0,-23036369,-36194369,100000,-23136369
2021-10-27,00638R,0,0,55000,55000,0,55000
2021-10-27,00639,-60000,0,385786,325786,0,385786
2021-10-27,00640L,0,0,21000,21000,0,21000
2021-10-27,00641R,0,0,322000,322000,0,322000
2021-10-27,00642U,663000,0,1968993,2631993,0,1968993
2021-10-27,00643,123000,0,-119164,3836,0,-119164
2021-10-27,00645,0,0,-2181,-2181,0,-2181
2021-10-27,00646,156000,0,196000,352000,-1000,197000
2021-10-27,00647L,1000,0,89000,90000,0,89000
2021-10-27,00648R,73000,0,-444000,-371000,0,-444000
2021-10-27,00650L,-545000,0,-348000,-893000,0,-348000
2021-10-27,00651R,30000,0,181000,211000,0,181000
2021-10-27,00652,39000,0,-62887,-23887,0,-62887
2021-10-27,00653L,-85000,0,-293000,-378000,0,-293000
2021-10-27,00654R,0,0,-35000,-35000,0,-35000
2021-10-27,00655L,-133000,0,-1704033,-1837033,0,-1704033
2021-10-27,00656R,0,0,101000,101000,0,101000
2021-10-27,00657,0,0,1486,1486,0,1486
2021-10-27,00657K,0,0,0,0,0,0
2021-10-27,00660,0,0,7000,7000,0,7000
2021-10-27,00661,0,0,496,496,0,496
2021-10-27,00662,-1000,0,23998,22998,0,23998
2021-10-27,00663L,0,0,-4000,-4000,0,-4000
2021-10-27,00664R,0,0,210000,210000,0,210000
2021-10-27,00665L,-174000,0,-42940,-216940,0,-42940
2021-10-27,00666R,0,0,6000,6000,0,6000
2021-10-27,00668,2000,0,8024,10024,0,8024
2021-10-27,00668K,0,0,0,0,0,0
2021-10-27,00669R,0,0,-1408000,-1408000,0,-1408000
2021-10-27,00670L,70000,0,333000,403000,0,333000
2021-10-27,00671R,0,0,1193000,1193000,0,1193000
2021-10-27,00673R,200000,0,-717000,-517000,0,-717000
2021-10-27,00674R,0,0,26000,26000,0,26000
2021-10-27,00675L,27000,0,95028,122028,0,95028
2021-10-27,00676R,0,0,-743000,-743000,0,-743000
2021-10-27,00678,-1000,0,10910,9910,0,10910
2021-10-27,00680L,-14000,0,90000,76000,0,90000
2021-10-27,00681R,-40000,0,-12000,-52000,200000,-212000
2021-10-27,00682U,1000,0,11000,12000,0,11000
2021-10-27,00683L,21000,0,170000,191000,30000,140000
2021-10-27,00684R,0,0,2000,2000,0,2000
2021-10-27,00685L,0,0,0,0,0,0
2021-10-27,00686R,0,0,-7000,-7000,0,-7000
2021-10-27,00688L,3000,0,22000,25000,0,22000
2021-10-27,00689R,0,0,-71000,-71000,200000,-271000
2021-10-27,00690,1000,0,-1510,-510,0,-1510
2021-10-27,00692,-10000,0,130597,120597,0,130597
2021-10-27,00693U,-89000,0,-118240,-207240,0,-118240
2021-10-27,00700,-21000,0,6335,-14665,0,6335
2021-10-27,00701,-169000,0,287695,118695,0,287695
2021-10-27,00702,0,0,2000,2000,0,2000
2021-10-27,00703,0,0,-25000,-25000,0,-25000
2021-10-27,00706L,0,0,-4000,-4000,0,-4000
2021-10-27,00707R,0,0,0,0,0,0
2021-10-27,00708L,-62000,0,125000,63000,0,125000
2021-10-27,00709,0,0,1000,1000,0,1000
2021-10-27,00710B,-88000,0,-3000,-91000,0,-3000
2021-10-27,00711B,0,0,4000,4000,0,4000
2021-10-27,00712,-76000,0,-141082,-217082,0,-141082
2021-10-27,00713,-3000,0,-36000,-39000,0,-36000
2021-10-27,00714,99000,0,-119000,-20000,0,-119000
2021-10-27,00715L,-673000,0,1555000,882000,0,1555000
2021-10-27,00717,-4000,0,97000,93000,0,97000
2021-10-27,00728,-2000,0,46452,44452,0,46452
2021-10-27,00730,40000,0,-28000,12000,0,-28000
2021-10-27,00731,0,0,-5000,-5000,0,-5000
2021-10-27,00732,0,0,0,0,0,0
2021-10-27,00733,310000,0,-120492,189508,0,-120492
2021-10-27,00735,0,0,1000,1000,0,1000
2021-10-27,00736,-51000,0,51000,0,0,51000
2021-10-27,00737,-1000,0,-3662,-4662,0,-3662
2021-10-27,00738U,-22000,0,-55528,-77528,0,-55528
2021-10-27,00739,-24000,0,7127,-16873,0,7127
2021-10-27,00742,1000,0,-3000,-2000,0,-3000
2021-10-27,00743,-3000,0,253,-2747,0,253
2021-10-27,00752,-659000,0,-88965,-747965,0,-88965
2021-10-27,00753L,-339000,0,-128396,-467396,0,-128396
2021-10-27,00757,-117000,0,-584000,-701000,280000,-864000
2021-10-27,00762,0,0,18001,18001,0,18001
2021-10-27,00763U,1000,0,0,1000,0,0
2021-10-27,00770,0,0,10024,10024,0,10024
2021-10-27,00774B,0,0,0,0,0,0
2021-10-27,00775B,1000,0,0,1000,0,0
2021-10-27,00783,0,0,-12000,-12000,0,-12000
2021-10-27,008201,0,0,400,400,0,400
2021-10-27,00830,5000,0,87000,92000,0,87000
2021-10-27,00850,0,0,-251127,-251127,0,-251127
2021-10-27,00851,0,0,3000,3000,0,3000
2021-10-27,00852L,21000,0,500000,521000,0,500000
2021-10-27,00861,-81000,0,269340,188340,0,269340
2021-10-27,00865B,0,0,0,0,0,0
2021-10-27,00875,11000,0,81999,92999,0,81999
2021-10-27,00876,-148000,0,213299,65299,0,213299
2021-10-27,00878,-147000,0,-1110819,-1257819,0,-1110819
2021-10-27,00881,2710700,0,9036814,11747514,0,9036814
2021-10-27,00882,-3393800,0,-7373938,-10767738,0,-7373938
2021-10-27,00885,358000,0,418096,776096,0,418096
2021-10-27,00891,375000,0,5570895,5945895,0,5570895
2021-10-27,00892,-29000,0,6245284,6216284,0,6245284
2021-10-27,00893,-956000,0,3807835,2851835,1900000,1907835
2021-10-27,00894,-4000,0,2542377,2538377,0,2542377
2021-10-27,00895,-1385160,0,-636000,-2021160,0,-636000
2021-10-27,00896,0,0,320360,320360,0,320360
2021-10-27,00897,-208000,0,-4000,-212000,0,-4000
2021-10-27,01001T,2100,0,0,2100,0,0
2021-10-27,01002T,5256,0,0,5256,0,0
2021-10-27,01003T,419,0,0,419,0,0
2021-10-27,01004T,2622,0,0,2622,0,0
2021-10-27,01007T,2406,0,0,2406,0,0
2021-10-27,020008,0,0,0,0,0,0
2021-10-27,020011,0,0,3000,3000,0,3000
2021-10-27,020012,0,0,41000,41000,0,41000
2021-10-27,020016,0,0,3000,3000,0,3000
2021-10-27,020018,0,0,-47000,-47000,0,-47000
2021-10-27,020019,0,0,83000,83000,0,83000
2021-10-27,02001R,0,0,32000,32000,0,32000
2021-10-27,020020,0,0,74000,74000,0,74000
2021-10-27,020022,0,0,196000,196000,0,196000
2021-10-27,020028,0,0,-782000,-782000,0,-782000
2021-10-27,1101,-3698944,0,375973,-3322971,18973,357000
2021-10-27,1101B,0,-1000,-5000,-6000,-5000,0
2021-10-27,1102,-2689751,0,-30333,-2720084,-391000,360667
2021-10-27,1103,-242000,0,3000,-239000,3000,0
2021-10-27,1104,-44000,0,3000,-41000,3000,0
2021-10-27,1108,26000,0,0,26000,0,0
2021-10-27,1109,-162000,0,2000,-160000,2000,0
2021-10-27,1110,-155000,0,0,-155000,0,0
2021-10-27,1201,-22000,0,-9000,-31000,3000,-12000
2021-10-27,1203,-1000,0,0,-1000,0,0
2021-10-27,1210,-77051,0,2764,-74287,2764,0
2021-10-27,1215,-162000,0,12000,-150000,12000,0
2021-10-27,1216,-3180936,-296000,28674,-3448262,27674,1000
2021-10-27,1217,-8000,0,0,-8000,0,0
2021-10-27,1218,-50000,0,-1000,-51000,-1000,0
2021-10-27,1219,-13000,0,-201,-13201,-201,0
2021-10-27,1220,-10000,0,1000,-9000,1000,0
2021-10-27,1225,108000,0,0,108000,0,0
2021-10-27,1227,-96000,0,6000,-90000,6000,0
2021-10-27,1229,-391000,0,9000,-382000,9000,0
2021-10-27,1231,-50000,0,-453,-50453,-453,0
2021-10-27,1232,-4530,0,1000,-3530,1000,0
2021-10-27,1233,10000,0,0,10000,0,0
2021-10-27,1234,-15000,0,0,-15000,0,0
2021-10-27,1235,3000,0,0,3000,0,0
2021-10-27,1236,1000,0,0,1000,0,0
2021-10-27,1256,6000,0,0,6000,0,0
2021-10-27,1301,1084309,-565000,-30676,488633,-55102,24426
2021-10-27,1303,-1663336,-1440000,-232486,-3335822,27000,-259486
2021-10-27,1304,2469000,-246000,-2395,2220605,7846,-10241
2021-10-27,1305,-602000,0,-55574,-657574,-45474,-10100
2021-10-27,1307,-22000,0,1000,-21000,1000,0
2021-10-27,1308,2036040,-1617000,-93450,325590,-67450,-26000
2021-10-27,1309,-43100,0,1000,-42100,2000,-1000
2021-10-27,1310,-1020000,0,-13440,-1033440,2850,-16290
2021-10-27,1312,-2034000,0,41026,-1992974,6000,35026
2021-10-27,1312A,0,0,1000,1000,1000,0
2021-10-27,1313,-1168001,0,-19502,-1187503,6330,-25832
2021-10-27,1314,-1006000,0,-110000,-1116000,13000,-123000
2021-10-27,1315,-3000,0,0,-3000,0,0
2021-10-27,1316,969000,0,-5000,964000,-5000,0
2021-10-27,1319,-147000,0,5000,-142000,6000,-1000
2021-10-27,1321,-59000,0,2000,-57000,2000,0
2021-10-27,1323,26000,0,0,26000,0,0
2021-10-27,1324,2000,0,-1000,1000,-1000,0
2021-10-27,1325,-165000,0,-1000,-166000,-1000,0
2021-10-27,1326,-2133268,0,35956,-2097312,25956,10000
2021-10-27,1337,-34000,0,-2208,-36208,-2208,0
2021-10-27,1338,-16000,0,0,-16000,0,0
2021-10-27,1339,6000,0,0,6000,0,0
2021-10-27,1340,2150,0,-152,1998,-152,0
2021-10-27,1342,1000,0,0,1000,0,0
2021-10-27,1402,-566232,0,73950,-492282,67950,6000
2021-10-27,1409,-338000,0,9000,-329000,10000,-1000
2021-10-27,1413,-6000,0,0,-6000,0,0
2021-10-27,1414,271000,0,0,271000,0,0
2021-10-27,1416,-12000,0,1000,-11000,1000,0
2021-10-27,1417,-30000,0,1000,-29000,1000,0
2021-10-27,1419,-3000,0,-8000,-11000,-8000,0
2021-10-27,1423,-13000,0,0,-13000,0,0
2021-10-27,1434,-304684,0,362000,57316,-1000,363000
2021-10-27,1435,2000,0,0,2000,0,0
2021-10-27,1436,-2000,0,0,-2000,0,0
2021-10-27,1437,-10000,0,0,-10000,0,0
2021-10-27,1438,-3000,0,0,-3000,0,0
2021-10-27,1439,2000,0,1000,3000,1000,0
2021-10-27,1440,170000,0,-101579,68421,-10579,-91000
2021-10-27,1441,-32000,0,2000,-30000,2000,0
2021-10-27,1442,179200,0,-4000,175200,0,-4000
2021-10-27,1443,-2000,0,0,-2000,0,0
2021-10-27,1444,1000000,0,23005,1023005,7005,16000
2021-10-27,1445,0,0,0,0,0,0
2021-10-27,1446,1000,0,0,1000,0,0
2021-10-27,1447,238000,0,990,238990,1000,-10
2021-10-27,1449,-15000,0,-6000,-21000,-6000,0
2021-10-27,1451,28000,0,41000,69000,41000,0
2021-10-27,1452,31000,0,0,31000,0,0
2021-10-27,1453,-1000,0,0,-1000,0,0
2021-10-27,1454,-28000,0,0,-28000,0,0
2021-10-27,1455,-171000,0,-248000,-419000,-248000,0
2021-10-27,1456,-66000,0,0,-66000,0,0
2021-10-27,1457,-46000,0,0,-46000,0,0
2021-10-27,1459,-18000,0,0,-18000,0,0
2021-10-27,1460,-310000,0,0,-310000,0,0
2021-10-27,1463,-1000,0,0,-1000,0,0
2021-10-27,1464,10000,0,0,10000,0,0
2021-10-27,1465,-2000,0,0,-2000,0,0
2021-10-27,1466,2000,0,0,2000,0,0
2021-10-27,1467,471000,0,0,471000,0,0
2021-10-27,1468,-3000,0,0,-3000,0,0
2021-10-27,1471,-15000,0,0,-15000,0,0
2021-10-27,1473,2000,0,-1000,1000,-1000,0
2021-10-27,1474,-174000,0,0,-174000,0,0
2021-10-27,1475,-2000,0,0,-2000,0,0
2021-10-27,1476,-73821,8000,-1388,-67209,-1426,38
2021-10-27,1477,-212997,28000,-18000,-202997,-17000,-1000
2021-10-27,1503,-16000,0,24000,8000,24000,0
2021-10-27,1504,-123504,0,10000,-113504,10000,0
2021-10-27,1506,18000,0,-1000,17000,-1000,0
2021-10-27,1507,16000,0,2000,18000,2000,0
2021-10-27,1513,-937000,0,11000,-926000,3000,8000
2021-10-27,1514,26800,0,538,27338,538,0
2021-10-27,1515,41000,0,0,41000,1000,-1000
2021-10-27,1517,185000,0,1000,186000,1000,0
2021-10-27,1519,-122000,0,1243,-120757,1243,0
2021-10-27,1521,-1000,0,0,-1000,0,0
2021-10-27,1522,10000,0,1000,11000,1000,0
2021-10-27,1524,-1000,0,0,-1000,0,0
2021-10-27,1525,0,0,0,0,0,0
2021-10-27,1526,-15000,0,0,-15000,0,0
2021-10-27,1527,17000,0,-1000,16000,-1000,0
2021-10-27,1528,-2000,0,74356,72356,74356,0
2021-10-27,1529,-4000,0,0,-4000,0,0
2021-10-27,1531,-41000,0,-1000,-42000,-1000,0
2021-10-27,1532,10000,0,2000,12000,2000,0
2021-10-27,1533,-69000,0,0,-69000,0,0
2021-10-27,1535,-10000,0,0,-10000,0,0
2021-10-27,1536,-122000,0,1924,-120076,-1076,3000
2021-10-27,1537,14000,0,0,14000,0,0
2021-10-27,1539,-16000,0,0,-16000,0,0
2021-10-27,1540,13000,0,-1000,12000,-1000,0
2021-10-27,1558,-13000,0,0,-13000,0,0
2021-10-27,1560,-389000,0,-1000,-390000,39000,-40000
2021-10-27,1568,60000,0,-1000,59000,-1000,0
2021-10-27,1582,-6000,0,-2000,-8000,-2000,0
2021-10-27,1583,0,0,-2000,-2000,-2000,0
2021-10-27,1587,-19937,0,0,-19937,0,0
2021-10-27,1589,-16000,0,1000,-15000,1000,0
2021-10-27,1590,424127,-1000,2252,425379,1000,1252
2021-10-27,1597,27000,0,0,27000,0,0
2021-10-27,1598,-67000,0,2000,-65000,2000,0
2021-10-27,1603,-15000,0,-1000,-16000,-1000,0
2021-10-27,1604,-413000,0,-16853,-429853,2147,-19000
2021-10-27,1605,759914,0,-55172,704742,14828,-70000
2021-10-27,1608,-96000,0,3601,-92399,3601,0
2021-10-27,1609,-1227000,0,-44280,-1271280,-279,-44001
2021-10-27,1611,-45000,0,4000,-41000,4000,0
2021-10-27,1612,433000,0,4000,437000,0,4000
2021-10-27,1614,-3000,0,-1000,-4000,-1000,0
2021-10-27,1615,-5000,0,0,-5000,0,0
2021-10-27,1616,14000,0,0,14000,0,0
2021-10-27,1617,1000,0,0,1000,0,0
2021-10-27,1618,83000,0,0,83000,0,0
2021-10-27,1626,5000,0,0,5000,0,0
2021-10-27,1701,-37000,0,1000,-36000,1000,0
2021-10-27,1702,-318000,0,1819,-316181,1000,819
2021-10-27,1707,-10033,0,1000,-9033,1000,0
2021-10-27,1708,-27910,0,-2640,-30550,2360,-5000
2021-10-27,1709,-399000,0,-1000,-400000,0,-1000
2021-10-27,1710,-604000,0,-197491,-801491,-314748,117257
2021-10-27,1711,9408000,0,746433,10154433,433,746000
2021-10-27,1712,-168000,0,7369,-160631,7369,0
2021-10-27,1713,-20000,0,0,-20000,0,0
2021-10-27,1714,-841000,0,-96000,-937000,0,-96000
2021-10-27,1717,-610610,50000,14442,-546168,14442,0
2021-10-27,1718,-3471232,0,157290,-3313942,118290,39000
2021-10-27,1720,-7000,0,2000,-5000,2000,0
2021-10-27,1721,243000,0,0,243000,0,0
2021-10-27,1722,-367000,0,4526,-362474,12526,-8000
2021-10-27,1723,-56000,0,26000,-30000,26000,0
2021-10-27,1725,41000,0,-1000,40000,-1000,0
2021-10-27,1726,-12000,0,0,-12000,0,0
2021-10-27,1727,2292000,0,-580,2291420,0,-580
2021-10-27,1730,-6000,0,0,-6000,0,0
2021-10-27,1731,31000,0,0,31000,0,0
2021-10-27,1732,-16000,0,0,-16000,0,0
2021-10-27,1733,1000,0,0,1000,0,0
2021-10-27,1734,-23948,0,0,-23948,0,0
2021-10-27,1736,-126000,0,3000,-123000,3000,0
2021-10-27,1737,-180000,0,0,-180000,0,0
2021-10-27,1760,83000,0,0,83000,0,0
2021-10-27,1762,-231000,-150000,1000,-380000,1000,0
2021-10-27,1773,-23000,0,0,-23000,0,0
2021-10-27,1776,55000,0,0,55000,0,0
2021-10-27,1783,57000,0,1000,58000,1000,0
2021-10-27,1786,1000,0,1000,2000,1000,0
2021-10-27,1789,14000,0,5000,19000,5000,0
2021-10-27,1795,-171000,40000,-15527,-146527,0,-15527
2021-10-27,1802,-209368,0,-6589,-215957,17411,-24000
2021-10-27,1806,-104000,0,-1000,-105000,-1000,0
2021-10-27,1808,8000,0,3000,11000,3000,0
2021-10-27,1809,293000,0,-1000,292000,-1000,0
2021-10-27,1810,-390000,0,1000,-389000,1000,0
2021-10-27,1817,-11000,0,-3,-11003,0,-3
2021-10-27,1903,44000,0,0,44000,0,0
2021-10-27,1904,-2039000,0,31981,-2007019,31981,0
2021-10-27,1905,-481000,0,-11707,-492707,-707,-11000
2021-10-27,1906,-43000,0,1000,-42000,1000,0
2021-10-27,1907,-151000,0,6013,-144987,11317,-5304
2021-10-27,1909,742000,-524000,-10067,207933,-4048,-6019
2021-10-27,2002,5643521,2676000,-879000,7440521,-458000,-421000
2021-10-27,2002A,0,0,-5000,-5000,-5000,0
2021-10-27,2006,-329000,0,10000,-319000,13000,-3000
2021-10-27,2007,-506000,0,25000,-481000,1000,24000
2021-10-27,2008,-28000,0,-1000,-29000,-1000,0
2021-10-27,2009,-66000,0,3711,-62289,711,3000
2021-10-27,2010,76000,0,5000,81000,5000,0
2021-10-27,2012,-81000,0,14000,-67000,14000,0
2021-10-27,2013,754000,0,2000,756000,2000,0
2021-10-27,2014,-515677,0,21800,-493877,11000,10800
2021-10-27,2015,-39000,0,9900,-29100,10000,-100
2021-10-27,2017,19000,0,3990,22990,3990,0
2021-10-27,2020,-84000,0,1000,-83000,1000,0
2021-10-27,2022,1005000,0,0,1005000,0,0
2021-10-27,2023,621000,0,-123895,497105,0,-123895
2021-10-27,2024,-20000,0,0,-20000,0,0
2021-10-27,2025,21000,0,0,21000,0,0
2021-10-27,2027,-3542630,0,796993,-2745637,149993,647000
2021-10-27,2028,34000,0,-6000,28000,0,-6000
2021-10-27,2029,-158556,0,1902,-156654,2902,-1000
2021-10-27,2030,-35000,0,2050,-32950,2050,0
2021-10-27,2031,-92000,0,23000,-69000,15000,8000
2021-10-27,2032,78000,0,1000,79000,1000,0
2021-10-27,2033,-80000,0,2000,-78000,2000,0
2021-10-27,2034,-194000,0,-51493,-245493,715,-52208
2021-10-27,2038,-74000,0,-15000,-89000,0,-15000
2021-10-27,2049,-46953,0,9920,-37033,2000,7920
2021-10-27,2059,63691,0,17410,81101,24000,-6590
2021-10-27,2062,-36000,0,287000,251000,287000,0
2021-10-27,2069,-77000,0,1000,-76000,1000,0
2021-10-27,2101,-651000,0,4000,-647000,4000,0
2021-10-27,2102,-643000,0,2693,-640307,50000,-47307
2021-10-27,2103,-915000,0,0,-915000,4000,-4000
2021-10-27,2104,-991000,0,63943,-927057,5943,58000
2021-10-27,2105,-3157000,0,-107555,-3264555,-118555,11000
2021-10-27,2106,-43000,0,3846,-39154,3846,0
2021-10-27,2107,-57000,0,0,-57000,0,0
2021-10-27,2108,-2053402,0,100626,-1952776,1626,99000
2021-10-27,2109,-30000,0,2000,-28000,2000,0
2021-10-27,2114,-15000,0,-5492,-20492,-6000,508
2021-10-27,2115,1000,0,0,1000,0,0
2021-10-27,2201,-523000,0,85992,-437008,71992,14000
2021-10-27,2204,139158,0,3000,142158,5000,-2000
2021-10-27,2206,-82000,0,8000,-74000,8000,0
2021-10-27,2207,-1981,0,2000,19,2000,0
2021-10-27,2208,469000,0,-67774,401226,-45502,-22272
2021-10-27,2211,-37000,0,0,-37000,0,0
2021-10-27,2227,-6000,0,0,-6000,0,0
2021-10-27,2228,-3000,0,0,-3000,0,0
2021-10-27,2231,-169000,12000,-16781,-173781,-5005,-11776
2021-10-27,2233,65000,0,283,65283,283,0
2021-10-27,2236,0,0,0,0,0,0
2021-10-27,2239,-81000,0,0,-81000,0,0
2021-10-27,2241,-143000,0,0,-143000,0,0
2021-10-27,2247,0,0,0,0,0,0
2021-10-27,2250,-9000,0,0,-9000,0,0
2021-10-27,2301,945122,17000,513068,1475190,206068,307000
2021-10-27,2302,77000,0,0,77000,0,0
2021-10-27,2303,6434868,-997000,13965524,19403392,8658390,5307134
2021-10-27,2305,31000,0,0,31000,0,0
2021-10-27,2308,392503,-169000,17849,241352,19849,-2000
2021-10-27,2312,-3632000,0,210775,-3421225,7000,203775
2021-10-27,2313,2824000,9000,206354,3039354,42354,164000
2021-10-27,2314,-669125,0,278534,-390591,309578,-31044
2021-10-27,2316,175000,0,2000,177000,2000,0
2021-10-27,2317,-5572826,58000,-86000,-5600826,-148000,62000
2021-10-27,2323,71000,0,6998,77998,6998,0
2021-10-27,2324,548138,34000,1039222,1621360,153000,886222
2021-10-27,2327,-429852,4000,35605,-390247,-12978,48583
2021-10-27,2328,-565000,0,16277,-548723,22277,-6000
2021-10-27,2329,2117000,0,105248,2222248,2248,103000
2021-10-27,2330,2316227,23000,-387050,1952177,-306127,-80923
2021-10-27,2331,947000,0,20939,967939,-16061,37000
2021-10-27,2332,2193100,0,142923,2336023,85923,57000
2021-10-27,2337,-15897000,2038000,113553,-13745447,436894,-323341
2021-10-27,2338,808000,0,254019,1062019,-9000,263019
2021-10-27,2340,695303,0,407391,1102694,170523,236868
2021-10-27,2342,742000,0,-28000,714000,0,-28000
2021-10-27,2344,-5106384,-59000,808950,-4356434,863501,-54551
2021-10-27,2345,-348587,57000,28136,-263451,27136,1000
2021-10-27,2347,-77000,11000,53347,-12653,52347,1000
2021-10-27,2348,-37000,0,0,-37000,1000,-1000
2021-10-27,2348A,1240,0,0,1240,0,0
2021-10-27,2349,81000,0,0,81000,0,0
2021-10-27,2351,288700,-86000,205381,408081,172000,33381
2021-10-27,2352,-160000,11000,-49769,-198769,-15769,-34000
2021-10-27,2353,-2305597,24000,63876,-2217721,14876,49000
2021-10-27,2354,-463094,9000,-24152,-478246,-4152,-20000
2021-10-27,2355,-85000,0,6975,-78025,-1025,8000
2021-10-27,2356,2713766,25000,693522,3432288,11522,682000
2021-10-27,2357,-98343,1000,81688,-15655,35000,46688
2021-10-27,2358,782000,0,81,782081,81,0
2021-10-27,2359,6000,0,1000,7000,1000,0
2021-10-27,2360,-35000,0,-4981,-39981,3019,-8000
2021-10-27,2362,331000,0,1080,332080,1080,0
2021-10-27,2363,1424000,0,204744,1628744,-1256,206000
2021-10-27,2365,231000,0,0,231000,0,0
2021-10-27,2367,742000,0,-19000,723000,2000,-21000
2021-10-27,2368,-230400,-818000,34814,-1013586,20472,14342
2021-10-27,2369,2000000,0,84691,2084691,1000,83691
2021-10-27,2371,2957250,18000,293653,3268903,14653,279000
2021-10-27,2373,5000,0,2000,7000,2000,0
2021-10-27,2374,616000,0,2000,618000,2000,0
2021-10-27,2375,42000,0,-212,41788,-212,0
2021-10-27,2376,-826000,-78000,111300,-792700,-17700,129000
2021-10-27,2377,-1043928,6000,121860,-916068,19000,102860
2021-10-27,2379,-70087,93000,63325,86238,25460,37865
2021-10-27,2380,-14000,0,0,-14000,0,0
2021-10-27,2382,-1728512,-3000,242196,-1489316,37196,205000
2021-10-27,2383,335075,-98000,168654,405729,47654,121000
2021-10-27,2385,59105,5000,184000,248105,23000,161000
2021-10-27,2387,-11000,0,1000,-10000,1000,0
2021-10-27,2388,-89030,0,514592,425562,-16000,530592
2021-10-27,2390,-746000,0,-62,-746062,-62,0
2021-10-27,2392,22000,0,15781,37781,11781,4000
2021-10-27,2393,-403000,0,22375,-380625,73879,-51504
2021-10-27,2395,-123395,14000,2005,-107390,2000,5
2021-10-27,2397,6000,0,-50,5950,0,-50
2021-10-27,2399,1372000,0,-2000,1370000,-2000,0
2021-10-27,2401,396180,0,-140619,255561,3381,-144000
2021-10-27,2402,87000,0,1000,88000,1000,0
2021-10-27,2404,64623,0,40000,104623,0,40000
2021-10-27,2405,-51000,0,0,-51000,0,0
2021-10-27,2406,946000,0,58926,1004926,1926,57000
2021-10-27,2408,5285475,-428000,265966,5123441,208000,57966
2021-10-27,2409,27822138,72000,1780000,29674138,4000,1776000
2021-10-27,2412,-492719,0,-979000,-1471719,-979000,0
2021-10-27,2413,16000,0,-1000,15000,-1000,0
2021-10-27,2414,80000,0,-801,79199,-801,0
2021-10-27,2415,134000,0,-1000,133000,-1000,0
2021-10-27,2417,-36000,0,-1597,-37597,-1597,0
2021-10-27,2419,-131000,0,-1000,-132000,-1000,0
2021-10-27,2420,-113000,0,-307,-113307,0,-307
2021-10-27,2421,-27000,0,-2000,-29000,1000,-3000
2021-10-27,2423,0,0,-1000,-1000,-1000,0
2021-10-27,2424,1000,0,0,1000,0,0
2021-10-27,2425,248000,0,0,248000,0,0
2021-10-27,2426,276000,0,43100,319100,2100,41000
2021-10-27,2427,2000,0,-1000,1000,-1000,0
2021-10-27,2428,-42000,0,0,-42000,0,0
2021-10-27,2429,-14000,0,0,-14000,0,0
2021-10-27,2430,405000,0,296,405296,296,0
2021-10-27,2431,-49000,0,-2000,-51000,-2000,0
2021-10-27,2433,20000,0,-1000,19000,-1000,0
2021-10-27,2436,1876754,-129000,52649,1800403,46,52603
2021-10-27,2438,13000,0,0,13000,0,0
2021-10-27,2439,644783,0,-59887,584896,-58887,-1000
2021-10-27,2440,43000,0,0,43000,0,0
2021-10-27,2441,-136000,-22000,134928,-23072,1000,133928
2021-10-27,2442,513000,0,1000,514000,1000,0
2021-10-27,2443,1000,0,0,1000,0,0
2021-10-27,2444,-10000,0,0,-10000,0,0
2021-10-27,2449,-1540000,-25000,276990,-1288010,3990,273000
2021-10-27,2450,-5000,0,1000,-4000,1000,0
2021-10-27,2451,108000,-124000,999,-15001,999,0
2021-10-27,2453,3000,0,0,3000,0,0
2021-10-27,2454,1698720,-3000,-220532,1475188,-78069,-142463
2021-10-27,2455,150004,1200000,612045,1962049,279697,332348
2021-10-27,2456,-24000,0,14641,-9359,15141,-500
2021-10-27,2457,-57000,0,-13132,-70132,-132,-13000
2021-10-27,2458,-288100,-23000,310814,-286,63000,247814
2021-10-27,2459,31000,0,15,31015,15,0
2021-10-27,2460,47800,0,506,48306,506,0
2021-10-27,2461,25000,0,-1000,24000,-1000,0
2021-10-27,2462,-36000,0,-1000,-37000,-1000,0
2021-10-27,2464,78000,0,1000,79000,1000,0
2021-10-27,2465,61000,0,0,61000,0,0
2021-10-27,2466,1000,0,0,1000,0,0
2021-10-27,2467,-210000,0,1000,-209000,1000,0
2021-10-27,2468,1000,0,0,1000,0,0
2021-10-27,2471,1000,0,0,1000,0,0
2021-10-27,2472,91215,0,1093,92308,1093,0
2021-10-27,2474,-400335,6000,2509,-391826,-2000,4509
2021-10-27,2476,2887320,150000,166348,3203668,481,165867
2021-10-27,2477,31000,0,2000,33000,2000,0
2021-10-27,2478,155000,0,1000,156000,1000,0
2021-10-27,2480,12000,0,5000,17000,5000,0
2021-10-27,2481,1235200,738000,273601,2246801,-92399,366000
2021-10-27,2482,-42000,0,-672,-42672,0,-672
2021-10-27,2483,64000,0,2000,66000,2000,0
2021-10-27,2484,-683000,0,1000,-682000,1000,0
2021-10-27,2485,-1506000,0,31578,-1474422,31386,192
2021-10-27,2486,925170,0,-15501,909669,-15501,0
2021-10-27,2488,3000,0,451,3451,0,451
2021-10-27,2489,-860000,0,1000,-859000,2000,-1000
2021-10-27,2491,-192000,0,0,-192000,0,0
2021-10-27,2492,-231883,4000,14743,-213140,9743,5000
2021-10-27,2493,1000,0,0,1000,0,0
2021-10-27,2495,23000,0,-97,22903,0,-97
2021-10-27,2496,2000,0,0,2000,0,0
2021-10-27,2497,263000,0,0,263000,0,0
2021-10-27,2498,-90880,0,108653,17773,-56000,164653
2021-10-27,2501,-186176,0,9000,-177176,9000,0
2021-10-27,2504,-1462000,0,425999,-1036001,524000,-98001
2021-10-27,2505,-136000,0,2567,-133433,2567,0
2021-10-27,2506,-5000,0,0,-5000,0,0
2021-10-27,2509,71000,0,1000,72000,1000,0
2021-10-27,2511,-96056,0,13000,-83056,13000,0
2021-10-27,2514,61000,0,1000,62000,1000,0
2021-10-27,2515,609000,0,117217,726217,96000,21217
2021-10-27,2520,-99680,0,2000,-97680,4000,-2000
2021-10-27,2524,-2000,0,0,-2000,0,0
2021-10-27,2527,46000,0,2000,48000,2000,0
2021-10-27,2528,13000,0,0,13000,0,0
2021-10-27,2530,12000,0,-61000,-49000,-61000,0
2021-10-27,2534,-7719,0,50138,42419,50138,0
2021-10-27,2535,-20000,0,3000,-17000,3000,0
2021-10-27,2536,-14000,0,-1000,-15000,-1000,0
2021-10-27,2537,-35000,0,0,-35000,0,0
2021-10-27,2538,-1477000,0,0,-1477000,0,0
2021-10-27,2539,-49264,0,-55000,-104264,-55000,0
2021-10-27,2540,-5000,0,0,-5000,0,0
2021-10-27,2542,-530854,0,282304,-248550,8000,274304
2021-10-27,2543,4000,0,0,4000,0,0
2021-10-27,2545,-31000,0,0,-31000,0,0
2021-10-27,2546,-12000,0,893,-11107,0,893
2021-10-27,2547,-133000,0,2000,-131000,2000,0
2021-10-27,2548,6930,0,2000,8930,2000,0
2021-10-27,2597,83268,0,3000,86268,2000,1000
2021-10-27,2601,999000,0,-13000,986000,4000,-17000
2021-10-27,2603,-11276955,0,-1238876,-12515831,-1254715,15839
2021-10-27,2605,-3510000,0,-100510,-3610510,4490,-105000
2021-10-27,2606,-1224000,-130000,22832,-1331168,60832,-38000
2021-10-27,2607,-572000,0,-5299,-577299,5701,-11000
2021-10-27,2608,-58000,0,-3244,-61244,-244,-3000
2021-10-27,2609,1715208,0,39706,1754914,54706,-15000
2021-10-27,2610,431896,0,37218,469114,37218,0
2021-10-27,2611,-253000,0,19000,-234000,0,19000
2021-10-27,2612,-558000,0,-26000,-584000,-26000,0
2021-10-27,2613,-149000,0,878,-148122,878,0
2021-10-27,2614,-2677000,0,-12000,-2689000,0,-12000
2021-10-27,2615,334433,-27900,-104823,201710,11700,-116523
2021-10-27,2616,0,0,0,0,0,0
2021-10-27,2617,195000,0,-4013,190987,2000,-6013
2021-10-27,2618,-6690638,-186567,304793,-6572412,335838,-31045
2021-10-27,2630,5000,0,0,5000,0,0
2021-10-27,2633,-302427,0,103493,-198934,103493,0
2021-10-27,2634,-248000,0,22000,-226000,18000,4000
2021-10-27,2636,14000,0,-3625,10375,2000,-5625
2021-10-27,2637,-13000,0,-39921,-52921,13479,-53400
2021-10-27,2642,-29000,0,180,-28820,0,180
2021-10-27,2701,1000,0,-1000,0,-1000,0
2021-10-27,2702,4000,0,0,4000,0,0
2021-10-27,2704,50000,0,0,50000,0,0
2021-10-27,2705,13000,0,2000,15000,2000,0
2021-10-27,2706,35000,0,0,35000,0,0
2021-10-27,2707,-43000,0,1436,-41564,2436,-1000
2021-10-27,2722,-2000,0,0,-2000,0,0
2021-10-27,2723,-41000,-30000,-5000,-76000,2000,-7000
2021-10-27,2727,68000,0,-65675,2325,-64000,-1675
2021-10-27,2731,-39000,0,-37000,-76000,-37000,0
2021-10-27,2739,-1000,0,0,-1000,0,0
2021-10-27,2748,-1000,0,0,-1000,0,0
2021-10-27,2801,-1576831,0,55000,-1521831,55000,0
2021-10-27,2809,-353000,0,263671,-89329,6671,257000
2021-10-27,2812,193955,0,27000,220955,27000,0
2021-10-27,2816,0,0,0,0,0,0
2021-10-27,2820,-179000,0,8000,-171000,8000,0
2021-10-27,2823,3542114,0,-138000,3404114,-125000,-13000
2021-10-27,2832,7000,0,0,7000,0,0
2021-10-27,2834,-5364800,0,149000,-5215800,149000,0
2021-10-27,2836,-18000,0,1000,-17000,1000,0
2021-10-27,2838,423000,0,20000,443000,20000,0
2021-10-27,2838A,0,0,-15000,-15000,-15000,0
2021-10-27,2841,-88851,0,0,-88851,0,0
2021-10-27,2845,219192,0,25234,244426,27000,-1766
2021-10-27,2849,9000,0,0,9000,0,0
2021-10-27,2850,68000,0,955,68955,1000,-45
2021-10-27,2851,118000,0,5000,123000,5000,0
2021-10-27,2852,0,0,1000,1000,1000,0
2021-10-27,2855,-184000,0,0,-184000,0,0
2021-10-27,2867,15000,0,16000,31000,16000,0
2021-10-27,2880,-3756520,0,97951,-3658569,97951,0
2021-10-27,2881,-7178620,0,-761492,-7940112,-785000,23508
2021-10-27,2881A,160,0,6000,6160,6000,0
2021-10-27,2881B,0,0,-29000,-29000,-29000,0
2021-10-27,2882,-3498313,-236000,63784,-3670529,103784,-40000
2021-10-27,2882A,0,0,3000,3000,3000,0
2021-10-27,2882B,0,0,-2000,-2000,-2000,0
2021-10-27,2883,-618977,0,2067000,1448023,1185000,882000
2021-10-27,2884,3723122,0,78000,3801122,60000,18000
2021-10-27,2885,3305431,0,-700,3304731,-1000,300
2021-10-27,2886,-3632993,0,908000,-2724993,484000,424000
2021-10-27,2887,-3968415,0,1158598,-2809817,-38000,1196598
2021-10-27,2888,2231873,0,94000,2325873,75000,19000
2021-10-27,2889,-1241661,0,207000,-1034661,18000,189000
2021-10-27,2890,-89603,0,172889,83286,172889,0
2021-10-27,2891,-5312171,0,93300,-5218871,95000,-1700
2021-10-27,2891B,0,-100000,4000,-96000,4000,0
2021-10-27,2892,-777432,0,57000,-720432,57000,0
2021-10-27,2897,-634000,0,62000,-572000,62000,0
2021-10-27,2901,11000,0,0,11000,0,0
2021-10-27,2903,-181000,0,7000,-174000,7000,0
2021-10-27,2904,14000,0,0,14000,0,0
2021-10-27,2905,-361054,0,14687,-346367,4687,10000
2021-10-27,2906,1000,0,1000,2000,1000,0
2021-10-27,2908,-54000,0,0,-54000,0,0
2021-10-27,2910,1000,0,0,1000,0,0
2021-10-27,2911,-4000,0,0,-4000,0,0
2021-10-27,2912,88014,0,4996,93010,5000,-4
2021-10-27,2913,-989000,0,-7011,-996011,4000,-11011
2021-10-27,2915,-2710000,0,133952,-2576048,-16000,149952
2021-10-27,2923,-24000,0,0,-24000,0,0
2021-10-27,2929,3000,0,0,3000,0,0
2021-10-27,2936,6000,0,0,6000,0,0
2021-10-27,2939,18000,0,0,18000,0,0
2021-10-27,3002,2000,0,0,2000,0,0
2021-10-27,3003,-77000,0,-149640,-226640,277,-149917
2021-10-27,3004,-2000,0,0,-2000,0,0
2021-10-27,3005,121000,-60000,1000,62000,1000,0
2021-10-27,3006,899448,226000,166768,1292216,145768,21000
2021-10-27,3008,-666065,0,41945,-624120,22000,19945
2021-10-27,3010,-57660,0,-1000,-58660,1000,-2000
2021-10-27,3011,-448000,0,0,-448000,0,0
2021-10-27,3013,-4000,0,0,-4000,0,0
2021-10-27,3014,679000,-7000,13079,685079,79,13000
2021-10-27,3015,64000,0,1000,65000,1000,0
2021-10-27,3016,1396000,0,-77641,1318359,5156,-82797
2021-10-27,3017,-1636035,0,537774,-1098261,551774,-14000
2021-10-27,3019,809013,0,23700,832713,-18300,42000
2021-10-27,3021,39000,0,0,39000,0,0
2021-10-27,3022,-28000,0,1000,-27000,1000,0
2021-10-27,3023,-2990,2000,-1041,-2031,-1041,0
2021-10-27,3024,-270000,0,0,-270000,0,0
2021-10-27,3025,-82000,0,-1000,-83000,-1000,0
2021-10-27,3026,-2000,0,0,-2000,0,0
2021-10-27,3027,87000,0,0,87000,0,0
2021-10-27,3028,-49000,0,0,-49000,0,0
2021-10-27,3029,35000,0,-85,34915,-85,0
2021-10-27,3030,-90000,0,2000,-88000,2000,0
2021-10-27,3031,544000,0,1000,545000,1000,0
2021-10-27,3032,0,0,-1000,-1000,-1000,0
2021-10-27,3033,-3561370,0,-21847,-3583217,-11530,-10317
2021-10-27,3034,-418166,-41000,20637,-438529,7000,13637
2021-10-27,3035,-89049,1115000,511246,1537197,394000,117246
2021-10-27,3036,-139018,-10000,-6001,-155019,-8001,2000
2021-10-27,3037,4234418,186000,-71847,4348571,-96000,24153
2021-10-27,3038,3000,0,999,3999,1000,-1
2021-10-27,3040,-2000,0,0,-2000,0,0
2021-10-27,3041,792000,0,19000,811000,19000,0
2021-10-27,3042,1302000,0,186546,1488546,161546,25000
2021-10-27,3044,-221000,4000,124976,-92024,18976,106000
2021-10-27,3045,-416561,0,-60000,-476561,-60000,0
2021-10-27,3046,11000,0,0,11000,0,0
2021-10-27,3047,-1361000,0,-40,-1361040,0,-40
2021-10-27,3048,587000,0,4008,591008,1008,3000
2021-10-27,3049,1377000,0,4000,1381000,4000,0
2021-10-27,3050,14000,0,1000,15000,1000,0
2021-10-27,3051,32000,0,0,32000,0,0
2021-10-27,3052,2047,0,-1000,1047,-1000,0
2021-10-27,3054,42000,0,0,42000,0,0
2021-10-27,3055,9000,0,0,9000,0,0
2021-10-27,3056,-47000,0,2095,-44905,2095,0
2021-10-27,3057,18110,0,0,18110,0,0
2021-10-27,3058,-376000,0,0,-376000,0,0
2021-10-27,3059,400000,0,-200100,199900,3000,-203100
2021-10-27,3060,383000,0,-9072,373928,1000,-10072
2021-10-27,3062,-132000,0,751,-131249,751,0
2021-10-27,3090,87000,0,179,87179,0,179
2021-10-27,3092,-291000,0,-2000,-293000,0,-2000
2021-10-27,3094,192000,0,-1000,191000,-1000,0
2021-10-27,3130,-1098,0,0,-1098,0,0
2021-10-27,3138,47549,0,21450,68999,0,21450
2021-10-27,3149,-81000,0,0,-81000,0,0
2021-10-27,3164,3000,0,0,3000,0,0
2021-10-27,3167,373000,0,91,373091,0,91
2021-10-27,3189,6809025,668000,-95721,7381304,-227000,131279
2021-10-27,3209,10000,0,0,10000,0,0
2021-10-27,3231,1263298,23000,631435,1917733,10000,621435
2021-10-27,3257,258000,0,-10000,248000,-10000,0
2021-10-27,3266,3000,0,1000,4000,1000,0
2021-10-27,3296,5000,0,-1000,4000,-1000,0
2021-10-27,3305,-1396000,0,114727,-1281273,28929,85798
2021-10-27,3308,2000,0,0,2000,0,0
2021-10-27,3311,-4000,0,0,-4000,0,0
2021-10-27,3312,96000,0,1000,97000,1000,0
2021-10-27,3321,163000,0,0,163000,0,0
2021-10-27,3338,38000,0,-1000,37000,-1000,0
2021-10-27,3346,-105000,0,0,-105000,0,0
2021-10-27,3356,-41000,0,-1000,-42000,-1000,0
2021-10-27,3376,46523,0,-1289,45234,-7289,6000
2021-10-27,3380,-117950,0,185014,67064,134000,51014
2021-10-27,3406,543989,69000,18371,631360,10630,7741
2021-10-27,3413,281998,-6000,1113,277111,-1000,2113
2021-10-27,3416,24000,0,9441,33441,9000,441
2021-10-27,3419,-13000,0,0,-13000,0,0
2021-10-27,3432,-2000,0,0,-2000,0,0
2021-10-27,3437,149000,0,409,149409,409,0
2021-10-27,3443,62980,253000,62624,378604,26087,36537
2021-10-27,3450,101000,0,99,101099,99,0
2021-10-27,3454,2000,0,0,2000,0,0
2021-10-27,3481,10303579,72000,1601129,11976708,85000,1516129
2021-10-27,3494,1000,0,0,1000,0,0
2021-10-27,3501,5000,0,1000,6000,1000,0
2021-10-27,3504,-110000,0,67001,-42999,36000,31001
2021-10-27,3515,-27000,0,87915,60915,99915,-12000
2021-10-27,3518,-3000,0,-1000,-4000,-1000,0
2021-10-27,3530,-3482000,0,49530,-3432470,2530,47000
2021-10-27,3532,-179535,0,-1528,-181063,-1528,0
2021-10-27,3533,68623,157000,34031,259654,26000,8031
2021-10-27,3535,-28000,0,-1000,-29000,-1000,0
2021-10-27,3543,-1000,0,-1000,-2000,-1000,0
2021-10-27,3545,-910010,0,4000,-906010,4000,0
2021-10-27,3550,-31000,0,0,-31000,0,0
2021-10-27,3557,20000,0,0,20000,0,0
2021-10-27,3563,35881,-20000,0,15881,0,0
2021-10-27,3576,-295000,0,37000,-258000,37000,0
2021-10-27,3583,-12000,0,0,-12000,0,0
2021-10-27,3588,403000,0,-49000,354000,-49000,0
2021-10-27,3591,161000,0,1000,162000,1000,0
2021-10-27,3593,-8000,0,0,-8000,0,0
2021-10-27,3596,467026,227000,-55000,639026,-49000,-6000
2021-10-27,3605,-107000,0,1000,-106000,1000,0
2021-10-27,3607,126000,0,0,126000,0,0
2021-10-27,3617,-1000,0,1000,0,1000,0
2021-10-27,3622,118000,0,1000,119000,1000,0
2021-10-27,3645,34000,-29000,1000,6000,1000,0
2021-10-27,3653,365800,-242000,-18989,104811,-28000,9011
2021-10-27,3661,415350,-43000,24464,396814,3189,21275
2021-10-27,3665,-49000,-3000,-5382,-57382,-8382,3000
2021-10-27,3669,111000,0,0,111000,0,0
2021-10-27,3673,-595000,0,-14314,-609314,-4227,-10087
2021-10-27,3679,-1000,0,0,-1000,0,0
2021-10-27,3682,201000,0,0,201000,0,0
2021-10-27,3686,137000,0,0,137000,0,0
2021-10-27,3694,72000,0,200,72200,0,200
2021-10-27,3701,350000,0,0,350000,0,0
2021-10-27,3702,45000,-36000,348406,357406,6406,342000
2021-10-27,3702A,0,0,1000,1000,1000,0
2021-10-27,3703,148000,0,18000,166000,7000,11000
2021-10-27,3704,-1280000,0,522044,-757956,399000,123044
2021-10-27,3705,-3000,0,0,-3000,0,0
2021-10-27,3706,775000,0,4000,779000,4000,0
2021-10-27,3708,-275000,0,1196,-273804,1196,0
2021-10-27,3711,-3596051,-70000,-8762,-3674813,-21000,12238
2021-10-27,3712,288000,0,0,288000,0,0
2021-10-27,3714,497000,5000,163987,665987,104987,59000
2021-10-27,4104,-17000,0,-163,-17163,-163,0
2021-10-27,4106,23000,0,1000,24000,1000,0
2021-10-27,4108,16000,0,2000,18000,2000,0
2021-10-27,4119,-6000,0,1000,-5000,1000,0
2021-10-27,4133,45000,0,0,45000,0,0
2021-10-27,4137,32000,0,1000,33000,1000,0
2021-10-27,4141,-197000,0,-4980,-201980,-4980,0
2021-10-27,4142,140000,0,5000,145000,4000,1000
2021-10-27,4148,2000,0,0,2000,0,0
2021-10-27,4155,22000,0,0,22000,0,0
2021-10-27,4164,-9000,0,1318,-7682,1318,0
2021-10-27,4190,-1000,0,1000,0,1000,0
2021-10-27,4306,-310110,0,1203,-308907,1203,0
2021-10-27,4414,-484000,0,0,-484000,0,0
2021-10-27,4426,-2000,0,0,-2000,0,0
2021-10-27,4438,-3000,0,0,-3000,0,0
2021-10-27,4440,11000,0,0,11000,0,0
2021-10-27,4526,-17000,0,3000,-14000,3000,0
2021-10-27,4532,-74000,0,0,-74000,0,0
2021-10-27,4536,-56000,-50000,-132,-106132,-132,0
2021-10-27,4540,13000,0,0,13000,0,0
2021-10-27,4545,8000,0,-1000,7000,-1000,0
2021-10-27,4551,-327000,50000,-6000,-283000,-1000,-5000
2021-10-27,4552,0,0,0,0,0,0
2021-10-27,4557,5000,0,0,5000,0,0
2021-10-27,4560,4000,0,0,4000,0,0
2021-10-27,4562,-3000,0,0,-3000,0,0
2021-10-27,4564,65000,0,5000,70000,0,5000
2021-10-27,4566,-2000,0,0,-2000,0,0
2021-10-27,4571,-33000,0,0,-33000,0,0
2021-10-27,4576,4000,0,0,4000,0,0
2021-10-27,4720,47485,0,0,47485,0,0
2021-10-27,4722,321000,0,0,321000,0,0
2021-10-27,4737,-1000,0,0,-1000,0,0
2021-10-27,4739,-719530,-421000,-280127,-1420657,-228231,-51896
2021-10-27,4746,38000,0,0,38000,0,0
2021-10-27,4755,-2000,0,0,-2000,0,0
2021-10-27,4763,-1000,0,-17000,-18000,-17000,0
2021-10-27,4764,1000,0,0,1000,0,0
2021-10-27,4766,2000,0,0,2000,0,0
2021-10-27,4807,0,0,0,0,0,0
2021-10-27,4904,-700640,0,-241026,-941666,-241026,0
2021-10-27,4906,-423000,0,152296,-270704,-173000,325296
2021-10-27,4912,-25000,0,0,-25000,0,0
2021-10-27,4915,-680000,0,-4000,-684000,1000,-5000
2021-10-27,4916,35000,0,-2000,33000,-2000,0
2021-10-27,4919,225000,-73000,28510,180510,-20779,49289
2021-10-27,4927,39000,0,-79489,-40489,-48489,-31000
2021-10-27,4930,50000,0,1000,51000,1000,0
2021-10-27,4934,-235950,0,0,-235950,0,0
2021-10-27,4935,66000,0,0,66000,-1000,1000
2021-10-27,4938,-646597,17000,0,-629597,-236000,236000
2021-10-27,4942,52000,0,0,52000,0,0
2021-10-27,4943,38000,0,1051,39051,1000,51
2021-10-27,4952,918000,0,-11000,907000,0,-11000
2021-10-27,4956,296000,0,-1000,295000,-1000,0
2021-10-27,4958,261167,5000,10040,276207,8040,2000
2021-10-27,4960,2376000,0,-2000,2374000,-2000,0
2021-10-27,4961,59000,-3000,62045,118045,47045,15000
2021-10-27,4967,623000,0,-1000,622000,-1000,0
2021-10-27,4968,106910,84000,-7666,183244,-30666,23000
2021-10-27,4976,-260000,0,-166000,-426000,12000,-178000
2021-10-27,4977,37000,0,0,37000,0,0
2021-10-27,4989,19000,0,-386,18614,-386,0
2021-10-27,4994,4000,0,0,4000,0,0
2021-10-27,4999,15000,0,-1008,13992,-1000,-8
2021-10-27,5007,-1000,0,0,-1000,0,0
2021-10-27,5203,-10000,0,1000,-9000,1000,0
2021-10-27,5215,-17000,0,0,-17000,0,0
2021-10-27,5222,120980,0,58000,178980,58000,0
2021-10-27,5225,-69000,0,0,-69000,0,0
2021-10-27,5234,-7000,0,0,-7000,0,0
2021-10-27,5243,-28000,25000,-26127,-29127,0,-26127
2021-10-27,5258,-253000,0,-1000,-254000,-1000,0
2021-10-27,5269,116227,-19000,4717,101944,7160,-2443
2021-10-27,5283,32000,0,0,32000,0,0
2021-10-27,5285,984000,0,78455,1062455,38455,40000
2021-10-27,5288,12000,0,0,12000,0,0
2021-10-27,5388,261000,0,12999,273999,-1,13000
2021-10-27,5434,-34000,-8000,5000,-37000,5000,0
2021-10-27,5469,-6039,0,12000,5961,1000,11000
2021-10-27,5471,678000,0,-2770,675230,6230,-9000
2021-10-27,5484,-12000,0,0,-12000,0,0
2021-10-27,5515,2000,0,-1000,1000,-1000,0
2021-10-27,5519,-54000,0,0,-54000,0,0
2021-10-27,5521,79001,0,4000,83001,4000,0
2021-10-27,5522,33690,0,183009,216699,27009,156000
2021-10-27,5525,-6000,0,0,-6000,0,0
2021-10-27,5531,5000,0,0,5000,0,0
2021-10-27,5533,0,0,0,0,0,0
2021-10-27,5534,-57460,0,2038,-55422,2038,0
2021-10-27,5538,-86000,0,-10000,-96000,-10000,0
2021-10-27,5546,2000,0,0,2000,0,0
2021-10-27,5607,-480000,0,0,-480000,0,0
2021-10-27,5608,-318876,0,0,-318876,0,0
2021-10-27,5706,-26000,0,0,-26000,0,0
2021-10-27,5871,-351794,-4000,-11409,-367203,-11061,-348
2021-10-27,5871A,-567,0,0,-567,0,0
2021-10-27,5876,-714139,0,20249,-693890,22000,-1751
2021-10-27,5880,-2425248,0,60000,-2365248,60000,0
2021-10-27,5906,2000,0,0,2000,0,0
2021-10-27,5907,3000,0,2000,5000,2000,0
2021-10-27,6005,-625474,0,0,-625474,0,0
2021-10-27,6024,-18000,0,0,-18000,0,0
2021-10-27,6108,78000,0,0,78000,0,0
2021-10-27,6112,-5000,0,0,-5000,0,0
2021-10-27,6115,-32000,0,0,-32000,0,0
2021-10-27,6116,1858000,19000,4875,1881875,15875,-11000
2021-10-27,6117,4000,0,0,4000,0,0
2021-10-27,6120,249000,0,2018,251018,2018,0
2021-10-27,6128,-1000,0,0,-1000,0,0
2021-10-27,6133,-20000,0,-3000,-23000,-3000,0
2021-10-27,6136,28000,0,1000,29000,1000,0
2021-10-27,6139,99000,0,-47000,52000,-47000,0
2021-10-27,6141,9000,0,1000,10000,1000,0
2021-10-27,6142,-242000,0,-636000,-878000,-636000,0
2021-10-27,6152,14000,0,0,14000,0,0
2021-10-27,6153,-33000,0,-15820,-48820,-5702,-10118
2021-10-27,6155,27000,0,-1000,26000,-1000,0
2021-10-27,6164,231000,0,0,231000,0,0
2021-10-27,6165,23000,0,0,23000,0,0
2021-10-27,6166,20000,0,1000,21000,1000,0
2021-10-27,6168,-1270000,0,0,-1270000,0,0
2021-10-27,6172,2000,0,0,2000,0,0
2021-10-27,6176,26000,3000,102000,131000,2000,100000
2021-10-27,6177,-483000,0,-6000,-489000,-1000,-5000
2021-10-27,6183,2000,0,1000,3000,1000,0
2021-10-27,6184,12000,0,0,12000,0,0
2021-10-27,6189,-83000,0,0,-83000,0,0
2021-10-27,6191,241080,0,-3907,237173,-7190,3283
2021-10-27,6192,-3000,0,12000,9000,12000,0
2021-10-27,6196,183000,0,-20000,163000,-1000,-19000
2021-10-27,6197,-12000,0,0,-12000,0,0
2021-10-27,6201,1000,0,0,1000,0,0
2021-10-27,6202,-786000,-309000,34150,-1060850,150,34000
2021-10-27,6205,52000,0,-21000,31000,-21000,0
2021-10-27,6206,20000,0,0,20000,0,0
2021-10-27,6209,476000,0,0,476000,0,0
2021-10-27,6213,-1552637,-751000,-496200,-2799837,-504200,8000
2021-10-27,6214,-27000,0,-1861,-28861,-2000,139
2021-10-27,6215,20000,0,-1000,19000,-1000,0
2021-10-27,6216,46000,0,0,46000,0,0
2021-10-27,6224,92000,0,-2102,89898,-1102,-1000
2021-10-27,6226,886000,0,1000,887000,1000,0
2021-10-27,6230,7000,0,0,7000,0,0
2021-10-27,6235,-248000,0,1000,-247000,1000,0
2021-10-27,6239,-2393901,1034000,80000,-1279901,79000,1000
2021-10-27,6243,185894,0,0,185894,0,0
2021-10-27,6251,3677821,0,-72323,3605498,-72323,0
2021-10-27,6257,-1299000,0,97487,-1201513,44377,53110
2021-10-27,6269,-994000,340000,106553,-547447,19000,87553
2021-10-27,6271,-410000,-550000,-14487,-974487,19748,-34235
2021-10-27,6277,9000,0,5000,14000,5000,0
2021-10-27,6278,1241000,-1688000,18874,-428126,4874,14000
2021-10-27,6281,0,0,-1000,-1000,-1000,0
2021-10-27,6282,1431000,0,566703,1997703,151271,415432
2021-10-27,6283,30000,0,0,30000,0,0
2021-10-27,6285,3301000,0,411269,3712269,151844,259425
2021-10-27,6288,492000,0,0,492000,0,0
2021-10-27,6405,4000,0,0,4000,0,0
2021-10-27,6409,8013,-1000,0,7013,0,0
2021-10-27,6412,64411,0,1993,66404,1993,0
2021-10-27,6414,-20000,0,-6792,-26792,-3735,-3057
2021-10-27,6415,-9608,-5000,486,-14122,486,0
2021-10-27,6416,76000,0,-222,75778,0,-222
2021-10-27,6426,-24000,0,0,-24000,0,0
2021-10-27,6431,9000,0,-2000,7000,-2000,0
2021-10-27,6438,104000,0,-42000,62000,-42000,0
2021-10-27,6442,2000,0,-1000,1000,-1000,0
2021-10-27,6443,922000,0,10372,932372,-628,11000
2021-10-27,6449,32000,0,-1000,31000,-1000,0
2021-10-27,6451,12000,0,0,12000,0,0
2021-10-27,6456,134000,1000,-15007,119993,993,-16000
2021-10-27,6464,0,0,0,0,0,0
2021-10-27,6477,342000,0,32000,374000,32000,0
2021-10-27,6491,-36393,0,-12237,-48630,-4990,-7247
2021-10-27,6504,-29000,0,0,-29000,0,0
2021-10-27,6505,-172816,0,41343,-131473,42000,-657
2021-10-27,6515,3000,30000,9000,42000,9000,0
2021-10-27,6525,237000,0,1312,238312,-1000,2312
2021-10-27,6531,1374252,32000,124635,1530887,22000,102635
2021-10-27,6533,-48426,-1000,-16527,-65953,9632,-26159
2021-10-27,6541,55000,0,0,55000,0,0
2021-10-27,6552,-29000,0,0,-29000,0,0
2021-10-27,6558,49000,0,1000,50000,1000,0
2021-10-27,6573,139800,0,0,139800,0,0
2021-10-27,6579,2000,0,-2,1998,0,-2
2021-10-27,6581,6000,0,0,6000,0,0
2021-10-27,6582,-72000,0,-9000,-81000,0,-9000
2021-10-27,6591,15000,0,0,15000,0,0
2021-10-27,6592,-166000,0,-2000,-168000,2000,-4000
2021-10-27,6598,-31000,0,0,-31000,0,0
2021-10-27,6605,-12000,0,2000,-10000,2000,0
2021-10-27,6641,2000,0,-2000,0,-2000,0
2021-10-27,6655,14000,0,0,14000,0,0
2021-10-27,6666,4000,0,0,4000,0,0
2021-10-27,6668,109000,0,0,109000,0,0
2021-10-27,6669,-229007,21000,-7652,-215659,-5000,-2652
2021-10-27,6670,-57000,0,674,-56326,674,0
2021-10-27,6671,1000,0,-1000,0,-1000,0
2021-10-27,6672,-262020,0,73846,-188174,-1154,75000
2021-10-27,6674,0,0,0,0,0,0
2021-10-27,6698,19000,0,-1000,18000,-1000,0
2021-10-27,6706,-377000,113000,141096,-122904,91000,50096
2021-10-27,6715,-4000,0,0,-4000,0,0
2021-10-27,6743,20000,0,-310,19690,-310,0
2021-10-27,6754,1000,0,0,1000,0,0
2021-10-27,6756,44000,57000,7000,108000,7000,0
2021-10-27,6768,14000,0,-1000,13000,-1000,0
2021-10-27,6776,-1000,0,0,-1000,0,0
2021-10-27,6781,57000,-14000,-1872,41128,-4872,3000
2021-10-27,6790,-10000,0,0,-10000,0,0
2021-10-27,8011,-58000,0,323,-57677,323,0
2021-10-27,8016,-468000,4000,42025,-421975,22000,20025
2021-10-27,8021,110000,0,-2000,108000,-2000,0
2021-10-27,8028,75000,0,-1000,74000,0,-1000
2021-10-27,8033,-77000,0,1000,-76000,1000,0
2021-10-27,8039,91000,0,2917,93917,3000,-83
2021-10-27,8046,3057090,12000,-182785,2886305,-183624,839
2021-10-27,8070,192000,0,2000,194000,1000,1000
2021-10-27,8072,0,0,0,0,0,0
2021-10-27,8081,77000,-123000,5000,-41000,0,5000
2021-10-27,8103,704950,0,-64000,640950,-78000,14000
2021-10-27,8104,63000,0,0,63000,0,0
2021-10-27,8105,212000,0,2000,214000,2000,0
2021-10-27,8110,530000,0,2000,532000,2000,0
2021-10-27,8112,-102000,0,0,-102000,1000,-1000
2021-10-27,8114,46000,10000,-5000,51000,-5000,0
2021-10-27,8131,7000,0,-2000,5000,-2000,0
2021-10-27,8150,-38175,0,8253,-29922,2253,6000
2021-10-27,8163,177000,0,52089,229089,52089,0
2021-10-27,8201,-147000,0,-2000,-149000,-2000,0
2021-10-27,8210,-15000,0,0,-15000,0,0
2021-10-27,8213,-79000,0,0,-79000,0,0
2021-10-27,8215,-363000,0,181896,-181104,6000,175896
2021-10-27,8222,23000,0,0,23000,0,0
2021-10-27,8249,-224000,0,0,-224000,0,0
2021-10-27,8261,1115000,0,-1874,1113126,0,-1874
2021-10-27,8271,95000,0,0,95000,0,0
2021-10-27,8341,-24000,0,1000,-23000,1000,0
2021-10-27,8367,-40000,0,0,-40000,0,0
2021-10-27,8374,0,0,1000,1000,1000,0
2021-10-27,8404,-150000,-20000,0,-170000,0,0
2021-10-27,8411,98000,0,0,98000,0,0
2021-10-27,8422,221000,0,8900,229900,0,8900
2021-10-27,8427,1000,0,0,1000,0,0
2021-10-27,8429,-450000,0,4564,-445436,4564,0
2021-10-27,8442,0,0,-2000,-2000,-2000,0
2021-10-27,8443,1000,0,0,1000,0,0
2021-10-27,8454,-79405,-6000,-5703,-91108,-5900,197
2021-10-27,8462,-5404,0,0,-5404,0,0
2021-10-27,8463,1000,0,0,1000,0,0
2021-10-27,8464,92000,0,3000,95000,3000,0
2021-10-27,8466,1000,0,0,1000,0,0
2021-10-27,8467,-5000,0,0,-5000,0,0
2021-10-27,8473,16000,0,-1000,15000,-1000,0
2021-10-27,8478,34000,0,-20000,14000,-20000,0
2021-10-27,8481,-3000,0,0,-3000,0,0
2021-10-27,8482,-5000,0,0,-5000,0,0
2021-10-27,8488,-1000,0,0,-1000,0,0
2021-10-27,8499,0,0,0,0,0,0
2021-10-27,8926,-94000,0,9000,-85000,9000,0
2021-10-27,8940,-29000,0,0,-29000,0,0
2021-10-27,8996,-195000,0,1000,-194000,1000,0
2021-10-27,9103,247000,0,-1000,246000,0,-1000
2021-10-27,911622,-4000,0,0,-4000,0,0
2021-10-27,911868,-2000,0,0,-2000,0,0
2021-10-27,912000,91000,0,0,91000,0,0
2021-10-27,912398,-203,0,0,-203,0,0
2021-10-27,9136,-13000,0,0,-13000,0,0
2021-10-27,9188,152000,0,0,152000,0,0
2021-10-27,9802,59000,0,1000,60000,1000,0
2021-10-27,9902,-310000,0,1000,-309000,1000,0
2021-10-27,9904,-3337559,0,-72489,-3410048,44511,-117000
2021-10-27,9905,-14000,0,-1000,-15000,-1000,0
2021-10-27,9907,-237000,0,9099,-227901,9099,0
2021-10-27,9908,-8000,0,-10000,-18000,-10000,0
2021-10-27,9910,-78691,7000,33000,-38691,33000,0
2021-10-27,9911,0,0,0,0,0,0
2021-10-27,9912,-30000,0,0,-30000,0,0
2021-10-27,9914,-7800,0,8054,254,8054,0
2021-10-27,9917,37000,0,3000,40000,3000,0
2021-10-27,9918,-5000,0,0,-5000,0,0
2021-10-27,9919,-55000,0,-45000,-100000,-45000,0
2021-10-27,9921,-129589,21000,2100,-106489,2100,0
2021-10-27,9924,7000,0,0,7000,0,0
2021-10-27,9925,-3000,0,0,-3000,0,0
2021-10-27,9926,2000,0,0,2000,0,0
2021-10-27,9927,7000,0,0,7000,0,0
2021-10-27,9929,6000,0,0,6000,0,0
2021-10-27,9930,7000,0,-17000,-10000,-17000,0
2021-10-27,9933,11000,0,4000,15000,4000,0
2021-10-27,9934,4000,0,0,4000,0,0
2021-10-27,9935,-2000,0,0,-2000,0,0
2021-10-27,9937,-8000,0,0,-8000,0,0
2021-10-27,9938,-287970,350000,2000,64030,2000,0
2021-10-27,9939,-313000,0,-11000,-324000,-12000,1000
2021-10-27,9940,25185,0,5000,30185,5000,0
2021-10-27,9941,-12000,0,42000,30000,42000,0
2021-10-27,9941A,0,0,-9000,-9000,-9000,0
2021-10-27,9942,-36000,0,-2000,-38000,-2000,0
2021-10-27,9943,-16000,0,-100,-16100,-100,0
2021-10-27,9944,0,0,0,0,0,0
2021-10-27,9945,-2549579,0,-451408,-3000987,-62000,-389408
2021-10-27,9946,29000,0,0,29000,0,0
2021-10-27,9955,6000,0,-1000,5000,-1000,0
2021-10-27,9958,291000,0,-1617,289383,5383,-7000
