date,stock_id,foreign,trust,dealer,total,dealer_self,dealer_hedge
2023-05-22,0050,12877957,0,1392161,14270118,704666,687495
2023-05-22,0051,-2000,0,23879,21879,0,23879
2023-05-22,0052,7000,45000,7627,59627,0,7627
2023-05-22,0053,10000,0,1600,11600,0,1600
2023-05-22,0055,3000,0,124512,127512,0,124512
2023-05-22,0056,2649250,0,6921000,9570250,-786000,7707000
2023-05-22,0061,4000,0,27182,31182,0,27182
2023-05-22,006203,0,0,2000,2000,0,2000
2023-05-22,006204,0,0,0,0,0,0
2023-05-22,006205,61000,0,27772,88772,160000,-132228
2023-05-22,006206,-922,0,25285,24363,0,25285
2023-05-22,006207,0,0,-7616,-7616,0,-7616
2023-05-22,006208,304280,0,1178358,1482638,0,1178358
2023-05-22,00631L,-231000,0,219593,-11407,0,219593
2023-05-22,00632R,499000,0,-11623265,-11124265,-4613000,-7010265
2023-05-22,00633L,1322000,0,339760,1661760,0,339760
2023-05-22,00634R,0,0,3000,3000,0,3000
2023-05-22,00635U,32000,0,-314000,-282000,0,-314000
2023-05-22,00636,-23000,0,1650,-21350,0,1650
2023-05-22,00636K,0,0,0,0,0,0
2023-05-22,00637L,5184000,0,13667998,18851998,0,13667998
2023-05-22,00638R,0,0,-88000,-88000,499000,-587000
2023-05-22,00639,5000,0,106008,111008,10000,96008
2023-05-22,00640L,-5000,0,-162001,-167001,0,-162001
2023-05-22,00641R,0,0,-143199,-143199,0,-143199
2023-05-22,00642U,109000,0,-4576700,-4467700,20000,-4596700
2023-05-22,00643,13000,0,-97913,-84913,-10000,-87913
2023-05-22,00645,850,0,-145382,-144532,25000,-170382
2023-05-22,00646,-7000,0,155741,148741,0,155741
2023-05-22,00647L,-11000,0,-148342,-159342,0,-148342
2023-05-22,00648R,0,0,-2082000,-2082000,0,-2082000
2023-05-22,00650L,86000,0,2101664,2187664,0,2101664
2023-05-22,00651R,0,0,-182000,-182000,0,-182000
2023-05-22,00652,51000,0,-182861,-131861,0,-182861
2023-05-22,00653L,-12000,0,56954,44954,0,56954
2023-05-22,00654R,0,0,219870,219870,0,219870
2023-05-22,00655L,590000,0,415075,1005075,0,415075
2023-05-22,00656R,0,0,22000,22000,0,22000
2023-05-22,00657,0,0,-3718,-3718,0,-3718
2023-05-22,00657K,0,0,0,0,0,0
2023-05-22,00660,0,0,54000,54000,0,54000
2023-05-22,00661,0,0,-207000,-207000,0,-207000
2023-05-22,00662,-5950,0,-28278,-34228,0,-28278
2023-05-22,00663L,0,0,1000,1000,0,1000
2023-05-22,00664R,0,0,-510011,-510011,0,-510011
2023-05-22,00665L,5153000,0,6424736,11577736,0,6424736
2023-05-22,00666R,0,0,-11000,-11000,0,-11000
2023-05-22,00668,0,0,-10043,-10043,0,-10043
2023-05-22,00668K,0,0,0,0,0,0
2023-05-22,00669R,0,0,3858000,3858000,0,3858000
2023-05-22,00670L,16000,0,-215207,-199207,0,-215207
2023-05-22,00671R,1318000,0,-6063100,-4745100,0,-6063100
2023-05-22,00673R,-386000,0,5346000,4960000,-1750000,7096000
2023-05-22,00674R,119000,0,-1517000,-1398000,0,-1517000
2023-05-22,00675L,73000,0,139455,212455,0,139455
2023-05-22,00676R,0,0,699000,699000,0,699000
2023-05-22,00678,0,0,6548,6548,0,6548
2023-05-22,00680L,213000,0,-26322810,-26109810,-1195000,-25127810
2023-05-22,00681R,-1000,0,115000,114000,0,115000
2023-05-22,00682U,0,0,15000,15000,0,15000
2023-05-22,00683L,8000,0,-631000,-623000,5000,-636000
2023-05-22,00685L,0,0,29239,29239,0,29239
2023-05-22,00686R,0,0,6000,6000,0,6000
2023-05-22,00688L,6000,0,-4029757,-4023757,0,-4029757
2023-05-22,00689R,0,0,2000,2000,0,2000
2023-05-22,00690,19040,0,-3764594,-3745554,0,-3764594
2023-05-22,00692,98000,0,154453,252453,0,154453
2023-05-22,00693U,-196000,0,-68000,-264000,0,-68000
2023-05-22,00700,8000,0,-17244,-9244,0,-17244
2023-05-22,00701,200000,0,12224,212224,-5000,17224
2023-05-22,00702,-15000,0,-33128,-48128,0,-33128
2023-05-22,00703,0,0,21000,21000,0,21000
2023-05-22,00706L,3000,0,-2125000,-2122000,0,-2125000
2023-05-22,00708L,216000,0,-128000,88000,0,-128000
2023-05-22,00709,0,0,-161000,-161000,0,-161000
2023-05-22,00710B,-9000,0,-10661,-19661,0,-10661
2023-05-22,00711B,-1000,0,-12000,-13000,0,-12000
2023-05-22,00712,-3319000,0,-2402990,-5721990,0,-2402990
2023-05-22,00713,-288144,0,-3344430,-3632574,275000,-3619430
2023-05-22,00714,0,0,-33000,-33000,0,-33000
2023-05-22,00715L,-7100000,0,-46386987,-53486987,0,-46386987
2023-05-22,00717,2000,0,9000,11000,0,9000
2023-05-22,00728,61000,0,135293,196293,0,135293
2023-05-22,00730,1000,0,-59000,-58000,0,-59000
2023-05-22,00731,79000,0,-26807,52193,0,-26807
2023-05-22,00733,-1000,0,149438,148438,0,149438
2023-05-22,00735,0,0,-71000,-71000,0,-71000
2023-05-22,00736,0,0,-3000,-3000,0,-3000
2023-05-22,00737,49000,0,-19760,29240,0,-19760
2023-05-22,00738U,26000,0,38000,64000,0,38000
2023-05-22,00739,-1000,0,-1630,-2630,0,-1630
2023-05-22,00752,228700,0,-389813,-161113,0,-389813
2023-05-22,00753L,4492000,0,-1019204,3472796,0,-1019204
2023-05-22,00757,36377,0,198502,234879,0,198502
2023-05-22,00762,4666,0,63000,67666,0,63000
2023-05-22,00763U,0,0,-3000,-3000,0,-3000
2023-05-22,00770,42000,0,144000,186000,0,144000
2023-05-22,00771,0,0,-6153,-6153,0,-6153
2023-05-22,00775B,0,0,0,0,0,0
2023-05-22,00783,0,0,-193,-193,0,-193
2023-05-22,00830,-1569000,0,3346870,1777870,0,3346870
2023-05-22,00850,242348,0,295510,537858,6000,289510
2023-05-22,00851,-1000,0,8000,7000,0,8000
2023-05-22,00852L,0,0,14000,14000,0,14000
2023-05-22,00861,-161000,0,411222,250222,0,411222
2023-05-22,00865B,9000,0,60642,69642,0,60642
2023-05-22,00875,350000,0,-220356,129644,0,-220356
2023-05-22,00876,-569,0,181826,181257,0,181826
2023-05-22,00878,11170615,0,3336534,14507149,336000,3000534
2023-05-22,00881,791748,0,1198510,1990258,0,1198510
2023-05-22,00882,-1212000,0,-12485718,-13697718,0,-12485718
2023-05-22,00885,736000,0,687586,1423586,-110000,797586
2023-05-22,00891,957850,0,1068630,2026480,-30000,1098630
2023-05-22,00892,653000,0,-556953,96047,0,-556953
2023-05-22,00893,8067000,0,7664751,15731751,500000,7164751
2023-05-22,00894,208000,0,26426,234426,0,26426
2023-05-22,00895,-31162,0,2050861,2019699,0,2050861
2023-05-22,00896,187583,0,1064926,1252509,0,1064926
2023-05-22,00897,181000,0,-100604,80396,0,-100604
2023-05-22,00898,171000,0,41651,212651,0,41651
2023-05-22,00899,1000,0,25487,26487,0,25487
2023-05-22,00900,1436000,0,994669,2430669,-30000,1024669
2023-05-22,00901,42000,0,178809,220809,0,178809
2023-05-22,00902,-307000,0,1076358,769358,0,1076358
2023-05-22,00903,840000,0,-425798,414202,0,-425798
2023-05-22,00904,-53000,0,92667,39667,0,92667
2023-05-22,00905,326000,0,1142345,1468345,0,1142345
2023-05-22,00906,0,0,1000,1000,0,1000
2023-05-22,00907,289000,0,105741,394741,0,105741
2023-05-22,00908,2000,0,-143881,-141881,0,-143881
2023-05-22,00909,-1000,0,12923,11923,0,12923
2023-05-22,00910,0,0,245043,245043,0,245043
2023-05-22,00911,0,0,-3000,-3000,0,-3000
2023-05-22,00912,153000,0,63357,216357,0,63357
2023-05-22,00913,0,0,8696,8696,0,8696
2023-05-22,00915,11000,0,209165,220165,0,209165
2023-05-22,00916,-104000,0,-64058,-168058,0,-64058
2023-05-22,00917,6000,0,8250,14250,0,8250
2023-05-22,00918,0,0,-48173,-48173,0,-48173
2023-05-22,00919,186723,0,-946182,-759459,0,-946182
2023-05-22,00920,330000,0,-335079,-5079,0,-335079
2023-05-22,00921,0,0,111065,111065,0,111065
2023-05-22,00922,5065000,0,-1208058,3856942,0,-1208058
2023-05-22,00923,0,0,3375285,3375285,0,3375285
2023-05-22,00924,-3000,0,176983,173983,0,176983
2023-05-22,00925,0,0,155000,155000,0,155000
2023-05-22,01002T,-1000,0,3000,2000,3000,0
2023-05-22,020000,0,0,1000,1000,0,1000
2023-05-22,020002,0,0,1000,1000,0,1000
2023-05-22,020012,0,0,40000,40000,0,40000
2023-05-22,020018,0,0,-3000,-3000,0,-3000
2023-05-22,020019,0,0,1000,1000,0,1000
2023-05-22,02001L,0,0,-27000,-27000,0,-27000
2023-05-22,02001R,0,0,15000,15000,0,15000
2023-05-22,02001S,0,0,5000,5000,0,5000
2023-05-22,020020,0,0,73000,73000,0,73000
2023-05-22,020022,0,0,542000,542000,0,542000
2023-05-22,020028,0,0,100000,100000,0,100000
2023-05-22,020029,0,0,178000,178000,0,178000
2023-05-22,020030,0,0,54000,54000,0,54000
2023-05-22,020031,0,0,132000,132000,0,132000
2023-05-22,020032,0,0,23000,23000,0,23000
2023-05-22,020034,0,0,508000,508000,0,508000
2023-05-22,020036,0,0,-39000,-39000,0,-39000
2023-05-22,020037,0,0,-10000,-10000,0,-10000
2023-05-22,1101,1756307,-4725876,570892,-2398677,367003,203889
2023-05-22,1101B,0,0,-24000,-24000,-24000,0
2023-05-22,1102,-29711,139873,-283777,-173615,-118000,-165777
2023-05-22,1103,132000,0,8000,140000,8000,0
2023-05-22,1104,219000,0,551,219551,551,0
2023-05-22,1108,104000,0,0,104000,0,0
2023-05-22,1109,43142,0,107997,151139,107997,0
2023-05-22,1110,33000,0,0,33000,0,0
2023-05-22,1201,-114000,0,7748,-106252,7748,0
2023-05-22,1203,8000,0,1000,9000,1000,0
2023-05-22,1210,858950,500000,286778,1645728,284778,2000
2023-05-22,1215,-494000,2000,11758,-480242,11758,0
2023-05-22,1216,-1226650,-11551,76000,-1162201,13000,63000
2023-05-22,1217,145000,0,0,145000,0,0
2023-05-22,1218,-423000,0,-22000,-445000,0,-22000
2023-05-22,1219,142000,0,0,142000,0,0
2023-05-22,1220,-8000,0,3000,-5000,3000,0
2023-05-22,1225,9000,0,0,9000,0,0
2023-05-22,1227,357000,0,-14000,343000,-9000,-5000
2023-05-22,1229,382000,2670,-999,383671,-999,0
2023-05-22,1231,79000,0,-1000,78000,-1000,0
2023-05-22,1232,4000,0,360,4360,360,0
2023-05-22,1233,4000,0,0,4000,0,0
2023-05-22,1234,-81000,0,49960,-31040,49000,960
2023-05-22,1235,2032,0,0,2032,0,0
2023-05-22,1236,-15000,0,3000,-12000,3000,0
2023-05-22,1256,1000,0,0,1000,0,0
2023-05-22,1301,-106207,150224,-46001,-1984,-5001,-41000
2023-05-22,1303,1594898,913988,-11999,2496887,2001,-14000
2023-05-22,1304,229000,0,112,229112,112,0
2023-05-22,1305,132000,0,1000,133000,0,1000
2023-05-22,1307,90000,0,105000,195000,105000,0
2023-05-22,1308,85285,0,-198,85087,-198,0
2023-05-22,1309,142000,0,0,142000,0,0
2023-05-22,1310,768000,0,0,768000,0,0
2023-05-22,1312,287000,0,-3086,283914,-3086,0
2023-05-22,1313,152000,0,0,152000,0,0
2023-05-22,1314,1093000,0,-9945,1083055,-9945,0
2023-05-22,1315,4000,0,0,4000,0,0
2023-05-22,1316,381000,0,0,381000,0,0
2023-05-22,1319,2879106,0,244996,3124102,-24004,269000
2023-05-22,1321,13000,0,0,13000,0,0
2023-05-22,1323,1000,0,0,1000,0,0
2023-05-22,1324,-5000,0,0,-5000,0,0
2023-05-22,1325,134000,0,-9000,125000,-9000,0
2023-05-22,1326,503053,0,12000,515053,4000,8000
2023-05-22,1337,176000,0,-2000,174000,-2000,0
2023-05-22,1338,2000,0,1000,3000,1000,0
2023-05-22,1339,9000,0,-27,8973,-27,0
2023-05-22,1340,15000,0,0,15000,0,0
2023-05-22,1342,20000,0,202,20202,0,202
2023-05-22,1402,17315,-207000,-225228,-414913,-82795,-142433
2023-05-22,1409,306000,70000,-84,375916,-84,0
2023-05-22,1410,-7000,0,0,-7000,0,0
2023-05-22,1413,0,0,2000,2000,2000,0
2023-05-22,1414,-3000,0,0,-3000,0,0
2023-05-22,1416,116000,0,0,116000,0,0
2023-05-22,1417,127000,0,0,127000,0,0
2023-05-22,1418,3000,0,-2000,1000,-2000,0
2023-05-22,1419,10000,0,1065,11065,1065,0
2023-05-22,1423,27000,0,14,27014,14,0
2023-05-22,1432,82000,0,3033,85033,3033,0
2023-05-22,1434,238000,0,70983,308983,70983,0
2023-05-22,1436,4000,0,0,4000,0,0
2023-05-22,1437,83000,0,0,83000,0,0
2023-05-22,1438,2000,0,0,2000,0,0
2023-05-22,1439,-1000,0,0,-1000,0,0
2023-05-22,1440,68000,0,18789,86789,-1211,20000
2023-05-22,1441,2000,0,0,2000,0,0
2023-05-22,1442,96000,0,14000,110000,14000,0
2023-05-22,1443,-1000,0,0,-1000,0,0
2023-05-22,1444,376000,0,19757,395757,-243,20000
2023-05-22,1445,42000,0,0,42000,0,0
2023-05-22,1446,4000,0,0,4000,0,0
2023-05-22,1447,-217000,0,0,-217000,0,0
2023-05-22,1449,0,0,0,0,0,0
2023-05-22,1451,-164999,0,-6000,-170999,-6000,0
2023-05-22,1452,-1000,0,0,-1000,0,0
2023-05-22,1453,50000,0,2000,52000,2000,0
2023-05-22,1454,-48000,0,-4000,-52000,-4000,0
2023-05-22,1455,-15000,0,-44363,-59363,-44363,0
2023-05-22,1456,-1000,0,2000,1000,2000,0
2023-05-22,1457,11000,0,0,11000,0,0
2023-05-22,1459,-41000,0,0,-41000,0,0
2023-05-22,1460,174000,0,0,174000,0,0
2023-05-22,1464,24000,0,0,24000,0,0
2023-05-22,1465,-2000,0,0,-2000,0,0
2023-05-22,1466,-2000,0,-1000,-3000,-1000,0
2023-05-22,1467,-51000,0,0,-51000,0,0
2023-05-22,1468,1000,0,0,1000,0,0
2023-05-22,1470,0,0,3000,3000,3000,0
2023-05-22,1471,479000,0,0,479000,0,0
2023-05-22,1472,3000,0,1000,4000,1000,0
2023-05-22,1473,1000,0,-3000,-2000,-3000,0
2023-05-22,1474,11000,0,-1000,10000,-1000,0
2023-05-22,1475,-2000,0,-1000,-3000,-1000,0
2023-05-22,1476,-103000,-76599,-20943,-200542,-14000,-6943
2023-05-22,1477,10631,0,-74396,-63765,-68000,-6396
2023-05-22,1503,235000,169000,30718,434718,88000,-57282
2023-05-22,1504,386450,747000,79827,1213277,116827,-37000
2023-05-22,1506,26000,0,5000,31000,5000,0
2023-05-22,1513,6402564,300000,1327812,8030376,400410,927402
2023-05-22,1514,3839000,0,526389,4365389,4389,522000
2023-05-22,1515,51000,0,-290,50710,-290,0
2023-05-22,1516,-4000,0,0,-4000,0,0
2023-05-22,1517,26000,0,23,26023,23,0
2023-05-22,1519,-112990,287000,-64003,110007,28156,-92159
2023-05-22,1521,-2000,0,0,-2000,0,0
2023-05-22,1522,574000,0,5000,579000,0,5000
2023-05-22,1522A,0,0,-1000,-1000,-1000,0
2023-05-22,1524,178000,0,-5000,173000,-5000,0
2023-05-22,1525,61000,0,-3937,57063,-3937,0
2023-05-22,1526,78000,0,5000,83000,5000,0
2023-05-22,1527,-39000,0,0,-39000,0,0
2023-05-22,1528,627000,0,-205,626795,-205,0
2023-05-22,1529,467000,0,-6000,461000,-6000,0
2023-05-22,1530,2000,0,0,2000,0,0
2023-05-22,1531,3000,0,-4000,-1000,-4000,0
2023-05-22,1532,8000,-140000,-10998,-142998,-10998,0
2023-05-22,1533,86000,0,13000,99000,13000,0
2023-05-22,1535,15000,0,4000,19000,4000,0
2023-05-22,1536,431000,0,37271,468271,4971,32300
2023-05-22,1537,-6000,0,1000,-5000,1000,0
2023-05-22,1538,0,0,462,462,462,0
2023-05-22,1539,63000,0,0,63000,0,0
2023-05-22,1540,34000,0,6000,40000,6000,0
2023-05-22,1541,-2000,0,0,-2000,0,0
2023-05-22,1558,2000,0,8000,10000,8000,0
2023-05-22,1560,113000,0,6300,119300,-3000,9300
2023-05-22,1568,7000,0,0,7000,0,0
2023-05-22,1582,-20000,0,4327,-15673,4327,0
2023-05-22,1587,3000,0,0,3000,0,0
2023-05-22,1589,2218000,490000,13269,2721269,-26000,39269
2023-05-22,1590,-5795,11835,-4734,1306,-5000,266
2023-05-22,1597,-1000,0,1000,0,1000,0
2023-05-22,1598,145000,0,0,145000,0,0
2023-05-22,1603,129000,0,1000,130000,1000,0
2023-05-22,1604,-21000,0,4000,-17000,4000,0
2023-05-22,1605,-2887026,-1518415,39276,-4366165,16291,22985
2023-05-22,1608,71000,0,54843,125843,-15157,70000
2023-05-22,1609,3929080,0,586475,4515555,82475,504000
2023-05-22,1611,1180000,0,0,1180000,0,0
2023-05-22,1612,487000,0,12000,499000,12000,0
2023-05-22,1614,1000,0,0,1000,0,0
2023-05-22,1615,-22000,0,-1000,-23000,-1000,0
2023-05-22,1616,320000,0,-4000,316000,-4000,0
2023-05-22,1617,17000,0,0,17000,0,0
2023-05-22,1618,646000,0,-56000,590000,-56000,0
2023-05-22,1626,1000,0,0,1000,0,0
2023-05-22,1701,587000,0,0,587000,0,0
2023-05-22,1702,104000,0,4,104004,-3996,4000
2023-05-22,1707,89000,-166000,-3579,-80579,0,-3579
2023-05-22,1708,237000,0,-1000,236000,-1000,0
2023-05-22,1709,-100000,0,1000,-99000,1000,0
2023-05-22,1710,728000,0,-2999,725001,-2999,0
2023-05-22,1711,-116000,0,0,-116000,0,0
2023-05-22,1712,-124880,0,270,-124610,270,0
2023-05-22,1713,-9000,0,0,-9000,0,0
2023-05-22,1714,-2000,0,2000,0,2000,0
2023-05-22,1717,418000,0,-294000,124000,0,-294000
2023-05-22,1718,414000,0,-26000,388000,-26000,0
2023-05-22,1720,450000,0,13613,463613,-387,14000
2023-05-22,1721,288000,0,0,288000,0,0
2023-05-22,1722,287000,0,956,287956,956,0
2023-05-22,1723,-14000,0,0,-14000,0,0
2023-05-22,1725,5000,0,0,5000,0,0
2023-05-22,1726,7000,0,27161,34161,27161,0
2023-05-22,1727,222000,0,-86204,135796,-86204,0
2023-05-22,1730,5000,0,0,5000,0,0
2023-05-22,1731,211000,0,-1000,210000,-1000,0
2023-05-22,1732,-24000,0,0,-24000,0,0
2023-05-22,1733,44000,0,0,44000,0,0
2023-05-22,1734,463000,0,0,463000,0,0
2023-05-22,1735,11000,0,6000,17000,6000,0
2023-05-22,1736,-30000,0,-80,-30080,-80,0
2023-05-22,1737,-41000,0,0,-41000,0,0
2023-05-22,1752,114000,0,1000,115000,1000,0
2023-05-22,1760,-93000,-68000,-15191,-176191,5000,-20191
2023-05-22,1762,576000,0,66971,642971,66971,0
2023-05-22,1773,23000,0,-1733,21267,-1733,0
2023-05-22,1776,-2000,0,0,-2000,0,0
2023-05-22,1783,-20000,0,-648,-20648,-648,0
2023-05-22,1786,24000,0,-1999,22001,-1999,0
2023-05-22,1789,-58000,0,1003,-56997,1001,2
2023-05-22,1795,-2429400,-56954,-175343,-2661697,57577,-232920
2023-05-22,1802,-218000,-19855,-179899,-417754,4101,-184000
2023-05-22,1806,41000,0,0,41000,0,0
2023-05-22,1808,-18000,0,0,-18000,0,0
2023-05-22,1809,-789000,0,-1000,-790000,-1000,0
2023-05-22,1810,751000,0,0,751000,0,0
2023-05-22,1817,-3000,0,20978,17978,20000,978
2023-05-22,1903,70000,0,0,70000,0,0
2023-05-22,1904,741000,0,19998,760998,19998,0
2023-05-22,1905,1186000,0,-175637,1010363,-175637,0
2023-05-22,1906,71000,0,-198,70802,-198,0
2023-05-22,1907,2333000,-19855,16104,2329249,20104,-4000
2023-05-22,1909,475000,-348000,79000,206000,79000,0
2023-05-22,2002,8710911,1769000,196000,10675911,132000,64000
2023-05-22,2006,321000,31000,-162454,189546,-123454,-39000
2023-05-22,2007,146000,0,-25000,121000,-25000,0
2023-05-22,2008,-2000,0,188,-1812,188,0
2023-05-22,2009,178000,0,7000,185000,0,7000
2023-05-22,2010,242000,0,0,242000,0,0
2023-05-22,2012,19000,0,0,19000,0,0
2023-05-22,2013,-7000,0,1000,-6000,1000,0
2023-05-22,2014,664000,0,100440,764440,440,100000
2023-05-22,2015,-29000,19000,-13,-10013,-13,0
2023-05-22,2017,237000,0,0,237000,0,0
2023-05-22,2020,3000,0,0,3000,0,0
2023-05-22,2022,-131000,0,1000,-130000,1000,0
2023-05-22,2023,566000,0,0,566000,0,0
2023-05-22,2024,4000,0,0,4000,0,0
2023-05-22,2025,52000,0,0,52000,0,0
2023-05-22,2027,4279903,223725,-20000,4483628,49000,-69000
2023-05-22,2028,96000,0,1000,97000,1000,0
2023-05-22,2029,-12000,0,0,-12000,0,0
2023-05-22,2030,205000,0,37000,242000,37000,0
2023-05-22,2031,-764000,-100000,-52181,-916181,33000,-85181
2023-05-22,2032,5000,0,0,5000,0,0
2023-05-22,2033,15000,0,11000,26000,11000,0
2023-05-22,2034,100000,0,1000,101000,1000,0
2023-05-22,2038,139000,0,0,139000,0,0
2023-05-22,2049,158000,800,124966,283766,84970,39996
2023-05-22,2059,51000,-32000,13309,32309,6309,7000
2023-05-22,2062,-6000,0,0,-6000,0,0
2023-05-22,2069,18000,0,0,18000,0,0
2023-05-22,2101,-47000,0,1000,-46000,1000,0
2023-05-22,2102,-43000,0,1000,-42000,1000,0
2023-05-22,2103,-163000,0,-33323,-196323,-33323,0
2023-05-22,2104,2196000,0,0,2196000,0,0
2023-05-22,2105,1897898,-14424,-74780,1808694,-67397,-7383
2023-05-22,2106,351000,0,0,351000,0,0
2023-05-22,2107,4000,0,-5000,-1000,-5000,0
2023-05-22,2108,-5000,0,3969,-1031,3969,0
2023-05-22,2109,-24000,0,0,-24000,0,0
2023-05-22,2114,1000,0,0,1000,0,0
2023-05-22,2115,-9000,0,3000,-6000,3000,0
2023-05-22,2201,4702394,0,1623684,6326078,363664,1260020
2023-05-22,2204,-96010,0,-204821,-300831,-10966,-193855
2023-05-22,2206,682000,-13542,396483,1064941,180483,216000
2023-05-22,2207,78122,0,22013,100135,21000,1013
2023-05-22,2208,648000,0,-93787,554213,-93787,0
2023-05-22,2211,386000,0,6339,392339,339,6000
2023-05-22,2227,0,0,12000,12000,1000,11000
2023-05-22,2228,-4000,0,1000,-3000,1000,0
2023-05-22,2231,-120000,0,12752,-107248,548,12204
2023-05-22,2233,30000,0,0,30000,0,0
2023-05-22,2236,67000,0,1000,68000,1000,0
2023-05-22,2239,134000,0,18000,152000,18000,0
2023-05-22,2241,6000,0,0,6000,0,0
2023-05-22,2243,61000,0,-3000,58000,-3000,0
2023-05-22,2247,-59200,0,-5000,-64200,-5000,0
2023-05-22,2250,-3000,0,0,-3000,0,0
2023-05-22,2301,44179,-362000,-519172,-836993,-16000,-503172
2023-05-22,2302,-70000,0,-4000,-74000,-4000,0
2023-05-22,2303,-38175918,-7162000,-530384,-45868302,223166,-753550
2023-05-22,2305,-94000,0,0,-94000,0,0
2023-05-22,2308,-320504,-281336,10961,-590879,20468,-9507
2023-05-22,2312,874000,0,1000,875000,1000,0
2023-05-22,2313,-6481603,68000,-601,-6414204,84212,-84813
2023-05-22,2314,157000,0,0,157000,0,0
2023-05-22,2316,7000,0,390,7390,390,0
2023-05-22,2317,-1047570,-11000,-128000,-1186570,-97000,-31000
2023-05-22,2323,-3332000,0,24000,-3308000,24000,0
2023-05-22,2324,11850114,-5756000,-159921,5934193,87999,-247920
2023-05-22,2327,-344719,-826968,34026,-1137661,26858,7168
2023-05-22,2328,125000,0,37000,162000,5000,32000
2023-05-22,2329,434000,0,21000,455000,-14000,35000
2023-05-22,2330,6069215,-161250,123363,6031328,21100,102263
2023-05-22,2331,3137030,0,337587,3474617,162985,174602
2023-05-22,2332,345031,0,-362999,-17968,-83999,-279000
2023-05-22,2337,-412,0,-120452,-120864,-4452,-116000
2023-05-22,2338,-564950,0,-80999,-645949,-45999,-35000
2023-05-22,2340,311000,0,-28000,283000,0,-28000
2023-05-22,2342,208000,0,0,208000,0,0
2023-05-22,2344,-4506682,0,-823740,-5330422,-275000,-548740
2023-05-22,2345,32179,-618000,62544,-523277,67000,-4456
2023-05-22,2347,68500,-85320,558211,541391,622000,-63789
2023-05-22,2348,7000,0,0,7000,0,0
2023-05-22,2349,144000,0,-4000,140000,-4000,0
2023-05-22,2351,220000,-200000,4807,24807,0,4807
2023-05-22,2352,-5208000,0,-457615,-5665615,-371003,-86612
2023-05-22,2353,8619955,-2279000,-119478,6221477,60917,-180395
2023-05-22,2354,318500,0,304,318804,304,0
2023-05-22,2355,-52000,0,28,-51972,28,0
2023-05-22,2356,1604420,-4950000,-308653,-3654233,17784,-326437
2023-05-22,2357,202106,225000,-40393,386713,2307,-42700
2023-05-22,2358,151157,0,-1000,150157,-1000,0
2023-05-22,2359,354000,0,-3297,350703,-3297,0
2023-05-22,2360,517456,0,-46045,471411,-14000,-32045
2023-05-22,2362,455000,0,0,455000,0,0
2023-05-22,2363,118000,0,0,118000,0,0
2023-05-22,2364,77000,0,0,77000,0,0
2023-05-22,2365,-147000,0,0,-147000,0,0
2023-05-22,2367,730000,0,16000,746000,0,16000
2023-05-22,2368,1322300,1740000,-736209,2326091,-102176,-634033
2023-05-22,2369,305000,0,0,305000,0,0
2023-05-22,2371,438000,0,-187863,250137,-187863,0
2023-05-22,2373,-33000,0,-594,-33594,-594,0
2023-05-22,2374,89000,0,-182,88818,-182,0
2023-05-22,2375,270000,0,120,270120,120,0
2023-05-22,2376,-898757,1504000,576374,1181617,604374,-28000
2023-05-22,2377,2083000,-249000,1135,1835135,-2218,3353
2023-05-22,2379,-77580,168617,-47286,43751,-18000,-29286
2023-05-22,2380,25000,0,0,25000,0,0
2023-05-22,2382,-1535458,-890000,916839,-1508619,951839,-35000
2023-05-22,2383,134980,387000,169331,691311,212578,-43247
2023-05-22,2385,-28922,40000,40182,51260,87182,-47000
2023-05-22,2387,16000,0,0,16000,0,0
2023-05-22,2388,746000,0,117769,863769,34000,83769
2023-05-22,2390,-35000,0,0,-35000,0,0
2023-05-22,2392,122000,0,-38000,84000,-42000,4000
2023-05-22,2393,-99000,0,9000,-90000,8000,1000
2023-05-22,2395,454975,1173,2548,458696,4000,-1452
2023-05-22,2397,4000,0,0,4000,0,0
2023-05-22,2399,2691000,0,2000,2693000,2000,0
2023-05-22,2401,373000,0,17000,390000,21000,-4000
2023-05-22,2402,2435000,0,-36126,2398874,-71126,35000
2023-05-22,2404,176000,1000,7288,184288,3288,4000
2023-05-22,2405,137000,0,0,137000,0,0
2023-05-22,2406,317000,0,-22,316978,-22,0
2023-05-22,2408,88700,-948831,-299395,-1159526,-160000,-139395
2023-05-22,2409,11811056,448000,1062000,13321056,1089000,-27000
2023-05-22,2412,-3836618,-2049426,195813,-5690231,193000,2813
2023-05-22,2413,15000,0,0,15000,0,0
2023-05-22,2414,-8000,0,506,-7494,506,0
2023-05-22,2415,4000,0,2000,6000,2000,0
2023-05-22,2417,66000,0,-1000,65000,-1000,0
2023-05-22,2419,179500,0,-143,179357,-143,0
2023-05-22,2420,15000,0,-1000,14000,-1000,0
2023-05-22,2421,-1819000,0,257381,-1561619,190987,66394
2023-05-22,2423,85000,0,0,85000,0,0
2023-05-22,2425,165000,0,-2000,163000,-2000,0
2023-05-22,2426,117000,0,0,117000,0,0
2023-05-22,2427,4637000,0,21000,4658000,21000,0
2023-05-22,2428,3000,0,-14806,-11806,0,-14806
2023-05-22,2429,-2000,0,-2000,-4000,-2000,0
2023-05-22,2430,59000,0,0,59000,0,0
2023-05-22,2431,197000,0,-3000,194000,-3000,0
2023-05-22,2433,-4902,0,0,-4902,0,0
2023-05-22,2434,0,0,0,0,0,0
2023-05-22,2436,252000,0,0,252000,0,0
2023-05-22,2438,220000,0,0,220000,0,0
2023-05-22,2439,50000,0,36000,86000,35000,1000
2023-05-22,2440,17000,0,1000,18000,1000,0
2023-05-22,2441,96000,0,-3197,92803,-3197,0
2023-05-22,2442,-717000,0,976,-716024,976,0
2023-05-22,2444,-4000,0,-4000,-8000,-4000,0
2023-05-22,2449,-181000,0,-100458,-281458,-21000,-79458
2023-05-22,2450,58000,0,3912,61912,3912,0
2023-05-22,2451,250000,0,-1000,249000,-1000,0
2023-05-22,2453,308100,0,-32056,276044,-32056,0
2023-05-22,2454,591702,101048,63000,755750,29000,34000
2023-05-22,2455,739000,-476000,73001,336001,3001,70000
2023-05-22,2457,4828000,0,-5500,4822500,-27476,21976
2023-05-22,2458,29000,-2000,-11813,15187,-4001,-7812
2023-05-22,2459,14000,0,0,14000,0,0
2023-05-22,2460,35000,0,0,35000,0,0
2023-05-22,2461,130000,0,-12000,118000,-12000,0
2023-05-22,2462,118000,0,-1000,117000,-1000,0
2023-05-22,2464,29000,0,-3000,26000,-3000,0
2023-05-22,2465,56000,0,0,56000,0,0
2023-05-22,2466,7000,0,0,7000,0,0
2023-05-22,2467,-33000,0,40075,7075,40075,0
2023-05-22,2468,227000,-17672,-3000,206328,-3000,0
2023-05-22,2471,9500,0,0,9500,0,0
2023-05-22,2472,75000,-100000,1000,-24000,0,1000
2023-05-22,2474,340871,234770,-27990,547651,-1000,-26990
2023-05-22,2476,157000,0,-3000,154000,0,-3000
2023-05-22,2477,-2000,0,0,-2000,0,0
2023-05-22,2478,20000,0,1000,21000,1000,0
2023-05-22,2480,-83000,0,-494,-83494,-494,0
2023-05-22,2481,540000,0,59960,599960,57960,2000
2023-05-22,2482,32000,0,-17000,15000,-17000,0
2023-05-22,2483,-29000,0,0,-29000,0,0
2023-05-22,2484,248000,0,-65,247935,-65,0
2023-05-22,2485,6000,0,7000,13000,7000,0
2023-05-22,2486,934000,0,0,934000,0,0
2023-05-22,2488,44000,0,0,44000,0,0
2023-05-22,2489,-436000,0,12001,-423999,12001,0
2023-05-22,2491,-8000,0,1000,-7000,1000,0
2023-05-22,2492,1191100,0,370,1191470,-80105,80475
2023-05-22,2493,59000,0,0,59000,0,0
2023-05-22,2495,382000,0,6974,388974,6974,0
2023-05-22,2496,9000,0,0,9000,0,0
2023-05-22,2497,236000,0,-3000,233000,-3000,0
2023-05-22,2498,2835529,0,488000,3323529,164000,324000
2023-05-22,2501,161000,0,4000,165000,4000,0
2023-05-22,2504,-1182000,49000,-30000,-1163000,-30000,0
2023-05-22,2505,-32000,0,0,-32000,0,0
2023-05-22,2506,15000,0,0,15000,0,0
2023-05-22,2509,-1000,0,1000,0,1000,0
2023-05-22,2511,-163000,0,0,-163000,0,0
2023-05-22,2515,1518000,0,-18000,1500000,-50000,32000
2023-05-22,2516,18000,0,0,18000,0,0
2023-05-22,2520,64000,0,272,64272,272,0
2023-05-22,2524,9000,0,3003,12003,3003,0
2023-05-22,2527,16000,0,0,16000,0,0
2023-05-22,2528,169000,0,20093,189093,20093,0
2023-05-22,2530,-157000,0,620,-156380,620,0
2023-05-22,2534,29000,0,0,29000,0,0
2023-05-22,2535,52000,0,-311,51689,-311,0
2023-05-22,2536,-32000,0,0,-32000,0,0
2023-05-22,2537,196000,0,0,196000,0,0
2023-05-22,2538,-6000,0,0,-6000,0,0
2023-05-22,2539,149000,0,0,149000,0,0
2023-05-22,2540,39000,0,-12000,27000,-12000,0
2023-05-22,2542,1957786,0,-101000,1856786,-22000,-79000
2023-05-22,2543,-1000,0,0,-1000,0,0
2023-05-22,2545,6000,0,1000,7000,1000,0
2023-05-22,2546,14000,0,-11,13989,0,-11
2023-05-22,2547,4000,0,0,4000,0,0
2023-05-22,2548,-25000,0,43000,18000,43000,0
2023-05-22,2597,-27000,0,18000,-9000,18000,0
2023-05-22,2601,1052000,0,0,1052000,0,0
2023-05-22,2603,1504244,-99279,2995244,4400209,2437270,557974
2023-05-22,2605,864000,0,67000,931000,-27000,94000
2023-05-22,2606,293686,33000,-130383,196303,-116383,-14000
2023-05-22,2607,358000,0,0,358000,0,0
2023-05-22,2608,27000,0,5000,32000,5000,0
2023-05-22,2609,2805115,2000,1216674,4023789,730000,486674
2023-05-22,2610,8056376,0,592961,8649337,87000,505961
2023-05-22,2611,86000,0,-1000,85000,-1000,0
2023-05-22,2612,79000,0,0,79000,0,0
2023-05-22,2613,53000,0,0,53000,0,0
2023-05-22,2614,497000,0,9000,506000,9000,0
2023-05-22,2615,-1993110,10000,215000,-1768110,155000,60000
2023-05-22,2616,-40000,0,0,-40000,0,0
2023-05-22,2617,84000,0,-5000,79000,-5000,0
2023-05-22,2618,-39645157,9098000,8893238,-21653919,4217861,4675377
2023-05-22,2630,359000,0,0,359000,0,0
2023-05-22,2633,-405893,115000,34000,-256893,19000,15000
2023-05-22,2634,12712000,-300000,3192372,15604372,1734624,1457748
2023-05-22,2636,67150,0,4000,71150,1000,3000
2023-05-22,2637,266000,127000,29166,422166,37166,-8000
2023-05-22,2642,39000,0,-1000,38000,-1000,0
2023-05-22,2645,262000,0,20000,282000,20000,0
2023-05-22,2701,337000,0,15000,352000,15000,0
2023-05-22,2702,9000,0,0,9000,0,0
2023-05-22,2704,22000,0,-1000,21000,-1000,0
2023-05-22,2705,311000,0,3000,314000,3000,0
2023-05-22,2706,-1000,0,133000,132000,133000,0
2023-05-22,2707,-189802,-18974,-27180,-235956,-495,-26685
2023-05-22,2712,-3000,0,1000,-2000,1000,0
2023-05-22,2722,-306000,0,0,-306000,0,0
2023-05-22,2723,-85000,-30000,-95130,-210130,1033,-96163
2023-05-22,2727,398400,0,26518,424918,27193,-675
2023-05-22,2731,804000,40000,87074,931074,87074,0
2023-05-22,2739,-154492,0,-133000,-287492,-133000,0
2023-05-22,2748,-417000,660000,-39636,203364,-27000,-12636
2023-05-22,2753,-59942,-46000,-5851,-111793,149,-6000
2023-05-22,2801,6134535,0,219000,6353535,20000,199000
2023-05-22,2809,940000,0,-57000,883000,0,-57000
2023-05-22,2812,98000,0,1000,99000,0,1000
2023-05-22,2816,20000,0,110,20110,110,0
2023-05-22,2820,66000,0,13482,79482,13482,0
2023-05-22,2832,70000,0,1000,71000,1000,0
2023-05-22,2834,4917142,-5000,122000,5034142,1000,121000
2023-05-22,2836,-74000,0,-9000,-83000,-9000,0
2023-05-22,2836A,0,0,-75000,-75000,-75000,0
2023-05-22,2838,465000,0,4000,469000,3000,1000
2023-05-22,2845,605000,0,6000,611000,5000,1000
2023-05-22,2849,21000,0,0,21000,0,0
2023-05-22,2850,16000,0,0,16000,0,0
2023-05-22,2851,491000,0,788,491788,788,0
2023-05-22,2852,18000,0,-13000,5000,-13000,0
2023-05-22,2855,211000,0,0,211000,0,0
2023-05-22,2867,4048000,0,24000,4072000,0,24000
2023-05-22,2880,2643699,-9000,-13000,2621699,-33000,20000
2023-05-22,2881,818232,443025,-152004,1109253,-42001,-110003
2023-05-22,2881A,0,0,-272000,-272000,-272000,0
2023-05-22,2881B,0,-7000,-12000,-19000,-12000,0
2023-05-22,2881C,0,0,-18735,-18735,-18735,0
2023-05-22,2882,2213744,1994669,-196005,4012408,-151005,-45000
2023-05-22,2882A,0,0,-176000,-176000,-176000,0
2023-05-22,2882B,0,0,-13000,-13000,-13000,0
2023-05-22,2883,20873845,3735000,-319000,24289845,-365000,46000
2023-05-22,2883B,329000,0,-721000,-392000,-721000,0
2023-05-22,2884,2594663,-12000,16000,2598663,45000,-29000
2023-05-22,2885,1479199,1355000,-402001,2432198,2999,-405000
2023-05-22,2886,6855660,-2463000,3000,4395660,-12000,15000
2023-05-22,2887,6346663,-10000,-7000,6329663,-6000,-1000
2023-05-22,2887E,0,0,-307000,-307000,-307000,0
2023-05-22,2888,-2927400,-13000,-283000,-3223400,-2025000,1742000
2023-05-22,2888A,0,0,-1000,-1000,-1000,0
2023-05-22,2888B,0,0,-42000,-42000,-42000,0
2023-05-22,2889,1077410,0,0,1077410,0,0
2023-05-22,2890,6734352,1768000,-336000,8166352,0,-336000
2023-05-22,2891,4160887,1649000,-257000,5552887,-13000,-244000
2023-05-22,2891B,0,0,0,0,0,0
2023-05-22,2891C,0,0,1000,1000,1000,0
2023-05-22,2892,2099181,-1076000,22000,1045181,0,22000
2023-05-22,2897,2320000,0,-15000,2305000,-15000,0
2023-05-22,2901,2000,0,0,2000,0,0
2023-05-22,2903,-42000,124000,67002,149002,67002,0
2023-05-22,2904,3000,0,3000,6000,3000,0
2023-05-22,2905,53000,0,0,53000,0,0
2023-05-22,2906,58000,0,0,58000,0,0
2023-05-22,2908,44000,0,17000,61000,17000,0
2023-05-22,2910,1000,0,0,1000,0,0
2023-05-22,2911,10000,0,0,10000,0,0
2023-05-22,2912,-602445,0,4000,-598445,0,4000
2023-05-22,2913,1143000,0,105910,1248910,105910,0
2023-05-22,2915,117500,-7191,-84000,26309,-30000,-54000
2023-05-22,2923,46000,0,42000,88000,42000,0
2023-05-22,2929,171000,0,4000,175000,4000,0
2023-05-22,2939,-1000,0,0,-1000,0,0
2023-05-22,3002,27000,0,0,27000,0,0
2023-05-22,3003,-509000,0,-8000,-517000,32000,-40000
2023-05-22,3004,433000,0,36000,469000,36000,0
2023-05-22,3005,1980529,0,82508,2063037,68476,14032
2023-05-22,3006,-161000,0,30381,-130619,37371,-6990
2023-05-22,3008,-68320,36255,-19246,-51311,-1156,-18090
2023-05-22,3010,12000,15000,23000,50000,23000,0
2023-05-22,3011,79000,0,-2000,77000,-2000,0
2023-05-22,3013,366000,0,-1000,365000,-1000,0
2023-05-22,3014,-61000,274000,-77999,135001,-29999,-48000
2023-05-22,3015,47000,0,40704,87704,40704,0
2023-05-22,3016,66000,0,-4043,61957,-4043,0
2023-05-22,3017,1382424,64000,27856,1474280,15870,11986
2023-05-22,3019,107999,0,-2000,105999,-2000,0
2023-05-22,3021,5000,0,-2000,3000,-2000,0
2023-05-22,3022,155000,0,36511,191511,9511,27000
2023-05-22,3023,226668,-198000,-2277,26391,-3192,915
2023-05-22,3024,657000,0,-57000,600000,-57000,0
2023-05-22,3025,645000,100000,2000,747000,2000,0
2023-05-22,3026,-2000,0,19000,17000,19000,0
2023-05-22,3027,439000,0,-1000,438000,-1000,0
2023-05-22,3028,99000,0,1000,100000,1000,0
2023-05-22,3029,-482000,0,-31724,-513724,5276,-37000
2023-05-22,3030,72000,0,0,72000,0,0
2023-05-22,3031,35000,0,106002,141002,106002,0
2023-05-22,3032,480000,0,0,480000,0,0
2023-05-22,3033,287000,0,-18148,268852,-18148,0
2023-05-22,3034,-156289,-36100,-56991,-249380,-45146,-11845
2023-05-22,3035,-2692887,-77000,-376151,-3146038,-266151,-110000
2023-05-22,3036,454000,17000,-42000,429000,1000,-43000
2023-05-22,3036A,0,20000,-47000,-27000,-47000,0
2023-05-22,3037,-6317793,-799379,-32343,-7149515,7012,-39355
2023-05-22,3038,-811000,100000,2210,-708790,2210,0
2023-05-22,3040,1000,0,0,1000,0,0
2023-05-22,3041,191000,0,0,191000,0,0
2023-05-22,3042,135000,15000,12000,162000,12000,0
2023-05-22,3043,94000,0,-1000,93000,-1000,0
2023-05-22,3044,-310900,25000,-36162,-322062,-23162,-13000
2023-05-22,3045,-121855,-286224,-44000,-452079,-39000,-5000
2023-05-22,3046,741000,0,28000,769000,28000,0
2023-05-22,3047,531000,0,0,531000,0,0
2023-05-22,3048,6000,0,-207,5793,-207,0
2023-05-22,3049,472000,0,0,472000,0,0
2023-05-22,3050,350000,0,0,350000,0,0
2023-05-22,3051,102000,0,0,102000,0,0
2023-05-22,3052,266000,0,-6000,260000,-6000,0
2023-05-22,3055,17000,0,-14000,3000,-14000,0
2023-05-22,3056,1318000,0,5165,1323165,165,5000
2023-05-22,3057,3000,0,-1000,2000,-1000,0
2023-05-22,3058,-117658,0,-5000,-122658,-5000,0
2023-05-22,3059,124000,0,30000,154000,30000,0
2023-05-22,3060,12000,0,306,12306,306,0
2023-05-22,3062,550000,0,-10000,540000,0,-10000
2023-05-22,3090,52000,0,692,52692,692,0
2023-05-22,3092,24000,0,-1000,23000,-1000,0
2023-05-22,3094,266000,0,0,266000,0,0
2023-05-22,3130,-8431,0,9000,569,9000,0
2023-05-22,3138,36000,0,0,36000,0,0
2023-05-22,3149,209000,0,-2000,207000,-2000,0
2023-05-22,3164,-49000,0,-2000,-51000,-2000,0
2023-05-22,3167,-5000,0,734,-4266,734,0
2023-05-22,3189,721000,-54000,-20682,646318,-4266,-16416
2023-05-22,3209,107000,0,0,107000,0,0
2023-05-22,3231,1902002,-511000,-328172,1062830,754000,-1082172
2023-05-22,3257,0,0,7000,7000,7000,0
2023-05-22,3266,-3000,0,0,-3000,0,0
2023-05-22,3296,-69000,0,0,-69000,0,0
2023-05-22,3305,137000,0,0,137000,0,0
2023-05-22,3308,40000,0,-7579,32421,-7579,0
2023-05-22,3311,-1000,0,146,-854,146,0
2023-05-22,3312,87000,0,0,87000,0,0
2023-05-22,3338,105000,0,5000,110000,5000,0
2023-05-22,3346,547000,0,2000,549000,2000,0
2023-05-22,3356,281000,0,0,281000,0,0
2023-05-22,3376,131000,0,-7000,124000,-7000,0
2023-05-22,3380,385000,0,91000,476000,61000,30000
2023-05-22,3406,157000,36000,-123518,69482,-1820,-121698
2023-05-22,3413,-50000,0,3942,-46058,-58,4000
2023-05-22,3416,32000,0,0,32000,0,0
2023-05-22,3419,416000,0,0,416000,0,0
2023-05-22,3432,99000,0,0,99000,0,0
2023-05-22,3437,20000,0,7000,27000,7000,0
2023-05-22,3443,-591677,21000,-36738,-607415,7000,-43738
2023-05-22,3447,72000,0,0,72000,0,0
2023-05-22,3450,-20000,0,-1,-20001,-1,0
2023-05-22,3454,-137000,0,-5185,-142185,-6000,815
2023-05-22,3481,7939089,2612000,3704713,14255802,1708000,1996713
2023-05-22,3494,26000,0,0,26000,0,0
2023-05-22,3501,23000,0,0,23000,0,0
2023-05-22,3504,120000,0,28001,148001,0,28001
2023-05-22,3515,-21000,0,-3000,-24000,0,-3000
2023-05-22,3518,57000,0,-1000,56000,-1000,0
2023-05-22,3528,-1000,0,-42000,-43000,-42000,0
2023-05-22,3530,19000,0,0,19000,0,0
2023-05-22,3532,-167000,0,53000,-114000,50000,3000
2023-05-22,3533,8075,-56781,-7000,-55706,-4000,-3000
2023-05-22,3535,99000,0,-1000,98000,-1000,0
2023-05-22,3543,2000,0,3000,5000,3000,0
2023-05-22,3545,184000,0,-26000,158000,0,-26000
2023-05-22,3550,3000,0,4000,7000,4000,0
2023-05-22,3557,113000,0,1113,114113,1111,2
2023-05-22,3563,146000,0,12987,158987,9026,3961
2023-05-22,3576,-920500,0,-4704,-925204,296,-5000
2023-05-22,3583,243000,0,10000,253000,10000,0
2023-05-22,3588,65000,0,-1000,64000,-1000,0
2023-05-22,3591,584000,0,3001,587001,3001,0
2023-05-22,3592,110000,2000,4479,116479,-521,5000
2023-05-22,3593,2000,0,0,2000,0,0
2023-05-22,3596,692000,0,-46895,645105,-60895,14000
2023-05-22,3605,-2000,0,0,-2000,0,0
2023-05-22,3607,171000,0,-43000,128000,-43000,0
2023-05-22,3617,44000,-15000,44171,73171,49000,-4829
2023-05-22,3622,176000,0,-3306,172694,-3306,0
2023-05-22,3645,251000,0,1019,252019,1019,0
2023-05-22,3652,53000,0,-2000,51000,-2000,0
2023-05-22,3653,246600,223000,-176418,293182,-51418,-125000
2023-05-22,3661,-369106,21187,-52064,-399983,-9353,-42711
2023-05-22,3665,232305,0,6495,238800,-2274,8769
2023-05-22,3669,48000,0,0,48000,0,0
2023-05-22,3673,1386126,0,24000,1410126,-12000,36000
2023-05-22,3679,-2000,0,0,-2000,0,0
2023-05-22,3682,694000,0,24000,718000,24000,0
2023-05-22,3686,38000,0,-2000,36000,-2000,0
2023-05-22,3694,423000,0,-2000,421000,-2000,0
2023-05-22,3701,1332000,0,220000,1552000,100000,120000
2023-05-22,3702,-202000,56000,-139843,-285843,90658,-230501
2023-05-22,3702A,0,0,-123000,-123000,-123000,0
2023-05-22,3703,99000,0,-8588,90412,1412,-10000
2023-05-22,3704,1193000,0,26934,1219934,837,26097
2023-05-22,3705,371000,0,8000,379000,0,8000
2023-05-22,3706,-2590000,-6000,-387702,-2983702,-317702,-70000
2023-05-22,3708,341000,-140000,2000,203000,3000,-1000
2023-05-22,3711,6396765,-15000,314858,6696623,339858,-25000
2023-05-22,3712,551000,0,19000,570000,0,19000
2023-05-22,3714,675000,0,-40000,635000,-34000,-6000
2023-05-22,3715,3269000,50000,-46964,3272036,-46964,0
2023-05-22,4104,13000,0,0,13000,0,0
2023-05-22,4106,118000,0,3000,121000,3000,0
2023-05-22,4108,46000,0,0,46000,0,0
2023-05-22,4119,-1000,0,571,-429,571,0
2023-05-22,4133,45000,0,0,45000,0,0
2023-05-22,4137,71000,-261000,1275,-188725,325,950
2023-05-22,4142,-300000,0,14634,-285366,0,14634
2023-05-22,4148,46000,0,0,46000,0,0
2023-05-22,4155,439000,0,0,439000,0,0
2023-05-22,4164,164000,0,4961,168961,1000,3961
2023-05-22,4190,71000,0,1009,72009,1009,0
2023-05-22,4306,346000,0,5000,351000,5000,0
2023-05-22,4426,131000,0,0,131000,0,0
2023-05-22,4438,-3000,0,0,-3000,0,0
2023-05-22,4439,7000,0,4000,11000,4000,0
2023-05-22,4440,20000,0,-3000,17000,-3000,0
2023-05-22,4526,-34000,0,0,-34000,0,0
2023-05-22,4532,81000,0,0,81000,0,0
2023-05-22,4536,158000,0,2804,160804,0,2804
2023-05-22,4540,-1000,0,0,-1000,0,0
2023-05-22,4545,3000,0,0,3000,0,0
2023-05-22,4551,305000,-190000,-1108,113892,-1000,-108
2023-05-22,4552,28000,0,0,28000,0,0
2023-05-22,4555,-8000,0,1000,-7000,1000,0
2023-05-22,4557,75000,0,0,75000,0,0
2023-05-22,4560,4000,0,0,4000,0,0
2023-05-22,4562,-16000,0,0,-16000,0,0
2023-05-22,4564,93000,0,333,93333,333,0
2023-05-22,4566,203000,0,0,203000,0,0
2023-05-22,4571,2000,0,0,2000,0,0
2023-05-22,4572,274000,54000,32000,360000,32000,0
2023-05-22,4576,7000,0,0,7000,0,0
2023-05-22,4581,-18000,0,-5000,-23000,-5000,0
2023-05-22,4583,-2000,0,-3000,-5000,-3000,0
2023-05-22,4720,8000,0,0,8000,0,0
2023-05-22,4722,-24000,0,0,-24000,0,0
2023-05-22,4737,-13000,0,0,-13000,0,0
2023-05-22,4739,240000,-241000,0,-1000,0,0
2023-05-22,4746,-42000,0,-1194,-43194,0,-1194
2023-05-22,4755,-1000,0,0,-1000,0,0
2023-05-22,4763,9000,-20000,19719,8719,-2281,22000
2023-05-22,4764,0,0,-1000,-1000,-1000,0
2023-05-22,4766,11000,0,9000,20000,9000,0
2023-05-22,4770,-13000,-1585,-10496,-25081,-1000,-9496
2023-05-22,4807,7000,0,0,7000,0,0
2023-05-22,4904,599711,-987123,-23332,-410744,-21000,-2332
2023-05-22,4906,943000,0,178135,1121135,7000,171135
2023-05-22,4912,-1000,0,0,-1000,0,0
2023-05-22,4915,-189000,71000,25000,-93000,41000,-16000
2023-05-22,4916,702000,0,1000,703000,1000,0
2023-05-22,4919,505000,-300000,23460,228460,2000,21460
2023-05-22,4927,1591000,0,161000,1752000,161000,0
2023-05-22,4930,-11000,0,-4000,-15000,-4000,0
2023-05-22,4934,128000,0,0,128000,0,0
2023-05-22,4935,-14000,0,0,-14000,0,0
2023-05-22,4938,738127,19000,-121000,636127,-2000,-119000
2023-05-22,4942,62000,0,-144,61856,-144,0
2023-05-22,4943,-60000,0,0,-60000,0,0
2023-05-22,4952,41000,0,0,41000,0,0
2023-05-22,4956,-9000,0,0,-9000,0,0
2023-05-22,4958,-176000,11708,126593,-37699,188000,-61407
2023-05-22,4960,-305000,0,0,-305000,0,0
2023-05-22,4961,20004,2000,-600,21404,0,-600
2023-05-22,4967,-181900,0,-24000,-205900,-24000,0
2023-05-22,4968,1017996,-3000,14900,1029896,-27100,42000
2023-05-22,4976,182000,0,-1000,181000,-1000,0
2023-05-22,4977,280000,0,-157648,122352,-171648,14000
2023-05-22,4989,24000,0,0,24000,0,0
2023-05-22,4994,6000,0,0,6000,0,0
2023-05-22,4999,-4000,0,1563,-2437,1563,0
2023-05-22,5007,18000,0,11000,29000,11000,0
2023-05-22,5203,19000,0,0,19000,0,0
2023-05-22,5215,4000,0,0,4000,0,0
2023-05-22,5222,72000,0,13266,85266,5266,8000
2023-05-22,5225,-118000,0,-10999,-128999,-10999,0
2023-05-22,5234,-57000,0,5000,-52000,5000,0
2023-05-22,5243,1265000,697000,438275,2400275,8737,429538
2023-05-22,5244,11000,0,0,11000,0,0
2023-05-22,5258,746000,0,20829,766829,3844,16985
2023-05-22,5269,-59360,75093,10434,26167,-1957,12391
2023-05-22,5283,1000,0,0,1000,0,0
2023-05-22,5284,171376,0,-26000,145376,-26000,0
2023-05-22,5285,226000,-97000,-649,128351,0,-649
2023-05-22,5288,16000,0,-35322,-19322,-35322,0
2023-05-22,5306,-1982,0,0,-1982,0,0
2023-05-22,5388,-122000,0,222863,100863,79265,143598
2023-05-22,5434,-5000,9000,3000,7000,0,3000
2023-05-22,5469,979000,0,1037,980037,37,1000
2023-05-22,5471,52000,0,-3377,48623,-3377,0
2023-05-22,5484,10000,0,0,10000,0,0
2023-05-22,5515,35000,0,3000,38000,3000,0
2023-05-22,5519,-24000,0,-11000,-35000,-11000,0
2023-05-22,5521,197000,0,0,197000,0,0
2023-05-22,5522,366000,-9547,-14520,341933,20480,-35000
2023-05-22,5525,5000,0,0,5000,0,0
2023-05-22,5531,432000,0,-9000,423000,-9000,0
2023-05-22,5533,84000,0,2000,86000,2000,0
2023-05-22,5534,15000,0,0,15000,0,0
2023-05-22,5538,6000,0,1000,7000,1000,0
2023-05-22,5546,-2000,0,-4000,-6000,-4000,0
2023-05-22,5607,171000,0,11000,182000,11000,0
2023-05-22,5608,713097,0,0,713097,0,0
2023-05-22,5706,-567000,0,28001,-538999,28001,0
2023-05-22,5871,-1012298,-17165,61279,-968184,50001,11278
2023-05-22,5876,748000,466779,-12001,1202778,-11001,-1000
2023-05-22,5880,1970826,0,100000,2070826,0,100000
2023-05-22,5906,-9000,0,-6985,-15985,-6985,0
2023-05-22,5907,18000,0,0,18000,0,0
2023-05-22,6005,629000,0,0,629000,0,0
2023-05-22,6024,10000,0,0,10000,0,0
2023-05-22,6108,11000,0,0,11000,0,0
2023-05-22,6112,-654000,0,-313254,-967254,-28000,-285254
2023-05-22,6115,-24000,0,793,-23207,793,0
2023-05-22,6116,600000,0,48000,648000,-26000,74000
2023-05-22,6117,-3000,0,0,-3000,0,0
2023-05-22,6120,320000,0,-355,319645,-355,0
2023-05-22,6128,3000,0,0,3000,0,0
2023-05-22,6133,418000,0,3000,421000,3000,0
2023-05-22,6136,15000,0,2000,17000,2000,0
2023-05-22,6139,389000,0,38000,427000,-4000,42000
2023-05-22,6141,1000,0,32,1032,32,0
2023-05-22,6142,78000,0,0,78000,0,0
2023-05-22,6152,30000,0,0,30000,0,0
2023-05-22,6153,163000,0,-25000,138000,-8000,-17000
2023-05-22,6155,13000,0,0,13000,0,0
2023-05-22,6164,77000,0,2000,79000,2000,0
2023-05-22,6165,-70000,0,-1000,-71000,-1000,0
2023-05-22,6166,15000,0,0,15000,0,0
2023-05-22,6168,220000,0,1000,221000,1000,0
2023-05-22,6176,590000,27185,-17778,599407,2000,-19778
2023-05-22,6177,29000,0,0,29000,0,0
2023-05-22,6183,3000,0,0,3000,0,0
2023-05-22,6184,6000,0,-2000,4000,-2000,0
2023-05-22,6189,93000,0,3000,96000,3000,0
2023-05-22,6191,759000,0,1307,760307,1307,0
2023-05-22,6192,25000,0,0,25000,0,0
2023-05-22,6196,-2000,0,3000,1000,3000,0
2023-05-22,6197,567000,0,-5000,562000,-5000,0
2023-05-22,6202,-20000,-1000,-1095,-22095,-95,-1000
2023-05-22,6205,357000,-80000,1000,278000,1000,0
2023-05-22,6206,41052,0,-61,40991,0,-61
2023-05-22,6209,291000,0,4000,295000,4000,0
2023-05-22,6213,468000,0,-107835,360165,-80835,-27000
2023-05-22,6214,150000,0,0,150000,0,0
2023-05-22,6215,62000,0,-91000,-29000,-91000,0
2023-05-22,6216,9000,0,0,9000,0,0
2023-05-22,6224,27000,0,606,27606,606,0
2023-05-22,6226,192000,0,2000,194000,2000,0
2023-05-22,6230,16000,0,-100,15900,-100,0
2023-05-22,6235,-3679691,0,227278,-3452413,99000,128278
2023-05-22,6239,254500,17000,-9730,261770,28270,-38000
2023-05-22,6243,-828000,0,0,-828000,0,0
2023-05-22,6257,48000,-3000,13000,58000,13000,0
2023-05-22,6269,-304000,12000,-9609,-301609,-8000,-1609
2023-05-22,6271,-920000,0,-11291,-931291,17998,-29289
2023-05-22,6277,-16000,0,0,-16000,0,0
2023-05-22,6278,161000,15000,5340,181340,4340,1000
2023-05-22,6281,7000,0,3000,10000,0,3000
2023-05-22,6282,3013000,328000,-1361210,1979790,-1008901,-352309
2023-05-22,6283,2000,0,0,2000,0,0
2023-05-22,6285,714027,0,-163000,551027,-240000,77000
2023-05-22,6288,3851000,0,56000,3907000,56000,0
2023-05-22,6405,7000,0,2000,9000,2000,0
2023-05-22,6409,2550,-98,350,2802,0,350
2023-05-22,6412,180000,24000,2000,206000,0,2000
2023-05-22,6414,234000,0,-71000,163000,-11000,-60000
2023-05-22,6415,-437266,874,23673,-412719,2673,21000
2023-05-22,6416,50000,0,1860,51860,1871,-11
2023-05-22,6426,-2000,0,0,-2000,0,0
2023-05-22,6431,-15000,0,3000,-12000,3000,0
2023-05-22,6438,65000,0,-58000,7000,-58000,0
2023-05-22,6442,-5000,0,0,-5000,0,0
2023-05-22,6443,2664000,0,244000,2908000,6000,238000
2023-05-22,6449,8000,0,0,8000,0,0
2023-05-22,6451,111000,0,21999,132999,21999,0
2023-05-22,6456,-137000,0,353455,216455,323,353132
2023-05-22,6464,2000,0,0,2000,0,0
2023-05-22,6477,400000,0,7922,407922,7922,0
2023-05-22,6491,-112000,-138000,28123,-221877,30000,-1877
2023-05-22,6504,0,0,2000,2000,2000,0
2023-05-22,6505,672915,-6019,16000,682896,0,16000
2023-05-22,6515,-412000,-8000,-13149,-433149,4476,-17625
2023-05-22,6525,6000,-38000,0,-32000,0,0
2023-05-22,6531,-1278950,96000,-77017,-1259967,-9647,-67370
2023-05-22,6533,-556000,0,-41989,-597989,7011,-49000
2023-05-22,6541,-27000,0,-1000,-28000,-1000,0
2023-05-22,6550,103000,0,115880,218880,115880,0
2023-05-22,6552,-2000,0,4000,2000,4000,0
2023-05-22,6558,102000,0,-1000,101000,-1000,0
2023-05-22,6573,17000,0,0,17000,0,0
2023-05-22,6579,53000,0,-998,52002,-1000,2
2023-05-22,6581,-29000,0,0,-29000,0,0
2023-05-22,6582,1000,0,0,1000,0,0
2023-05-22,6585,-5000,0,0,-5000,0,0
2023-05-22,6591,7000,0,0,7000,0,0
2023-05-22,6592,366000,127000,916,493916,916,0
2023-05-22,6598,7000,0,0,7000,0,0
2023-05-22,6605,178000,0,-13797,164203,-9797,-4000
2023-05-22,6606,9000,0,0,9000,0,0
2023-05-22,6625,-5000,0,1000,-4000,1000,0
2023-05-22,6655,0,0,0,0,0,0
2023-05-22,6666,10000,0,-24000,-14000,-24000,0
2023-05-22,6668,-1000,0,0,-1000,0,0
2023-05-22,6669,-363958,12469,-17953,-369442,-12150,-5803
2023-05-22,6670,-53000,0,0,-53000,0,0
2023-05-22,6672,230000,0,-7000,223000,-7000,0
2023-05-22,6689,392340,0,40000,432340,-2000,42000
2023-05-22,6691,-42000,0,5545,-36455,1000,4545
2023-05-22,6695,3000,0,0,3000,0,0
2023-05-22,6698,-9000,0,1000,-8000,1000,0
2023-05-22,6706,20000,0,0,20000,0,0
2023-05-22,6715,26000,0,13000,39000,13000,0
2023-05-22,6719,-226000,-60000,11901,-274099,-1579,13480
2023-05-22,6743,0,0,0,0,0,0
2023-05-22,6753,51134,0,11000,62134,11000,0
2023-05-22,6754,-7000,0,-4000,-11000,-4000,0
2023-05-22,6756,30000,-11000,500,19500,0,500
2023-05-22,6768,0,0,15000,15000,15000,0
2023-05-22,6770,990600,-29000,-22904,938696,-5904,-17000
2023-05-22,6776,14000,0,0,14000,0,0
2023-05-22,6781,-43000,-17000,-396,-60396,2704,-3100
2023-05-22,6782,-4000,-64000,1047,-66953,1047,0
2023-05-22,6789,142000,0,-8360,133640,-14000,5640
2023-05-22,6790,-68000,0,0,-68000,0,0
2023-05-22,6792,18000,0,40,18040,40,0
2023-05-22,6796,-4000,0,-1000,-5000,-1000,0
2023-05-22,6799,-285036,490000,1000,205964,1000,0
2023-05-22,6806,940000,0,67780,1007780,67780,0
2023-05-22,6807,0,0,-1000,-1000,-1000,0
2023-05-22,6830,51000,0,-3000,48000,-3000,0
2023-05-22,6835,6000,0,0,6000,0,0
2023-05-22,6854,-7000,0,11000,4000,11000,0
2023-05-22,6861,4000,0,0,4000,0,0
2023-05-22,6863,2000,8000,10000,20000,10000,0
2023-05-22,6869,-68000,0,-5000,-73000,-5000,0
2023-05-22,6873,5000,0,-4000,1000,-4000,0
2023-05-22,8011,430000,0,-1975,428025,-1975,0
2023-05-22,8016,-81000,3000,-19176,-97176,6000,-25176
2023-05-22,8021,-28000,0,99,-27901,99,0
2023-05-22,8028,361000,0,-3568,357432,-3568,0
2023-05-22,8033,642,0,16049,16691,16049,0
2023-05-22,8039,4000,0,1000,5000,1000,0
2023-05-22,8046,-4076951,-36000,-175119,-4288070,-119250,-55869
2023-05-22,8070,246000,0,-18000,228000,-18000,0
2023-05-22,8072,16000,0,2000,18000,2000,0
2023-05-22,8081,57600,0,8001,65601,1,8000
2023-05-22,8103,33000,0,0,33000,0,0
2023-05-22,8104,29000,0,0,29000,0,0
2023-05-22,8105,322000,0,0,322000,0,0
2023-05-22,8110,376000,0,13000,389000,13000,0
2023-05-22,8112,409950,0,28000,437950,12000,16000
2023-05-22,8114,19000,-100000,3804,-77196,8804,-5000
2023-05-22,8131,-30000,0,0,-30000,0,0
2023-05-22,8150,99000,40000,11944,150944,5944,6000
2023-05-22,8163,540000,0,-1000,539000,-1000,0
2023-05-22,8201,28000,0,1000,29000,1000,0
2023-05-22,8210,162000,0,-25000,137000,-6000,-19000
2023-05-22,8213,17000,0,175,17175,175,0
2023-05-22,8215,-21000,0,-33000,-54000,0,-33000
2023-05-22,8222,35000,0,0,35000,0,0
2023-05-22,8249,42000,0,0,42000,0,0
2023-05-22,8261,41990,0,-26000,15990,-8000,-18000
2023-05-22,8271,-137000,0,0,-137000,0,0
2023-05-22,8341,24000,-37000,0,-13000,0,0
2023-05-22,8367,7000,0,38,7038,38,0
2023-05-22,8374,1000,0,5,1005,5,0
2023-05-22,8404,-8000,0,-619,-8619,-619,0
2023-05-22,8411,-2000,0,-1000,-3000,-1000,0
2023-05-22,8422,68000,0,-10976,57024,-9976,-1000
2023-05-22,8429,131000,0,-329,130671,-329,0
2023-05-22,8438,4000,0,0,4000,0,0
2023-05-22,8442,-115000,0,8000,-107000,8000,0
2023-05-22,8443,-5000,0,0,-5000,0,0
2023-05-22,8454,-180054,-17000,-2803,-199857,-803,-2000
2023-05-22,8462,7000,0,13000,20000,13000,0
2023-05-22,8463,-8000,0,-10997,-18997,-10997,0
2023-05-22,8464,34812,-24000,13000,23812,13000,0
2023-05-22,8466,0,0,1000,1000,1000,0
2023-05-22,8467,1000,0,0,1000,0,0
2023-05-22,8473,19000,0,0,19000,0,0
2023-05-22,8478,-457015,-10000,-34300,-501315,-4705,-29595
2023-05-22,8481,3000,0,0,3000,0,0
2023-05-22,8482,4000,0,0,4000,0,0
2023-05-22,8499,3000,0,-99,2901,-99,0
2023-05-22,8926,1065000,0,0,1065000,0,0
2023-05-22,8940,136000,0,5000,141000,5000,0
2023-05-22,8996,177900,129000,-11999,294901,-11999,0
2023-05-22,9103,393000,0,0,393000,0,0
2023-05-22,910322,-44000,0,0,-44000,0,0
2023-05-22,9105,-601,0,0,-601,0,0
2023-05-22,910861,-35000,0,0,-35000,0,0
2023-05-22,911868,-4000,0,0,-4000,0,0
2023-05-22,912000,-4000,0,0,-4000,0,0
2023-05-22,9136,10000,0,0,10000,0,0
2023-05-22,9802,228000,-427000,-4754,-203754,16246,-21000
2023-05-22,9902,15000,0,0,15000,0,0
2023-05-22,9904,2035748,36000,-74199,1997549,14875,-89074
2023-05-22,9905,2000,0,0,2000,0,0
2023-05-22,9906,8000,0,4000,12000,4000,0
2023-05-22,9907,-377234,0,-9000,-386234,-9000,0
2023-05-22,9908,22000,0,31662,53662,31662,0
2023-05-22,9910,-1441000,83299,184761,-1172940,182000,2761
2023-05-22,9911,17000,0,2000,19000,2000,0
2023-05-22,9914,-81000,0,7000,-74000,7000,0
2023-05-22,9917,-321950,24000,35840,-262110,34840,1000
2023-05-22,9918,-2000,0,0,-2000,0,0
2023-05-22,9919,518000,0,-31000,487000,-31000,0
2023-05-22,9921,137500,0,3257,140757,2014,1243
2023-05-22,9924,1000,0,0,1000,0,0
2023-05-22,9925,25000,0,0,25000,0,0
2023-05-22,9926,5000,0,0,5000,0,0
2023-05-22,9927,144000,0,0,144000,0,0
2023-05-22,9928,0,0,1000,1000,1000,0
2023-05-22,9929,1000,0,0,1000,0,0
2023-05-22,9930,-3000,0,3000,0,3000,0
2023-05-22,9931,-2000,0,0,-2000,0,0
2023-05-22,9933,-53000,0,0,-53000,0,0
2023-05-22,9934,-175000,0,0,-175000,0,0
2023-05-22,9935,9000,0,1000,10000,1000,0
2023-05-22,9937,4000,0,18,4018,0,18
2023-05-22,9938,-1721653,0,-1000,-1722653,-1000,0
2023-05-22,9939,-192948,30000,73080,-89868,26080,47000
2023-05-22,9940,41000,0,2000,43000,2000,0
2023-05-22,9941,7000,751,8998,16749,8998,0
2023-05-22,9941A,0,0,-41000,-41000,-41000,0
2023-05-22,9942,312000,20000,86111,418111,74000,12111
2023-05-22,9943,84000,0,730,84730,730,0
2023-05-22,9944,68000,0,0,68000,0,0
2023-05-22,9945,200724,0,-17061,183663,9939,-27000
2023-05-22,9946,72000,0,3000,75000,3000,0
2023-05-22,9955,392000,0,2000,394000,2000,0
2023-05-22,9958,494015,0,300818,794833,-2182,303000
