date,stock_id,foreign,trust,dealer,total,dealer_self,dealer_hedge
2026-01-12,0050,-16538822,2100000,-10958323,-25397145,-94117,-10864206
2026-01-12,0051,2000,0,12158,14158,0,12158
2026-01-12,0052,1104069,-200000,-12404729,-11500660,-1899000,-10505729
2026-01-12,0053,0,0,13043,13043,0,13043
2026-01-12,0055,-25000,0,-58899,-83899,0,-58899
2026-01-12,0056,6160982,0,481999,6642981,0,481999
2026-01-12,0057,0,0,1000,1000,0,1000
2026-01-12,0061,50000,0,194782,244782,0,194782
2026-01-12,006203,0,0,2000,2000,0,2000
2026-01-12,006204,2,0,1103,1105,0,1103
2026-01-12,006205,58000,0,-15651,42349,0,-15651
2026-01-12,006206,-1000,0,98851,97851,0,98851
2026-01-12,006207,2000,0,32634,34634,0,32634
2026-01-12,006208,499671,0,3864232,4363903,28000,3836232
2026-01-12,00631L,-21948,0,-355125,-377073,0,-355125
2026-01-12,00632R,-1816000,0,-2136113,-3952113,-150000,-1986113
2026-01-12,00633L,-232000,0,-410282,-642282,0,-410282
2026-01-12,00634R,0,0,-14001,-14001,0,-14001
2026-01-12,00635U,12100,0,-171551,-159451,590000,-761551
2026-01-12,00636,37000,0,92936,129936,4000,88936
2026-01-12,00636K,0,0,0,0,0,0
2026-01-12,00637L,-515000,0,-6710681,-7225681,0,-6710681
2026-01-12,00638R,0,0,62000,62000,0,62000
2026-01-12,00639,-23000,0,371619,348619,0,371619
2026-01-12,00640L,7000,0,-437133,-430133,0,-437133
2026-01-12,00641R,0,0,-1351286,-1351286,0,-1351286
2026-01-12,00642U,153415,0,9239022,9392437,0,9239022
2026-01-12,00643,316000,0,37647,353647,0,37647
2026-01-12,00645,27989,0,-5913,22076,0,-5913
2026-01-12,00646,24994,0,-310171,-285177,0,-310171
2026-01-12,00647L,0,0,110949,110949,0,110949
2026-01-12,00648R,0,0,148000,148000,0,148000
2026-01-12,00650L,115000,0,2473134,2588134,0,2473134
2026-01-12,00651R,0,0,-37150,-37150,0,-37150
2026-01-12,00652,3000,0,-206312,-203312,2000,-208312
2026-01-12,00653L,-7000,0,-412457,-419457,0,-412457
2026-01-12,00654R,0,0,14000,14000,0,14000
2026-01-12,00655L,-95000,0,-242826,-337826,0,-242826
2026-01-12,00656R,0,0,38380,38380,0,38380
2026-01-12,00657,4000,0,54645,58645,0,54645
2026-01-12,00657K,0,0,0,0,0,0
2026-01-12,00660,0,0,5000,5000,0,5000
2026-01-12,00661,11000,0,47270,58270,0,47270
2026-01-12,00662,-757482,0,-49400,-806882,0,-49400
2026-01-12,00663L,-110000,0,155688,45688,0,155688
2026-01-12,00664R,0,0,637000,637000,-25000,662000
2026-01-12,00665L,289000,0,4389262,4678262,0,4389262
2026-01-12,00666R,0,0,-12330,-12330,0,-12330
2026-01-12,00668,-2000,0,-195173,-197173,0,-195173
2026-01-12,00668K,0,0,0,0,0,0
2026-01-12,00669R,0,0,150000,150000,0,150000
2026-01-12,00670L,2498,0,123662,126160,0,123662
2026-01-12,00671R,0,0,2353000,2353000,164000,2189000
2026-01-12,00673R,-2000,0,-12373900,-12375900,0,-12373900
2026-01-12,00674R,0,0,1278337,1278337,0,1278337
2026-01-12,00675L,25500,0,298857,324357,-4000,302857
2026-01-12,00676R,0,0,775740,775740,0,775740
2026-01-12,00678,-3126,0,-17487,-20613,10000,-27487
2026-01-12,00680L,-100000,0,8965201,8865201,850000,8115201
2026-01-12,00681R,0,0,0,0,0,0
2026-01-12,00682U,0,0,26800,26800,0,26800
2026-01-12,00683L,-84000,0,137395,53395,0,137395
2026-01-12,00684R,0,0,31000,31000,0,31000
2026-01-12,00685L,5000,0,-185627,-180627,-5000,-180627
2026-01-12,00686R,0,0,1758350,1758350,0,1758350
2026-01-12,00688L,7000,0,3599407,3606407,0,3599407
2026-01-12,00689R,0,0,-5,-5,0,-5
2026-01-12,00690,1325,0,162182,163507,0,162182
2026-01-12,00692,-93983,0,-178701,-272684,0,-178701
2026-01-12,00693U,65000,0,-185811,-120811,0,-185811
2026-01-12,00700,67000,0,27118,94118,0,27118
2026-01-12,00701,194000,0,421051,615051,0,421051
2026-01-12,00702,0,0,7681,7681,0,7681
2026-01-12,00703,1000,0,38857,39857,0,38857
2026-01-12,00706L,-102000,0,-1776223,-1878223,0,-1776223
2026-01-12,00707R,0,0,0,0,0,0
2026-01-12,00708L,419000,0,784892,1203892,106000,678892
2026-01-12,00709,8000,0,-26000,-18000,0,-26000
2026-01-12,00710B,93000,0,52999,145999,0,52999
2026-01-12,00711B,10000,0,1054,11054,0,1054
2026-01-12,00712,-3678576,0,10662778,6984202,5000,10657778
2026-01-12,00713,1650965,0,8720137,10371102,-16000,8736137
2026-01-12,00714,102000,0,-98804,3196,0,-98804
2026-01-12,00715L,-388000,0,37576957,37188957,0,37576957
2026-01-12,00717,-1000,0,101393,100393,0,101393
2026-01-12,00728,-2000,0,26811,24811,0,26811
2026-01-12,00730,-5000,0,3628,-1372,0,3628
2026-01-12,00731,30000,0,83001,113001,0,83001
2026-01-12,00733,241000,0,1428003,1669003,0,1428003
2026-01-12,00735,-23000,0,-832000,-855000,10000,-842000
2026-01-12,00736,0,0,28983,28983,3000,25983
2026-01-12,00737,0,0,-2779,-2779,0,-2779
2026-01-12,00738U,1647249,0,2986379,4633628,0,2986379
2026-01-12,00739,2000,0,81101,83101,0,81101
2026-01-12,00752,366000,0,-1508404,-1142404,0,-1508404
2026-01-12,00753L,7033000,0,8756221,15789221,0,8756221
2026-01-12,00757,-209288,-100000,-227402,-536690,0,-227402
2026-01-12,00762,266400,0,-215219,51181,72000,-287219
2026-01-12,00763U,188000,0,533809,721809,0,533809
2026-01-12,00770,10564,0,-211809,-201245,0,-211809
2026-01-12,00771,0,0,21516,21516,0,21516
2026-01-12,00775B,0,0,1070,1070,0,1070
2026-01-12,00783,0,0,-96832,-96832,0,-96832
2026-01-12,00830,-2697585,0,-7234938,-9932523,0,-7234938
2026-01-12,00850,39086,0,878490,917576,1000,877490
2026-01-12,00851,0,0,4230,4230,0,4230
2026-01-12,00852L,0,0,15345,15345,1000,14345
2026-01-12,00861,25653,0,-34226,-8573,0,-34226
2026-01-12,00865B,187000,0,-1239692,-1052692,0,-1239692
2026-01-12,00875,1000,0,-17161,-16161,5000,-22161
2026-01-12,00876,419605,0,-367492,52113,0,-367492
2026-01-12,00878,8665315,0,52607720,61273035,211782,52395938
2026-01-12,00881,-2696754,0,-6480235,-9176989,139000,-6619235
2026-01-12,00882,85000,0,-1392732,-1307732,0,-1392732
2026-01-12,00885,335180,0,-1090378,-755198,0,-1090378
2026-01-12,00891,-2480900,0,-115810,-2596710,0,-115810
2026-01-12,00892,-26000,0,628181,602181,128000,500181
2026-01-12,00893,439000,0,-65922,373078,0,-65922
2026-01-12,00894,-136800,0,226240,89440,-110000,336240
2026-01-12,00895,6000,0,-88607,-82607,0,-88607
2026-01-12,00896,369000,0,3317117,3686117,0,3317117
2026-01-12,00897,988500,0,-810245,178255,0,-810245
2026-01-12,00898,-5000,0,53386,48386,0,53386
2026-01-12,00899,-2000,0,-65942,-67942,0,-65942
2026-01-12,00900,2904570,0,10890332,13794902,0,10890332
2026-01-12,00901,71000,0,999173,1070173,0,999173
2026-01-12,00902,1572000,0,-384869,1187131,0,-384869
2026-01-12,00903,28000,0,4801,32801,0,4801
2026-01-12,00904,6078,0,-2759340,-2753262,0,-2759340
2026-01-12,00905,34000,0,430567,464567,0,430567
2026-01-12,00907,6000,0,726997,732997,0,726997
2026-01-12,00908,0,0,45398,45398,1000,44398
2026-01-12,00909,2653802,0,-543886,2109916,24000,-567886
2026-01-12,00910,-78192,0,-3033342,-3111534,0,-3033342
2026-01-12,00911,1000,0,-33730,-32730,0,-33730
2026-01-12,00912,-1675,0,-360194,-361869,0,-360194
2026-01-12,00913,-15000,0,-147318,-162318,0,-147318
2026-01-12,00915,139000,0,4743950,4882950,0,4743950
2026-01-12,00916,3000,0,-24034,-21034,0,-24034
2026-01-12,00917,-25500,0,-1264309,-1289809,0,-1264309
2026-01-12,00918,849443,0,13459232,14308675,0,13459232
2026-01-12,00919,17369505,0,42206393,59575898,-4076000,46282393
2026-01-12,00920,-68000,0,25058,-42942,0,25058
2026-01-12,00921,9000,0,244307,253307,0,244307
2026-01-12,00922,3205000,0,-88679,3116321,-465000,376321
2026-01-12,00923,85300,0,259851,345151,12000,247851
2026-01-12,00924,-465730,0,-380325,-846055,0,-380325
2026-01-12,00926,12000,0,280132,292132,0,280132
2026-01-12,00927,-1079000,0,-8982401,-10061401,0,-8982401
2026-01-12,00929,4540360,0,40781238,45321598,0,40781238
2026-01-12,00930,6000,0,1431027,1437027,0,1431027
2026-01-12,00932,5000,0,1254619,1259619,0,1254619
2026-01-12,00934,-146000,0,758973,612973,0,758973
2026-01-12,00935,-57365,0,-400834,-458199,-60000,-340834
2026-01-12,00936,-74000,0,8725882,8651882,200000,8525882
2026-01-12,00938,62000,0,9924,71924,0,9924
2026-01-12,00939,4135178,0,30906929,35042107,0,30906929
2026-01-12,00940,7855700,0,67640543,75496243,210000,67430543
2026-01-12,00941,6053000,0,-5656302,396698,0,-5656302
2026-01-12,00943,0,0,342955,342955,0,342955
2026-01-12,00944,10000,0,1402748,1412748,0,1402748
2026-01-12,00945B,-1260000,0,-48961,-1308961,0,-48961
2026-01-12,00946,331000,0,8839434,9170434,0,8839434
2026-01-12,00947,200500,0,-2211891,-2011391,126000,-2337891
2026-01-12,00949,1551252,0,-760187,791065,0,-760187
2026-01-12,00951,1665000,0,-840012,824988,0,-840012
2026-01-12,00952,33000,0,100857,133857,0,100857
2026-01-12,00953B,-1799000,0,-3818000,-5617000,0,-3818000
2026-01-12,00954,984000,0,-634163,349837,0,-634163
2026-01-12,00956,55000,0,-190936,-135936,0,-190936
2026-01-12,00960,-9000,0,699000,690000,0,699000
2026-01-12,00961,754000,0,8471275,9225275,50000,8421275
2026-01-12,00962,-1000,0,66939,65939,0,66939
2026-01-12,00963,477820,0,-747646,-269826,0,-747646
2026-01-12,00964,74000,0,-477991,-403991,0,-477991
2026-01-12,00965,-803208,-650000,-2136492,-3589700,311000,-2447492
2026-01-12,00971,37000,0,-82233,-45233,0,-82233
2026-01-12,00972,-4000,0,113966,109966,0,113966
2026-01-12,009800,-995,0,-766331,-767326,0,-766331
2026-01-12,009801,21000,0,368538,389538,0,368538
2026-01-12,009802,5000,0,1339873,1344873,0,1339873
2026-01-12,009803,13000,0,-31244,-18244,0,-31244
2026-01-12,009804,-79000,0,334517,255517,0,334517
2026-01-12,009805,0,0,-2429262,-2429262,620000,-3049262
2026-01-12,009808,1000,0,45990,46990,0,45990
2026-01-12,009809,-7000,0,67340,60340,0,67340
2026-01-12,00980A,-47900,0,480380,432480,-30000,510380
2026-01-12,009810,0,0,2044,2044,0,2044
2026-01-12,009811,31084,0,409438,440522,0,409438
2026-01-12,009812,128000,0,-99025,28975,235000,-334025
2026-01-12,009813,-553200,0,-3938702,-4491902,0,-3938702
2026-01-12,00981A,3194156,0,3784744,6978900,-91000,3875744
2026-01-12,00981T,-17000,0,225564,208564,0,225564
2026-01-12,00982A,-165200,0,9551654,9386454,34000,9517654
2026-01-12,00982D,-2807000,0,2412000,-395000,0,2412000
2026-01-12,00982T,55000,0,-187222,-132222,0,-187222
2026-01-12,00983A,1121000,0,-10814,1110186,0,-10814
2026-01-12,00983D,-49000,0,360493,311493,0,360493
2026-01-12,00984A,61000,0,-2909855,-2848855,0,-2909855
2026-01-12,00985A,-25000,0,-368759,-393759,-130000,-238759
2026-01-12,00985B,5240000,0,-2933030,2306970,0,-2933030
2026-01-12,00986A,35000,0,471908,506908,0,471908
2026-01-12,00987A,351000,0,-264830,86170,0,-264830
2026-01-12,00988A,139000,0,4380000,4519000,0,4380000
2026-01-12,00989A,404000,0,388374,792374,-75000,463374
2026-01-12,00990A,20651000,0,2994180,23645180,-425000,3419180
2026-01-12,00991A,1191000,0,18079057,19270057,-2586000,20665057
2026-01-12,00992A,7791000,0,5959367,13750367,0,5959367
2026-01-12,00994A,0,0,351628,351628,30000,321628
2026-01-12,01001T,14000,0,0,14000,0,0
2026-01-12,01002T,-44000,0,0,-44000,0,0
2026-01-12,01004T,-3000,0,0,-3000,0,0
2026-01-12,01007T,19000,0,0,19000,0,0
2026-01-12,01009T,0,0,-9000,-9000,-9000,0
2026-01-12,020012,0,0,10000,10000,0,10000
2026-01-12,02001L,0,0,15000,15000,0,15000
2026-01-12,02001R,0,0,-243000,-243000,0,-243000
2026-01-12,020020,0,0,39000,39000,0,39000
2026-01-12,020028,0,0,15000,15000,0,15000
2026-01-12,020029,0,0,8000,8000,0,8000
2026-01-12,020030,0,0,109000,109000,0,109000
2026-01-12,020031,0,0,36000,36000,0,36000
2026-01-12,020032,0,0,8000,8000,0,8000
2026-01-12,020034,0,0,81000,81000,0,81000
2026-01-12,020037,0,0,2000,2000,0,2000
2026-01-12,020038,0,0,18000,18000,0,18000
2026-01-12,020039,0,0,45000,45000,0,45000
2026-01-12,1101,25106458,-264000,3691726,28534184,-43000,3734726
2026-01-12,1101B,0,0,7000,7000,7000,0
2026-01-12,1102,4530348,-2296272,6000,2240076,9000,-3000
2026-01-12,1103,27000,0,0,27000,0,0
2026-01-12,1104,346000,0,2940,348940,2940,0
2026-01-12,1108,-10000,0,-1000,-11000,-1000,0
2026-01-12,1109,-55000,0,-334,-55334,-334,0
2026-01-12,1110,-83000,0,-7000,-90000,-7000,0
2026-01-12,1201,-78000,0,2705,-75295,2705,0
2026-01-12,1203,-3000,0,0,-3000,0,0
2026-01-12,1210,429001,-101000,5000,333001,5000,0
2026-01-12,1215,278000,251000,23302,552302,25302,-2000
2026-01-12,1216,4840366,-5992724,62279,-1090079,14000,48279
2026-01-12,1217,11000,0,0,11000,0,0
2026-01-12,1218,123000,0,0,123000,0,0
2026-01-12,1219,85000,0,20000,105000,20000,0
2026-01-12,1220,-2000,0,0,-2000,0,0
2026-01-12,1225,23510,0,1000,24510,1000,0
2026-01-12,1227,-428000,2000,-619,-426619,-619,0
2026-01-12,1229,-648483,-5000,-10961,-664444,39,-11000
2026-01-12,1231,-119826,0,993,-118833,993,0
2026-01-12,1232,-7000,0,-1000,-8000,-1000,0
2026-01-12,1233,-1000,0,16000,15000,16000,0
2026-01-12,1234,-17000,0,-5533,-22533,-5000,-533
2026-01-12,1235,3000,0,0,3000,0,0
2026-01-12,1236,-9000,0,0,-9000,0,0
2026-01-12,1256,12760,0,0,12760,0,0
2026-01-12,1301,5635558,-34863,-809360,4791335,-708365,-100995
2026-01-12,1303,14420438,-1557524,2136155,14999069,363524,1772631
2026-01-12,1304,530837,0,-278,530559,222,-500
2026-01-12,1305,265000,0,1837,266837,1837,0
2026-01-12,1307,-629000,0,-1427,-630427,7000,-8427
2026-01-12,1308,154686,0,-3,154683,-3,0
2026-01-12,1309,586585,0,-2,586583,-2,0
2026-01-12,1310,877000,0,-132,876868,-132,0
2026-01-12,1312,5345929,0,548543,5894472,105505,443038
2026-01-12,1313,1511000,0,1000,1512000,1000,0
2026-01-12,1314,11096595,0,94000,11190595,94000,0
2026-01-12,1315,1000,0,0,1000,0,0
2026-01-12,1316,-479000,-11000,470,-489530,470,0
2026-01-12,1319,319100,-653262,25456,-308706,18884,6572
2026-01-12,1321,-52000,0,-225,-52225,-225,0
2026-01-12,1323,2000,0,0,2000,0,0
2026-01-12,1324,-5000,0,0,-5000,0,0
2026-01-12,1325,297998,0,0,297998,0,0
2026-01-12,1326,3659276,0,78916,3738192,-91083,169999
2026-01-12,1337,-6000,0,0,-6000,0,0
2026-01-12,1338,3000,0,0,3000,0,0
2026-01-12,1339,-12000,0,-812,-12812,-812,0
2026-01-12,1340,74690,0,0,74690,0,0
2026-01-12,1342,83000,0,25000,108000,12000,13000
2026-01-12,1402,2175180,-1059000,-95000,1021180,11000,-106000
2026-01-12,1409,578000,0,-3589,574411,-386,-3203
2026-01-12,1410,1000,0,0,1000,0,0
2026-01-12,1413,0,0,-1000,-1000,-1000,0
2026-01-12,1414,-32600,-59000,31000,-60600,31000,0
2026-01-12,1416,-22728,0,0,-22728,0,0
2026-01-12,1417,-14000,0,0,-14000,0,0
2026-01-12,1418,-1000,0,0,-1000,0,0
2026-01-12,1419,72000,0,-3039,68961,1000,-4039
2026-01-12,1423,2000,0,-6,1994,-6,0
2026-01-12,1432,36999,0,0,36999,0,0
2026-01-12,1434,1944371,-546000,1000,1399371,1000,0
2026-01-12,1435,-1000,0,0,-1000,0,0
2026-01-12,1436,-19795,0,-1425,-21220,0,-1425
2026-01-12,1437,11000,0,8000,19000,8000,0
2026-01-12,1438,3000,0,9,3009,9,0
2026-01-12,1439,7000,0,0,7000,0,0
2026-01-12,1440,119000,0,-2138,116862,-2138,0
2026-01-12,1442,458000,0,-349,457651,-229,-120
2026-01-12,1443,0,0,1000,1000,1000,0
2026-01-12,1444,-276000,0,0,-276000,0,0
2026-01-12,1445,6000,0,1000,7000,1000,0
2026-01-12,1446,49000,0,-1000,48000,-1000,0
2026-01-12,1447,-530000,0,0,-530000,0,0
2026-01-12,1449,425960,0,-68166,357794,-68166,0
2026-01-12,1451,71000,0,0,71000,0,0
2026-01-12,1452,0,0,0,0,0,0
2026-01-12,1453,-1000,0,0,-1000,0,0
2026-01-12,1454,2000,0,-1000,1000,-1000,0
2026-01-12,1455,-41000,0,-114,-41114,-114,0
2026-01-12,1456,0,0,-1000,-1000,-1000,0
2026-01-12,1457,1000,0,0,1000,0,0
2026-01-12,1459,-3000,0,-1000,-4000,-1000,0
2026-01-12,1460,86000,0,-105000,-19000,-105000,0
2026-01-12,1463,-12000,0,0,-12000,0,0
2026-01-12,1464,146000,0,0,146000,0,0
2026-01-12,1465,3000,0,0,3000,0,0
2026-01-12,1466,-13000,0,1000,-12000,1000,0
2026-01-12,1467,82000,0,0,82000,0,0
2026-01-12,1468,-1000,0,-1000,-2000,-1000,0
2026-01-12,1471,180000,0,-1000,179000,-1000,0
2026-01-12,1472,-10000,0,0,-10000,0,0
2026-01-12,1473,18000,0,1000,19000,1000,0
2026-01-12,1474,7000,0,0,7000,0,0
2026-01-12,1475,-2000,0,0,-2000,0,0
2026-01-12,1476,25862,-5672,-24309,-4119,-8000,-16309
2026-01-12,1477,-195916,-287004,-8746,-491666,13437,-22183
2026-01-12,1503,332070,-1155,75921,406836,16905,59016
2026-01-12,1504,493366,-262729,101887,332524,64000,37887
2026-01-12,1506,-14000,0,2000,-12000,2000,0
2026-01-12,1512,-1000,0,-1000,-2000,-1000,0
2026-01-12,1513,-551613,-250213,-75059,-876885,-108001,32942
2026-01-12,1514,230687,0,22028,252715,-616,22644
2026-01-12,1515,86000,0,-1304,84696,-1304,0
2026-01-12,1516,-3000,0,0,-3000,0,0
2026-01-12,1517,-22000,0,375,-21625,375,0
2026-01-12,1519,2079782,107563,31224,2218569,-16308,47532
2026-01-12,1521,-2000,0,0,-2000,0,0
2026-01-12,1522,689000,-6523,-1257,681220,-4206,2949
2026-01-12,1524,-74900,0,-963,-75863,-963,0
2026-01-12,1525,2000,0,0,2000,0,0
2026-01-12,1526,3000,0,0,3000,0,0
2026-01-12,1527,38000,0,952,38952,952,0
2026-01-12,1528,-17000,0,1000,-16000,1000,0
2026-01-12,1529,347000,0,-35,346965,-35,0
2026-01-12,1530,-16000,0,0,-16000,0,0
2026-01-12,1531,-6000,0,13000,7000,13000,0
2026-01-12,1532,-546720,-10391,726,-556385,726,0
2026-01-12,1533,1000,0,-1035,-35,-1035,0
2026-01-12,1535,4000,0,0,4000,0,0
2026-01-12,1536,283999,0,1422,285421,-1677,3099
2026-01-12,1537,19000,0,-242,18758,-242,0
2026-01-12,1539,0,0,0,0,0,0
2026-01-12,1540,106000,0,0,106000,0,0
2026-01-12,1541,-2000,0,8000,6000,8000,0
2026-01-12,1558,31000,0,7213,38213,1000,6213
2026-01-12,1560,-194186,1000,-17458,-210644,1344,-18802
2026-01-12,1563,-242000,0,-1000,-243000,-1000,0
2026-01-12,1568,57000,0,-9060,47940,-9060,0
2026-01-12,1582,-157000,0,-645,-157645,-645,0
2026-01-12,1583,0,0,0,0,0,0
2026-01-12,1587,-331000,0,34,-330966,34,0
2026-01-12,1589,583000,0,0,583000,0,0
2026-01-12,1590,-60976,-985,-32967,-94928,-18850,-14117
2026-01-12,1597,150000,0,987,150987,2000,-1013
2026-01-12,1598,87000,0,-145,86855,-145,0
2026-01-12,1603,437000,-4000,10000,443000,10000,0
2026-01-12,1604,-62000,0,-1000,-63000,-1000,0
2026-01-12,1605,3046820,5508100,3092191,11647111,543102,2549089
2026-01-12,1608,1510000,-12909,128629,1625720,-2000,130629
2026-01-12,1609,2496168,-61000,260076,2695244,238000,22076
2026-01-12,1611,478000,0,0,478000,0,0
2026-01-12,1612,311000,0,-4047,306953,-5122,1075
2026-01-12,1614,-20000,0,0,-20000,0,0
2026-01-12,1615,-12777,0,4000,-8777,4000,0
2026-01-12,1616,489000,0,-854,488146,0,-854
2026-01-12,1617,-20000,0,661,-19339,661,0
2026-01-12,1618,213398,0,0,213398,0,0
2026-01-12,1626,28000,0,1000,29000,1000,0
2026-01-12,1702,94000,-7158,-22000,64842,-22000,0
2026-01-12,1707,-6992,0,0,-6992,0,0
2026-01-12,1708,-401000,0,-2832,-403832,-2026,-806
2026-01-12,1709,41000,0,0,41000,0,0
2026-01-12,1710,197000,0,-637,196363,-321,-316
2026-01-12,1711,2690143,0,81841,2771984,-989,82830
2026-01-12,1712,-154000,-1000,-12961,-167961,-12961,0
2026-01-12,1713,249000,0,-37,248963,-37,0
2026-01-12,1714,-136700,0,85000,-51700,85000,0
2026-01-12,1717,-4533300,388000,1096104,-3049196,564270,531834
2026-01-12,1718,-40130,0,0,-40130,0,0
2026-01-12,1720,-25500,0,4000,-21500,4000,0
2026-01-12,1721,628000,0,-2000,626000,-2000,0
2026-01-12,1722,-1068998,-3000,1959,-1070039,1959,0
2026-01-12,1723,210737,0,0,210737,0,0
2026-01-12,1725,34000,0,1000,35000,1000,0
2026-01-12,1726,-1000,0,0,-1000,0,0
2026-01-12,1727,748000,0,-980,747020,-980,0
2026-01-12,1730,-10000,0,1048,-8952,58,990
2026-01-12,1731,-18000,0,0,-18000,0,0
2026-01-12,1732,10000,0,-4000,6000,-4000,0
2026-01-12,1733,27000,-3000,-1000,23000,-1000,0
2026-01-12,1734,-42000,0,0,-42000,0,0
2026-01-12,1735,36000,0,-5025,30975,-5025,0
2026-01-12,1736,-131000,0,-2831,-133831,169,-3000
2026-01-12,1737,-52000,0,0,-52000,0,0
2026-01-12,1752,-11000,0,1000,-10000,1000,0
2026-01-12,1760,-16000,0,0,-16000,0,0
2026-01-12,1762,-3000,0,286,-2714,286,0
2026-01-12,1773,-867800,0,5458,-862342,15644,-10186
2026-01-12,1776,4000,0,0,4000,0,0
2026-01-12,1783,-13000,0,5000,-8000,5000,0
2026-01-12,1786,48000,0,1600,49600,-152,1752
2026-01-12,1789,-16649,0,3165,-13484,3165,0
2026-01-12,1795,-855413,-955,-80439,-936807,-20000,-60439
2026-01-12,1802,-1060376,0,187671,-872705,-83077,270748
2026-01-12,1805,0,0,0,0,0,0
2026-01-12,1806,-212000,0,0,-212000,0,0
2026-01-12,1808,-2184000,0,0,-2184000,0,0
2026-01-12,1809,375000,0,2000,377000,2000,0
2026-01-12,1810,-621760,-15725,20736,-616749,20736,0
2026-01-12,1817,-5000,0,144,-4856,0,144
2026-01-12,1903,17000,0,0,17000,0,0
2026-01-12,1904,143000,0,-40000,103000,-40000,0
2026-01-12,1905,1589807,0,6063,1595870,6000,63
2026-01-12,1906,-9000,0,-373,-9373,-373,0
2026-01-12,1907,-294966,-9999,14112,-290853,14112,0
2026-01-12,1909,495000,0,-38661,456339,-39000,339
2026-01-12,2002,30922791,-437024,-1146752,29339015,-1766000,619248
2026-01-12,2006,781000,-534742,-38000,208258,-29000,-9000
2026-01-12,2007,24000,0,0,24000,0,0
2026-01-12,2008,1000,0,1000,2000,1000,0
2026-01-12,2009,1815187,0,104911,1920098,446,104465
2026-01-12,2010,439000,0,137000,576000,137000,0
2026-01-12,2012,-4000,0,1000,-3000,1000,0
2026-01-12,2013,-181000,0,4146,-176854,4000,146
2026-01-12,2014,-755302,0,530438,-224864,104000,426438
2026-01-12,2015,-12000,-7000,0,-19000,0,0
2026-01-12,2017,35000,0,5107,40107,5107,0
2026-01-12,2020,44000,0,0,44000,0,0
2026-01-12,2022,8000,0,3000,11000,3000,0
2026-01-12,2023,180000,0,0,180000,0,0
2026-01-12,2025,-27000,0,5000,-22000,5000,0
2026-01-12,2027,9249873,2000,450100,9701973,64831,385269
2026-01-12,2028,3000,0,0,3000,0,0
2026-01-12,2029,-102000,0,468,-101532,468,0
2026-01-12,2030,-89000,0,-2,-89002,-2,0
2026-01-12,2031,234474,0,-22745,211729,24000,-46745
2026-01-12,2032,174000,0,0,174000,0,0
2026-01-12,2033,31062,0,-40,31022,-40,0
2026-01-12,2034,312001,0,77078,389079,13601,63477
2026-01-12,2038,-69000,0,0,-69000,0,0
2026-01-12,2049,1790102,-1000,141941,1931043,18000,123941
2026-01-12,2059,-107602,-70153,-10025,-187780,-2200,-7825
2026-01-12,2062,-111000,0,999,-110001,999,0
2026-01-12,2069,95000,0,-4000,91000,-4000,0
2026-01-12,2101,-581799,0,2834,-578965,6000,-3166
2026-01-12,2102,-62000,0,0,-62000,0,0
2026-01-12,2103,852998,0,-8000,844998,-8000,0
2026-01-12,2104,1138519,0,17969,1156488,17969,0
2026-01-12,2105,2423539,-3620280,-23768,-1220509,-19719,-4049
2026-01-12,2106,-39000,0,0,-39000,0,0
2026-01-12,2107,-50490,0,0,-50490,0,0
2026-01-12,2108,30000,0,104,30104,104,0
2026-01-12,2109,11000,0,0,11000,0,0
2026-01-12,2114,-4000,0,0,-4000,0,0
2026-01-12,2115,8000,0,0,8000,0,0
2026-01-12,2201,-213000,0,33267,-179733,34000,-733
2026-01-12,2204,175000,-27643,2260,149617,0,2260
2026-01-12,2206,-178000,-50337,0,-228337,0,0
2026-01-12,2207,-68786,-16124,-96,-85006,-96,0
2026-01-12,2208,3036308,3000,1000,3040308,1000,0
2026-01-12,2211,-77800,-56688,1775,-132713,1775,0
2026-01-12,2227,-6000,0,0,-6000,0,0
2026-01-12,2228,-40000,0,-1006,-41006,0,-1006
2026-01-12,2231,104124,0,256,104380,-2000,2256
2026-01-12,2233,222000,75000,23647,320647,11165,12482
2026-01-12,2236,174386,0,-24000,150386,-24000,0
2026-01-12,2239,-120000,0,9437,-110563,9437,0
2026-01-12,2241,-149000,0,0,-149000,0,0
2026-01-12,2243,-10000,0,-3000,-13000,-3000,0
2026-01-12,2247,-38150,0,0,-38150,0,0
2026-01-12,2248,13000,0,0,13000,0,0
2026-01-12,2250,51000,0,0,51000,0,0
2026-01-12,2254,0,0,55000,55000,0,55000
2026-01-12,2258,-242000,0,2580,-239420,0,2580
2026-01-12,2301,119176,-745889,439551,-187162,-2000,441551
2026-01-12,2302,235000,-3000,0,232000,0,0
2026-01-12,2303,-14484353,-7474012,357049,-21601316,-24000,381049
2026-01-12,2305,363000,0,217725,580725,217725,0
2026-01-12,2308,2883681,462118,241248,3587047,-30100,271348
2026-01-12,2312,24334500,0,2523446,26857946,2312576,210870
2026-01-12,2313,5565082,1660000,-1492243,5732839,-108706,-1383537
2026-01-12,2314,1000,0,0,1000,0,0
2026-01-12,2316,1328000,-124000,326483,1530483,19945,306538
2026-01-12,2317,-9959778,-538693,-124774,-10623245,-126000,1226
2026-01-12,2323,-190911,0,17000,-173911,-2000,19000
2026-01-12,2324,1287333,-491000,357108,1153441,153139,203969
2026-01-12,2327,3558618,2163812,-470188,5252242,-397200,-72988
2026-01-12,2328,623786,0,7907,631693,-4000,11907
2026-01-12,2329,-2610870,0,2095933,-514937,233969,1861964
2026-01-12,2330,-10255629,19943,188247,-10047439,46241,142006
2026-01-12,2331,-225000,300000,105234,180234,-6000,111234
2026-01-12,2332,1177000,0,130509,1307509,113000,17509
2026-01-12,2337,7176980,153000,2524741,9854721,609000,1915741
2026-01-12,2338,113000,0,18952,131952,25658,-6706
2026-01-12,2340,-1305616,0,-19718,-1325334,-12000,-7718
2026-01-12,2342,-799000,0,2357,-796643,2357,0
2026-01-12,2344,2498529,14487,145543,2658559,639000,-493457
2026-01-12,2345,-321682,-157217,-91751,-570650,-32920,-58831
2026-01-12,2347,705720,980254,-66204,1619770,-64000,-2204
2026-01-12,2348,114571,0,713,115284,2000,-1287
2026-01-12,2349,-1609000,0,4000,-1605000,4000,0
2026-01-12,2351,378000,0,4243,382243,-150,4393
2026-01-12,2352,1500900,-93000,22587,1430487,0,22587
2026-01-12,2353,-403837,570744,433377,600284,30000,403377
2026-01-12,2354,638907,1000,16508,656415,-19309,35817
2026-01-12,2355,1513700,-8137,189871,1695434,128737,61134
2026-01-12,2356,674572,616000,328253,1618825,105000,223253
2026-01-12,2357,-604347,-119044,32081,-691310,-19290,51371
2026-01-12,2359,-99000,0,1237,-97763,237,1000
2026-01-12,2360,637398,-237682,39072,438788,-15100,54172
2026-01-12,2362,111000,0,4982,115982,5982,-1000
2026-01-12,2363,-145000,0,-27952,-172952,0,-27952
2026-01-12,2364,-285500,0,-47,-285547,-47,0
2026-01-12,2365,686305,0,-232,686073,-45,-187
2026-01-12,2367,17854800,0,3033520,20888320,1966544,1066976
2026-01-12,2368,-419310,-109156,207067,-321399,130000,77067
2026-01-12,2369,-720000,0,43872,-676128,81282,-37410
2026-01-12,2371,4134710,-505901,1729598,5358407,80000,1649598
2026-01-12,2373,-12000,0,0,-12000,0,0
2026-01-12,2374,2261801,-10000,78940,2330741,4010,74930
2026-01-12,2375,1420550,0,11890,1432440,-8922,20812
2026-01-12,2376,-2170323,-257000,15975,-2411348,11425,4550
2026-01-12,2377,2432065,98671,111588,2642324,55000,56588
2026-01-12,2379,511613,-184216,381130,708527,128043,253087
2026-01-12,2382,-5152667,-188432,-162472,-5503571,-156342,-6130
2026-01-12,2383,376029,-75248,-4369,296412,-33256,28887
2026-01-12,2385,557868,-416142,-102056,39670,-81056,-21000
2026-01-12,2387,90000,0,0,90000,0,0
2026-01-12,2388,-24000,0,73386,49386,74693,-1307
2026-01-12,2390,56000,0,0,56000,0,0
2026-01-12,2392,412086,0,-33794,378292,10000,-43794
2026-01-12,2393,460501,-708472,-4706,-252677,2000,-6706
2026-01-12,2395,-17019,-18204,1582,-33641,1700,-118
2026-01-12,2397,95000,0,2000,97000,2000,0
2026-01-12,2399,914700,0,903,915603,903,0
2026-01-12,2401,981000,0,19859,1000859,12000,7859
2026-01-12,2402,-203950,0,139442,-64508,-3884,143326
2026-01-12,2404,-870147,-34083,6369,-897861,5010,1359
2026-01-12,2405,-262000,0,0,-262000,0,0
2026-01-12,2406,1520000,0,178995,1698995,178995,0
2026-01-12,2408,2772975,7927,542688,3323590,296899,245789
2026-01-12,2409,-115599638,-231346,2461282,-113369702,659000,1802282
2026-01-12,2412,-1844646,-112694,-75833,-2033173,-75000,-833
2026-01-12,2413,-104000,0,-14000,-118000,0,-14000
2026-01-12,2414,1000,0,0,1000,0,0
2026-01-12,2415,-38000,0,5825,-32175,5825,0
2026-01-12,2417,197000,0,4000,201000,4000,0
2026-01-12,2419,953920,0,-127043,826877,7,-127050
2026-01-12,2420,144000,0,0,144000,0,0
2026-01-12,2421,54039,-133000,-40283,-119244,-11358,-28925
2026-01-12,2423,-2000,0,-2000,-4000,-2000,0
2026-01-12,2424,8000,0,0,8000,0,0
2026-01-12,2425,246000,0,0,246000,0,0
2026-01-12,2426,228000,0,-1716,226284,-1716,0
2026-01-12,2427,206000,0,0,206000,0,0
2026-01-12,2428,132000,-90000,5869,47869,-500,6369
2026-01-12,2429,52364,0,-3303,49061,-3303,0
2026-01-12,2430,-19629,0,0,-19629,0,0
2026-01-12,2431,267000,0,0,267000,0,0
2026-01-12,2432,4000,0,-2000,2000,0,-2000
2026-01-12,2433,-2000,0,0,-2000,0,0
2026-01-12,2434,2000,0,0,2000,0,0
2026-01-12,2436,115000,0,6708,121708,0,6708
2026-01-12,2438,12000,0,0,12000,0,0
2026-01-12,2439,588000,-2754,2449,587695,-1548,3997
2026-01-12,2440,53000,0,-1000,52000,-1000,0
2026-01-12,2441,-3029780,-226000,322550,-2933230,151046,171504
2026-01-12,2442,-258424,0,310,-258114,310,0
2026-01-12,2444,89000,0,2364,91364,2364,0
2026-01-12,2449,546231,-1382542,486984,-349327,355243,131741
2026-01-12,2450,-25000,0,0,-25000,0,0
2026-01-12,2451,-6726609,4709,-20682,-6742582,51777,-72459
2026-01-12,2453,34000,0,44000,78000,44000,0
2026-01-12,2454,112436,-346876,-41118,-275558,-35600,-5518
2026-01-12,2455,1953964,818000,776896,3548860,398654,378242
2026-01-12,2457,310841,0,57262,368103,53597,3665
2026-01-12,2458,89000,-703158,-8920,-623078,-6616,-2304
2026-01-12,2459,-18000,0,-1000,-19000,-1000,0
2026-01-12,2460,27000,0,-2008,24992,-2008,0
2026-01-12,2461,7000,0,-1000,6000,-1000,0
2026-01-12,2462,64000,0,-315,63685,-315,0
2026-01-12,2464,7500,0,20054,27554,0,20054
2026-01-12,2465,28000,0,0,28000,0,0
2026-01-12,2466,-355000,0,-66000,-421000,-66000,0
2026-01-12,2467,-242010,27000,-124029,-339039,-59154,-64875
2026-01-12,2468,172000,0,-1000,171000,-1000,0
2026-01-12,2471,139000,0,0,139000,0,0
2026-01-12,2472,608288,-107000,27980,529268,1214,26766
2026-01-12,2474,508189,-682267,12717,-161361,-8000,20717
2026-01-12,2476,-363000,0,-28181,-391181,0,-28181
2026-01-12,2477,50000,0,10000,60000,10000,0
2026-01-12,2478,1641000,0,13145,1654145,1000,12145
2026-01-12,2480,-111000,0,-25550,-136550,335,-25885
2026-01-12,2481,5486152,980001,820504,7286657,171298,649206
2026-01-12,2482,81000,0,767,81767,767,0
2026-01-12,2483,38000,0,-3000,35000,-3000,0
2026-01-12,2484,105000,0,-422,104578,-422,0
2026-01-12,2485,3582000,0,196693,3778693,177693,19000
2026-01-12,2486,-1237398,0,-52384,-1289782,17127,-69511
2026-01-12,2488,-155000,0,-3000,-158000,-3000,0
2026-01-12,2489,-634611,0,-66215,-700826,-68000,1785
2026-01-12,2491,124000,0,-1000,123000,-1000,0
2026-01-12,2492,635950,0,-217049,418901,-94000,-123049
2026-01-12,2493,214482,0,-66572,147910,2000,-68572
2026-01-12,2495,323000,0,2624,325624,-1110,3734
2026-01-12,2496,5000,0,3000,8000,3000,0
2026-01-12,2497,123000,0,968,123968,-32,1000
2026-01-12,2498,727875,-2000,7495,733370,5000,2495
2026-01-12,2501,-1017700,-20000,-223702,-1261402,-223702,0
2026-01-12,2504,1236000,-389137,-18143,828720,-2158,-15985
2026-01-12,2505,81000,0,46000,127000,46000,0
2026-01-12,2506,-11000,0,0,-11000,0,0
2026-01-12,2509,-34000,0,3000,-31000,3000,0
2026-01-12,2511,-234000,0,2000,-232000,2000,0
2026-01-12,2514,-11000,0,3946,-7054,3946,0
2026-01-12,2515,-429290,0,-1462,-430752,-2001,539
2026-01-12,2516,6000,0,-2000,4000,-2000,0
2026-01-12,2520,1567000,-2900,28377,1592477,26000,2377
2026-01-12,2524,5000,0,0,5000,0,0
2026-01-12,2527,73000,0,13180,86180,13180,0
2026-01-12,2528,-722000,0,-11000,-733000,-11000,0
2026-01-12,2530,-575219,200000,-17000,-392219,-49000,32000
2026-01-12,2534,-391800,0,-22866,-414666,-22866,0
2026-01-12,2535,-138000,0,54537,-83463,54537,0
2026-01-12,2536,72001,0,0,72001,0,0
2026-01-12,2537,-189000,0,7196,-181804,7196,0
2026-01-12,2538,-89225,0,0,-89225,0,0
2026-01-12,2539,-25960,-5543,0,-31503,0,0
2026-01-12,2540,-116000,-10000,-7000,-133000,-7000,0
2026-01-12,2542,560072,-278000,67113,349185,74381,-7268
2026-01-12,2543,-627292,0,11541,-615751,-468,12009
2026-01-12,2545,-103365,0,0,-103365,0,0
2026-01-12,2546,49405,0,0,49405,0,0
2026-01-12,2547,-235000,0,0,-235000,0,0
2026-01-12,2548,-206557,0,-20499,-227056,-3940,-16559
2026-01-12,2597,77600,-3000,-1209,73391,-1209,0
2026-01-12,2601,53000,0,0,53000,0,0
2026-01-12,2603,3017228,-795930,-164293,2057005,-88322,-75971
2026-01-12,2605,7270200,0,547616,7817816,57000,490616
2026-01-12,2606,793000,-616101,-34311,142588,6000,-40311
2026-01-12,2607,146713,-3000,3000,146713,3000,0
2026-01-12,2608,0,0,0,0,0,0
2026-01-12,2609,-582819,-429000,-35372,-1047191,-1373,-33999
2026-01-12,2610,4871138,-1824000,-225176,2821962,-225000,-176
2026-01-12,2611,174000,0,0,174000,0,0
2026-01-12,2612,529000,0,-31439,497561,0,-31439
2026-01-12,2613,292000,0,21000,313000,21000,0
2026-01-12,2614,968830,-11000,-21949,935881,-21949,0
2026-01-12,2615,206898,-253625,-38876,-85603,-7013,-31863
2026-01-12,2616,4000,0,0,4000,0,0
2026-01-12,2617,-7000,0,6178,-822,6178,0
2026-01-12,2618,9901067,-6492494,359135,3767708,-90000,449135
2026-01-12,2630,1662000,0,90407,1752407,-7247,97654
2026-01-12,2633,-1865394,-9000,-27774,-1902168,226,-28000
2026-01-12,2634,4994354,3000,939908,5937262,167000,772908
2026-01-12,2636,9000,0,3000,12000,3000,0
2026-01-12,2637,2264000,-732487,-137073,1394440,-2000,-135073
2026-01-12,2642,-2065,0,0,-2065,0,0
2026-01-12,2645,369266,1000,81873,452139,5615,76258
2026-01-12,2646,-321026,0,-1000,-322026,0,-1000
2026-01-12,2701,1000,0,0,1000,0,0
2026-01-12,2702,6000,0,0,6000,0,0
2026-01-12,2704,-13004,0,0,-13004,0,0
2026-01-12,2705,-41000,0,0,-41000,0,0
2026-01-12,2706,-1000,0,0,-1000,0,0
2026-01-12,2707,14050,0,0,14050,0,0
2026-01-12,2722,2000,0,0,2000,0,0
2026-01-12,2723,553000,0,1334,554334,1334,0
2026-01-12,2727,-25980,-6253,3000,-29233,3000,0
2026-01-12,2731,-51950,0,50574,-1376,78000,-27426
2026-01-12,2739,-15000,0,0,-15000,0,0
2026-01-12,2748,14000,0,0,14000,0,0
2026-01-12,2753,26000,-2000,8950,32950,1000,7950
2026-01-12,2762,6600,0,0,6600,0,0
2026-01-12,2801,-2510133,-24000,-80652,-2614785,348,-81000
2026-01-12,2812,-3891447,-9000,-18578,-3919025,9422,-28000
2026-01-12,2816,14000,0,-1000,13000,-1000,0
2026-01-12,2820,-126000,0,0,-126000,0,0
2026-01-12,2832,-66800,-6000,15000,-57800,15000,0
2026-01-12,2834,-15002974,-21000,-24553,-15048527,12447,-37000
2026-01-12,2836,-424661,0,-11989,-436650,-11989,0
2026-01-12,2838,-1122533,-134000,10849,-1245684,10849,0
2026-01-12,2845,-1696232,-11000,-3000,-1710232,0,-3000
2026-01-12,2849,-10000,0,-1000,-11000,-1000,0
2026-01-12,2850,-137000,-8000,-148,-145148,-148,0
2026-01-12,2851,51000,1000,-1000,51000,-1000,0
2026-01-12,2852,3000,0,1000,4000,1000,0
2026-01-12,2855,1912476,-41000,0,1871476,0,0
2026-01-12,2867,1181711,0,-16000,1165711,8000,-24000
2026-01-12,2880,122155,888870,75000,1086025,-1000,76000
2026-01-12,2881,3005779,-6148441,203761,-2938901,7825,195936
2026-01-12,2882,5409195,-6267437,187090,-671152,-4067,191157
2026-01-12,2882B,0,-3000,8000,5000,8000,0
2026-01-12,2883,20781471,-1792001,252280,19241750,202000,50280
2026-01-12,2883B,-285000,0,44000,-241000,44000,0
2026-01-12,2884,-13698465,-2764813,208493,-16254785,13000,195493
2026-01-12,2885,-94612,-4074837,-444207,-4613656,-443706,-501
2026-01-12,2886,-5192368,-494243,15327,-5671284,7,15320
2026-01-12,2887,1656435,-3252661,-119155,-1715381,0,-119155
2026-01-12,2887H,-10000,0,0,-10000,0,0
2026-01-12,2887I,-237225,0,-100000,-337225,-100000,0
2026-01-12,2889,3070856,-4000,-1000,3065856,-1000,0
2026-01-12,2890,-12422135,-765290,53397,-13134028,109,53288
2026-01-12,2891,10175315,-8117838,1184,2058661,-60000,61184
2026-01-12,2891B,0,0,-18000,-18000,-18000,0
2026-01-12,2891C,0,0,5000,5000,5000,0
2026-01-12,2892,-5144419,-124817,102514,-5166722,79514,23000
2026-01-12,2897,-2646292,-2000,-7545,-2655837,-7545,0
2026-01-12,2903,24000,-153000,0,-129000,0,0
2026-01-12,2904,2000,0,0,2000,0,0
2026-01-12,2905,407000,0,-5000,402000,-5000,0
2026-01-12,2906,-34000,0,1000,-33000,1000,0
2026-01-12,2908,-240000,0,0,-240000,0,0
2026-01-12,2910,-1000,0,0,-1000,0,0
2026-01-12,2912,-122843,-260398,6174,-377067,0,6174
2026-01-12,2913,243000,0,-1000,242000,-1000,0
2026-01-12,2915,-1339500,-92000,-21875,-1453375,-18875,-3000
2026-01-12,2923,-2000,0,1000,-1000,1000,0
2026-01-12,2929,18849,0,0,18849,0,0
2026-01-12,2939,-3000,0,0,-3000,0,0
2026-01-12,2945,3000,0,0,3000,0,0
2026-01-12,3002,-60000,0,-43000,-103000,-43000,0
2026-01-12,3003,47000,0,-22,46978,-592,570
2026-01-12,3004,108894,0,67073,175967,4000,63073
2026-01-12,3005,-329179,-420000,-25191,-774370,-25000,-191
2026-01-12,3006,445162,0,-26868,418294,-5000,-21868
2026-01-12,3008,-172461,-8181,-58573,-239215,-20297,-38276
2026-01-12,3010,164000,-79038,1684,86646,4000,-2316
2026-01-12,3011,29000,0,0,29000,0,0
2026-01-12,3013,-615367,0,5347,-610020,3000,2347
2026-01-12,3014,65827,-76142,-115,-10430,-115,0
2026-01-12,3015,164000,-28186,3512,139326,2028,1484
2026-01-12,3016,303844,0,79684,383528,0,79684
2026-01-12,3017,-539921,-994303,-27185,-1561409,42748,-69933
2026-01-12,3019,-221630,0,-14491,-236121,-3480,-11011
2026-01-12,3021,-13000,0,13000,0,13000,0
2026-01-12,3022,653648,0,3580,657228,-2000,5580
2026-01-12,3023,-52000,-319105,-2262,-373367,-2262,0
2026-01-12,3024,140000,0,0,140000,0,0
2026-01-12,3025,487952,0,2710,490662,2710,0
2026-01-12,3026,315000,-5000,5021,315021,0,5021
2026-01-12,3027,-372960,0,-3000,-375960,-3000,0
2026-01-12,3028,2468000,0,-984,2467016,-984,0
2026-01-12,3029,-609843,-2398,26546,-585695,33987,-7441
2026-01-12,3030,-387000,0,55217,-331783,7000,48217
2026-01-12,3031,161000,0,0,161000,0,0
2026-01-12,3032,101000,0,853,101853,-116,969
2026-01-12,3033,-1054000,0,200475,-853525,-17317,217792
2026-01-12,3034,178828,-52255,-7323,119250,-14560,7237
2026-01-12,3035,302385,-1000,250658,552043,162000,88658
2026-01-12,3036,-260600,-731755,18671,-973684,15454,3217
2026-01-12,3036A,0,-3000,0,-3000,0,0
2026-01-12,3037,14089397,291000,705273,15085670,181024,524249
2026-01-12,3038,31000,0,2000,33000,2000,0
2026-01-12,3040,-37000,0,0,-37000,0,0
2026-01-12,3041,260000,0,18868,278868,18868,0
2026-01-12,3042,327000,-12000,20270,335270,18460,1810
2026-01-12,3043,7000,0,0,7000,0,0
2026-01-12,3044,208115,-823500,-4295,-619680,4146,-8441
2026-01-12,3045,423786,-1436627,178000,-834841,196000,-18000
2026-01-12,3046,-95000,0,-6027,-101027,-6027,0
2026-01-12,3047,714000,0,-61,713939,-61,0
2026-01-12,3048,-147000,0,-25412,-172412,0,-25412
2026-01-12,3049,-285679,0,-742,-286421,0,-742
2026-01-12,3050,496000,0,25000,521000,25000,0
2026-01-12,3051,-565000,0,9000,-556000,9000,0
2026-01-12,3052,-142000,0,0,-142000,0,0
2026-01-12,3054,-2000,0,0,-2000,0,0
2026-01-12,3055,60000,0,-1967,58033,-1009,-958
2026-01-12,3056,-215000,0,-3,-215003,0,-3
2026-01-12,3057,55000,0,-112000,-57000,-112000,0
2026-01-12,3058,-78000,0,-6000,-84000,-6000,0
2026-01-12,3059,-1165208,0,-13719,-1178927,6722,-20441
2026-01-12,3060,-342000,0,2199,-339801,2199,0
2026-01-12,3062,-287000,0,-2686,-289686,-2715,29
2026-01-12,3090,-55844,-9683,-129947,-195474,-12758,-117189
2026-01-12,3092,60945,0,-5000,55945,0,-5000
2026-01-12,3094,33000,0,7945,40945,7945,0
2026-01-12,3130,-11999,0,1039,-10960,1039,0
2026-01-12,3135,1478500,0,58483,1536983,58483,0
2026-01-12,3138,-10000,0,-14385,-24385,-14385,0
2026-01-12,3149,4740000,0,388,4740388,388,0
2026-01-12,3150,1000,0,-4000,-3000,0,-4000
2026-01-12,3164,-10000,0,0,-10000,0,0
2026-01-12,3167,2201985,254000,148965,2604950,6492,142473
2026-01-12,3168,-1000,0,0,-1000,0,0
2026-01-12,3189,1168682,357000,484543,2010225,338999,145544
2026-01-12,3209,207000,0,0,207000,0,0
2026-01-12,3229,32000,0,2437,34437,2437,0
2026-01-12,3231,-19469328,-5059830,-769268,-25298426,-143823,-625445
2026-01-12,3257,107000,0,0,107000,0,0
2026-01-12,3266,1000,0,11000,12000,11000,0
2026-01-12,3296,-2000,0,2000,0,2000,0
2026-01-12,3305,2080955,0,472870,2553825,154628,318242
2026-01-12,3308,0,0,6492,6492,5492,1000
2026-01-12,3311,58000,0,-45,57955,-45,0
2026-01-12,3312,-585000,0,0,-585000,0,0
2026-01-12,3321,307000,0,0,307000,0,0
2026-01-12,3338,23000,0,0,23000,0,0
2026-01-12,3346,16000,0,0,16000,0,0
2026-01-12,3356,201000,0,-15,200985,-15,0
2026-01-12,3376,-280856,11000,-54472,-324328,66447,-120919
2026-01-12,3380,1848796,0,79092,1927888,71000,8092
2026-01-12,3406,666569,-31000,75330,710899,35000,40330
2026-01-12,3413,-63997,-4000,4871,-63126,0,4871
2026-01-12,3416,60485,0,-500,59985,500,-1000
2026-01-12,3419,-51000,0,0,-51000,0,0
2026-01-12,3437,-64000,0,65000,1000,65000,0
2026-01-12,3443,-169657,-4042,52793,-120906,-10800,63593
2026-01-12,3447,-24000,0,-12518,-36518,-12518,0
2026-01-12,3450,-1992896,58000,-73538,-2008434,32101,-105639
2026-01-12,3454,-29000,0,0,-29000,0,0
2026-01-12,3481,-17562733,-154892,11068478,-6649147,2184000,8884478
2026-01-12,3494,3000,0,-1000,2000,-1000,0
2026-01-12,3501,-4000,0,-1184,-5184,-1184,0
2026-01-12,3504,120000,0,0,120000,0,0
2026-01-12,3515,-586800,-128000,-8355,-723155,2000,-10355
2026-01-12,3518,34000,0,0,34000,0,0
2026-01-12,3528,63200,0,0,63200,0,0
2026-01-12,3530,7000,0,-13000,-6000,-13000,0
2026-01-12,3532,67905,0,179498,247403,166000,13498
2026-01-12,3533,-106108,139,-18523,-124492,-6077,-12446
2026-01-12,3535,-4154739,0,0,-4154739,0,0
2026-01-12,3543,-445000,0,-6250,-451250,-6250,0
2026-01-12,3545,135350,0,2671,138021,0,2671
2026-01-12,3550,41000,0,12998,53998,12998,0
2026-01-12,3557,51000,0,0,51000,0,0
2026-01-12,3563,-58152,-1000,-9135,-68287,-2000,-7135
2026-01-12,3576,-2426000,0,-2000,-2428000,-2000,0
2026-01-12,3583,-47000,0,792,-46208,1500,-708
2026-01-12,3588,-12000,0,307,-11693,307,0
2026-01-12,3591,16122,0,51918,68040,-82,52000
2026-01-12,3592,-46580,15000,3877,-27703,1000,2877
2026-01-12,3596,86178,0,-2252,83926,-2122,-130
2026-01-12,3605,185000,0,-23635,161365,-3000,-20635
2026-01-12,3607,216000,0,3000,219000,3000,0
2026-01-12,3617,23975,0,7454,31429,1000,6454
2026-01-12,3622,-952000,0,-2616,-954616,-8616,6000
2026-01-12,3645,-207000,0,-216,-207216,0,-216
2026-01-12,3652,-13000,0,0,-13000,0,0
2026-01-12,3653,-198228,-94028,-17,-292273,-7465,7448
2026-01-12,3661,-194657,45465,48982,-100210,4900,44082
2026-01-12,3665,373463,-797440,-44471,-468448,-15802,-28669
2026-01-12,3669,-60000,0,-2000,-62000,-2000,0
2026-01-12,3673,1620000,0,235896,1855896,88987,146909
2026-01-12,3679,-4000,0,0,-4000,0,0
2026-01-12,3686,61000,0,1000,62000,1000,0
2026-01-12,3694,224545,0,31585,256130,-298,31883
2026-01-12,3701,406316,0,27000,433316,-1000,28000
2026-01-12,3702,-659857,170000,-151588,-641445,-44010,-107578
2026-01-12,3703,144000,0,157000,301000,157000,0
2026-01-12,3704,485927,0,17838,503765,17838,0
2026-01-12,3705,-8474,0,1871,-6603,2000,-129
2026-01-12,3706,-3539337,-794000,-341815,-4675152,-227000,-114815
2026-01-12,3708,1178822,-11000,150782,1318604,15929,134853
2026-01-12,3711,3582400,777945,83753,4444098,78260,5493
2026-01-12,3712,235000,0,-1025,233975,-1000,-25
2026-01-12,3714,1420845,0,-4341,1416504,-4341,0
2026-01-12,3715,6225242,2353,-1125586,5102009,-346028,-779558
2026-01-12,3716,20000,0,0,20000,0,0
2026-01-12,3717,112000,0,0,112000,0,0
2026-01-12,4104,-37000,0,235,-36765,235,0
2026-01-12,4106,-19000,0,-38,-19038,-38,0
2026-01-12,4108,-88000,0,0,-88000,0,0
2026-01-12,4119,-2000,0,1018,-982,1000,18
2026-01-12,4133,-4000,0,0,-4000,0,0
2026-01-12,4137,-1000,0,0,-1000,0,0
2026-01-12,4142,2080000,0,0,2080000,0,0
2026-01-12,4148,6150,0,0,6150,0,0
2026-01-12,4155,-27000,0,-1000,-28000,-1000,0
2026-01-12,4164,61000,0,5927,66927,5927,0
2026-01-12,4190,-15000,0,0,-15000,0,0
2026-01-12,4306,-255000,0,0,-255000,0,0
2026-01-12,4414,36000,0,-8000,28000,-8000,0
2026-01-12,4426,-19745,0,1000,-18745,1000,0
2026-01-12,4438,13708,0,1000,14708,1000,0
2026-01-12,4439,0,0,0,0,0,0
2026-01-12,4440,3000,0,0,3000,0,0
2026-01-12,4441,16000,0,0,16000,0,0
2026-01-12,4526,618000,0,3310,621310,0,3310
2026-01-12,4532,-178000,-11409,3850,-185559,354,3496
2026-01-12,4536,-9000,0,-182,-9182,-182,0
2026-01-12,4540,-213000,0,-149,-213149,-149,0
2026-01-12,4545,111000,0,-1000,110000,-1000,0
2026-01-12,4551,-24000,0,-5171,-29171,-50,-5121
2026-01-12,4552,-19120,0,6000,-13120,6000,0
2026-01-12,4555,-4000,0,2000,-2000,2000,0
2026-01-12,4557,-21000,0,0,-21000,0,0
2026-01-12,4560,-24000,0,0,-24000,0,0
2026-01-12,4562,50028,0,-75,49953,-75,0
2026-01-12,4564,440000,0,1812,441812,1812,0
2026-01-12,4566,150900,0,0,150900,0,0
2026-01-12,4569,5000,0,0,5000,0,0
2026-01-12,4571,72178,0,1756,73934,1000,756
2026-01-12,4572,26000,0,0,26000,0,0
2026-01-12,4576,77000,0,-1228,75772,-2949,1721
2026-01-12,4581,0,0,0,0,0,0
2026-01-12,4583,23329,0,3711,27040,2443,1268
2026-01-12,4585,170930,0,7279,178209,-973,8252
2026-01-12,4588,17000,0,-2000,15000,-2000,0
2026-01-12,4720,-85000,0,0,-85000,0,0
2026-01-12,4722,-325000,-3000,325,-327675,325,0
2026-01-12,4736,72000,0,2000,74000,2000,0
2026-01-12,4737,1000,0,0,1000,0,0
2026-01-12,4739,786467,-41000,36690,782157,-18763,55453
2026-01-12,4746,-319000,0,-9946,-328946,1000,-10946
2026-01-12,4755,115000,0,1000,116000,1000,0
2026-01-12,4763,346642,-296391,16521,66772,-2000,18521
2026-01-12,4764,-600000,0,-1000,-601000,-1000,0
2026-01-12,4766,-131000,-8000,1246,-137754,600,646
2026-01-12,4770,212066,0,74297,286363,65000,9297
2026-01-12,4771,-12000,0,0,-12000,0,0
2026-01-12,4904,-966896,-175787,50654,-1092029,29654,21000
2026-01-12,4906,1328022,-10855,-37912,1279255,-38000,88
2026-01-12,4912,-87000,0,16000,-71000,16000,0
2026-01-12,4915,512856,-256673,-2059,254124,1000,-3059
2026-01-12,4916,5128850,0,587125,5715975,-29325,616450
2026-01-12,4919,780178,0,71777,851955,30018,41759
2026-01-12,4927,-3976902,0,-99742,-4076644,-99742,0
2026-01-12,4930,0,0,-282,-282,-282,0
2026-01-12,4934,274000,0,1000,275000,1000,0
2026-01-12,4935,0,0,0,0,0,0
2026-01-12,4938,4549126,-811886,-14961,3722279,-41000,26039
2026-01-12,4942,-150000,0,-54177,-204177,-54177,0
2026-01-12,4949,229000,0,3000,232000,3000,0
2026-01-12,4952,6000,0,0,6000,0,0
2026-01-12,4956,352000,0,2794,354794,2794,0
2026-01-12,4958,1667258,-800000,340745,1208003,152000,188745
2026-01-12,4960,24000,0,-8089,15911,-8089,0
2026-01-12,4961,190742,22000,4098,216840,0,4098
2026-01-12,4967,-1914000,-3000,21659,-1895341,242,21417
2026-01-12,4968,236000,0,2527,238527,36,2491
2026-01-12,4976,366000,0,-533,365467,-533,0
2026-01-12,4977,-206000,0,24472,-181528,-5000,29472
2026-01-12,4989,-697970,0,900,-697070,900,0
2026-01-12,4994,-1000,0,0,-1000,0,0
2026-01-12,4999,-3000,0,751,-2249,751,0
2026-01-12,5007,-6000,0,0,-6000,0,0
2026-01-12,5203,-21000,0,-18,-21018,-90,72
2026-01-12,5215,17529,0,6000,23529,6000,0
2026-01-12,5222,301805,-118000,12448,196253,1441,11007
2026-01-12,5225,121000,0,6162,127162,6000,162
2026-01-12,5234,-90052,-4000,-31784,-125836,-15144,-16640
2026-01-12,5243,1976000,0,56521,2032521,266,56255
2026-01-12,5244,70000,0,0,70000,0,0
2026-01-12,5258,0,0,-2072,-2072,0,-2072
2026-01-12,5269,-622241,61795,13089,-547357,-4115,17204
2026-01-12,5283,58200,0,1000,59200,1000,0
2026-01-12,5284,-177428,0,-28619,-206047,-20995,-7624
2026-01-12,5285,18000,0,-2000,16000,-2000,0
2026-01-12,5288,7000,0,5000,12000,5000,0
2026-01-12,5292,64000,0,0,64000,0,0
2026-01-12,5306,24000,0,0,24000,0,0
2026-01-12,5388,805331,0,11508,816839,3537,7971
2026-01-12,5434,35865,-29000,2095,8960,95,2000
2026-01-12,5469,899577,-1000,-52170,846407,-1982,-50188
2026-01-12,5471,-71000,0,1272,-69728,1272,0
2026-01-12,5484,-32123,0,0,-32123,0,0
2026-01-12,5515,-331000,100000,0,-231000,0,0
2026-01-12,5519,-243000,0,-17451,-260451,-17451,0
2026-01-12,5521,-4917400,0,97808,-4819592,97808,0
2026-01-12,5522,116465,-250000,4000,-129535,13000,-9000
2026-01-12,5525,-46000,0,4000,-42000,4000,0
2026-01-12,5531,-421000,0,0,-421000,0,0
2026-01-12,5533,-72000,0,0,-72000,0,0
2026-01-12,5534,-141140,0,42615,-98525,48057,-5442
2026-01-12,5538,0,0,0,0,0,0
2026-01-12,5546,-9000,0,-1000,-10000,-1000,0
2026-01-12,5607,181000,0,6000,187000,6000,0
2026-01-12,5608,702000,0,693,702693,0,693
2026-01-12,5706,11000,0,474,11474,474,0
2026-01-12,5871,-1439174,-1012247,-21772,-2473193,0,-21772
2026-01-12,5871A,0,-2000,0,-2000,0,0
2026-01-12,5876,-6784806,-607000,-35217,-7427023,1022,-36239
2026-01-12,5880,-6770353,-122645,31984,-6861014,-1016,33000
2026-01-12,5907,8000,0,0,8000,0,0
2026-01-12,6005,1433000,-1000000,0,433000,0,0
2026-01-12,6024,-203000,0,0,-203000,0,0
2026-01-12,6108,325000,0,-4001,320999,-4001,0
2026-01-12,6112,131000,0,15,131015,0,15
2026-01-12,6115,11000,0,-89,10911,0,-89
2026-01-12,6116,-1858000,0,1189799,-668201,128124,1061675
2026-01-12,6117,-36555,0,-3000,-39555,-1000,-2000
2026-01-12,6120,687000,0,14000,701000,14000,0
2026-01-12,6128,-38000,0,-10,-38010,-10,0
2026-01-12,6133,340000,0,50,340050,50,0
2026-01-12,6136,-23000,0,-47000,-70000,-47000,0
2026-01-12,6139,-4313184,-187077,-27523,-4527784,-9647,-17876
2026-01-12,6141,-14000,0,-1000,-15000,-1000,0
2026-01-12,6142,-82000,0,0,-82000,0,0
2026-01-12,6152,145000,0,2682,147682,2682,0
2026-01-12,6153,2486441,0,98000,2584441,98000,0
2026-01-12,6155,-357000,0,-1765,-358765,-1765,0
2026-01-12,6164,87000,0,3000,90000,3000,0
2026-01-12,6165,-230000,0,0,-230000,0,0
2026-01-12,6166,-12000,0,40263,28263,17000,23263
2026-01-12,6168,78000,0,7000,85000,7000,0
2026-01-12,6176,-470445,-76055,-27836,-574336,-4994,-22842
2026-01-12,6177,-294100,0,657,-293443,8000,-7343
2026-01-12,6183,-3000,0,-7400,-10400,-7000,-400
2026-01-12,6184,7000,0,0,7000,0,0
2026-01-12,6189,75997,0,873,76870,-1127,2000
2026-01-12,6191,-60000,201000,46935,187935,4000,42935
2026-01-12,6192,428000,0,-101000,327000,-101000,0
2026-01-12,6196,-595782,0,-13565,-609347,-14000,435
2026-01-12,6197,-427030,0,-15871,-442901,-871,-15000
2026-01-12,6201,23000,0,0,23000,0,0
2026-01-12,6202,57000,0,204,57204,0,204
2026-01-12,6205,13000,0,36000,49000,40000,-4000
2026-01-12,6206,291200,-2612,-1891,286697,0,-1891
2026-01-12,6209,-634951,0,-10985,-645936,-23985,13000
2026-01-12,6213,2079965,0,14675,2094640,23000,-8325
2026-01-12,6214,14800,0,1840,16640,638,1202
2026-01-12,6215,361000,0,6182,367182,0,6182
2026-01-12,6216,30000,0,0,30000,0,0
2026-01-12,6224,-182900,0,7000,-175900,7000,0
2026-01-12,6226,-11000,0,6000,-5000,6000,0
2026-01-12,6230,26000,0,214,26214,214,0
2026-01-12,6235,121900,-5000,-2913,113987,-1000,-1913
2026-01-12,6239,-641757,1077000,911109,1346352,283926,627183
2026-01-12,6243,57000,0,-13,56987,-13,0
2026-01-12,6257,2382428,-138000,-418267,1826161,22540,-440807
2026-01-12,6269,1036000,0,291150,1327150,52025,239125
2026-01-12,6271,-127283,42000,226664,141381,51572,175092
2026-01-12,6272,177000,0,0,177000,0,0
2026-01-12,6277,45000,0,83,45083,0,83
2026-01-12,6278,-88332,-90600,-11248,-190180,-10000,-1248
2026-01-12,6281,14000,0,1000,15000,1000,0
2026-01-12,6282,-2063547,45000,2820846,802299,1787630,1033216
2026-01-12,6283,-9000,0,0,-9000,0,0
2026-01-12,6285,-139369,37000,581510,479141,140732,440778
2026-01-12,6405,241000,0,-1693,239307,-1693,0
2026-01-12,6409,-70777,-17035,-23801,-111613,-2363,-21438
2026-01-12,6412,964050,-1261838,4581,-293207,1581,3000
2026-01-12,6414,177433,16000,14482,207915,15366,-884
2026-01-12,6415,-2251195,336000,-100313,-2015508,38000,-138313
2026-01-12,6416,0,0,1000,1000,1000,0
2026-01-12,6423,5050,0,-1689,3361,0,-1689
2026-01-12,6426,56000,0,-4919,51081,-4919,0
2026-01-12,6431,-90000,0,70,-89930,70,0
2026-01-12,6438,146000,0,-2001,143999,0,-2001
2026-01-12,6442,-6375,91967,58438,144030,57470,968
2026-01-12,6443,-1428109,0,401796,-1026313,358496,43300
2026-01-12,6446,500245,-10000,3074,493319,8796,-5722
2026-01-12,6449,73000,0,133,73133,-9274,9407
2026-01-12,6451,-9000,0,-9199,-18199,2902,-12101
2026-01-12,6456,184983,0,22280,207263,0,22280
2026-01-12,6464,1000,0,0,1000,0,0
2026-01-12,6472,-180450,0,-18296,-198746,-1364,-16932
2026-01-12,6477,535000,0,1716,536716,1716,0
2026-01-12,6491,2312,0,9174,11486,10000,-826
2026-01-12,6504,-6000,0,0,-6000,0,0
2026-01-12,6505,288095,-16959,-13430,257706,7899,-21329
2026-01-12,6515,-83390,46881,-19870,-56379,-15939,-3931
2026-01-12,6525,135000,0,3000,138000,3000,0
2026-01-12,6526,28932,-60300,-1011,-32379,0,-1011
2026-01-12,6531,-1015392,-2000,-216091,-1233483,14000,-230091
2026-01-12,6533,-44625,0,-2841,-47466,0,-2841
2026-01-12,6534,5000,0,0,5000,0,0
2026-01-12,6541,-323000,0,-1281,-324281,-1281,0
2026-01-12,6550,434000,0,0,434000,0,0
2026-01-12,6552,26000,0,-1000,25000,-1000,0
2026-01-12,6558,128000,0,-548,127452,0,-548
2026-01-12,6573,86000,0,-2000,84000,-2000,0
2026-01-12,6579,2000,0,0,2000,0,0
2026-01-12,6581,0,0,0,0,0,0
2026-01-12,6582,-15000,0,0,-15000,0,0
2026-01-12,6585,30900,0,1201,32101,0,1201
2026-01-12,6589,131143,0,-479,130664,-479,0
2026-01-12,6591,153000,0,200,153200,0,200
2026-01-12,6592,-232310,0,5109,-227201,5109,0
2026-01-12,6592A,0,2000,0,2000,0,0
2026-01-12,6592B,0,1000,0,1000,0,0
2026-01-12,6598,-18001,0,8711,-9290,8711,0
2026-01-12,6605,-48000,0,-6106,-54106,-106,-6000
2026-01-12,6606,-1000,0,0,-1000,0,0
2026-01-12,6614,123020,0,-4000,119020,-4000,0
2026-01-12,6625,-33000,0,0,-33000,0,0
2026-01-12,6641,4000,0,-3000,1000,-3000,0
2026-01-12,6645,1000,0,7000,8000,0,7000
2026-01-12,6657,53000,0,0,53000,0,0
2026-01-12,6658,112000,0,-454,111546,-454,0
2026-01-12,6666,0,0,0,0,0,0
2026-01-12,6668,-350779,0,-17836,-368615,-17836,0
2026-01-12,6669,-531652,-229154,-72723,-833529,-53805,-18918
2026-01-12,6670,486000,-207094,45251,324157,33003,12248
2026-01-12,6671,-2000,0,0,-2000,0,0
2026-01-12,6672,186000,0,0,186000,0,0
2026-01-12,6674,5000,0,0,5000,0,0
2026-01-12,6689,86000,0,0,86000,0,0
2026-01-12,6691,-52682,-7000,-72,-59754,-2000,1928
2026-01-12,6695,76000,0,-1000,75000,-1000,0
2026-01-12,6698,-30000,0,-1000,-31000,-1000,0
2026-01-12,6706,-497000,0,28217,-468783,29994,-1777
2026-01-12,6715,-9000,0,0,-9000,0,0
2026-01-12,6719,-1000,-3000,3047,-953,3000,47
2026-01-12,6742,-1000,0,0,-1000,0,0
2026-01-12,6743,6000,0,0,6000,0,0
2026-01-12,6753,584000,0,95834,679834,-49207,145041
2026-01-12,6754,1000,0,0,1000,0,0
2026-01-12,6756,17000,0,0,17000,0,0
2026-01-12,6757,-510000,0,-17562,-527562,-9000,-8562
2026-01-12,6768,149668,-74369,358,75657,-626,984
2026-01-12,6770,20897517,17000,3206401,24120918,2009639,1196762
2026-01-12,6771,2000,0,-1000,1000,0,-1000
2026-01-12,6776,-24091,0,-2,-24093,-2,0
2026-01-12,6781,41610,-25130,-5679,10801,-31638,25959
2026-01-12,6782,-60000,0,-202,-60202,-29,-173
2026-01-12,6789,-465527,-1000,-19200,-485727,0,-19200
2026-01-12,6790,3000,0,-38,2962,0,-38
2026-01-12,6792,-14000,0,0,-14000,0,0
2026-01-12,6794,-3000,0,0,-3000,0,0
2026-01-12,6796,6000,0,0,6000,0,0
2026-01-12,6799,85000,0,-1,84999,-1,0
2026-01-12,6805,447211,-740000,-36659,-329448,-28763,-7896
2026-01-12,6806,1056482,0,-1498,1054984,-1498,0
2026-01-12,6807,0,0,-1000,-1000,-1000,0
2026-01-12,6830,-38890,0,30917,-7973,12541,18376
2026-01-12,6831,109208,0,1000,110208,1000,0
2026-01-12,6834,81000,0,9853,90853,9853,0
2026-01-12,6835,10000,0,4000,14000,4000,0
2026-01-12,6838,-24000,0,1000,-23000,1000,0
2026-01-12,6854,-110000,0,1022,-108978,0,1022
2026-01-12,6861,0,-1000,0,-1000,0,0
2026-01-12,6862,-8000,0,-26474,-34474,-25000,-1474
2026-01-12,6863,24000,0,9266,33266,9780,-514
2026-01-12,6869,266445,0,2000,268445,2000,0
2026-01-12,6873,114100,0,-524,113576,-1000,476
2026-01-12,6885,65000,0,1000,66000,1000,0
2026-01-12,6887,5000,0,3000,8000,3000,0
2026-01-12,6890,51945,20000,16374,88319,4000,12374
2026-01-12,6901,18000,0,1000,19000,1000,0
2026-01-12,6902,-5000,0,0,-5000,0,0
2026-01-12,6906,48000,0,0,48000,0,0
2026-01-12,6909,132000,0,1498,133498,1498,0
2026-01-12,6914,1000,0,2000,3000,2000,0
2026-01-12,6916,10000,0,2962,12962,2962,0
2026-01-12,6918,0,0,0,0,0,0
2026-01-12,6919,-275058,-441,3000,-272499,-2000,5000
2026-01-12,6921,-1000,0,10000,9000,0,10000
2026-01-12,6923,293157,0,9162,302319,737,8425
2026-01-12,6924,-6000,0,0,-6000,0,0
2026-01-12,6928,60000,0,-1711,58289,-1711,0
2026-01-12,6931,-18000,0,0,-18000,0,0
2026-01-12,6933,-50000,0,-787,-50787,0,-787
2026-01-12,6936,-12000,0,0,-12000,0,0
2026-01-12,6937,-176006,-1000,1926,-175080,1776,150
2026-01-12,6944,-95837,-417,14207,-82047,4000,10207
2026-01-12,6949,-6000,0,317,-5683,0,317
2026-01-12,6951,11000,0,-7001,3999,5000,-12001
2026-01-12,6952,9000,0,-1000,8000,-1000,0
2026-01-12,6957,-5000,0,18000,13000,2000,16000
2026-01-12,6958,-8000,0,-1000,-9000,-1000,0
2026-01-12,6958A,0,0,-60000,-60000,-60000,0
2026-01-12,6962,806800,0,-1962,804838,0,-1962
2026-01-12,6965,-13000,0,1027,-11973,1027,0
2026-01-12,6969,0,0,-4000,-4000,0,-4000
2026-01-12,6988,-2909,0,-1000,-3909,2000,-3000
2026-01-12,6994,-386000,0,-4890,-390890,971,-5861
2026-01-12,7610,-30000,0,8055,-21945,5000,3055
2026-01-12,7631,-16000,0,16996,996,0,16996
2026-01-12,7705,3000,0,-1000,2000,-1000,0
2026-01-12,7711,-63000,0,1000,-62000,1000,0
2026-01-12,7721,-8000,0,0,-8000,0,0
2026-01-12,7722,-3260,0,0,-3260,0,0
2026-01-12,7730,17000,0,2000,19000,0,2000
2026-01-12,7736,-10000,0,0,-10000,0,0
2026-01-12,7740,39000,0,-2000,37000,0,-2000
2026-01-12,7749,-49633,0,-6078,-55711,1000,-7078
2026-01-12,7750,156000,0,-2927,153073,-2927,0
2026-01-12,7765,-30000,-957,0,-30957,0,0
2026-01-12,7769,593969,125950,18385,738304,18385,0
2026-01-12,7786,220006,0,1000,221006,1000,0
2026-01-12,7788,139000,0,-1000,138000,-1000,0
2026-01-12,7791,-3000,0,0,-3000,0,0
2026-01-12,7799,-66499,0,-1952,-68451,-1000,-952
2026-01-12,8011,-386000,0,-13000,-399000,-13000,0
2026-01-12,8016,13160,15663,1198,30021,-3000,4198
2026-01-12,8021,-3713938,784000,-249170,-3179108,-253170,4000
2026-01-12,8028,-1485500,15000,108464,-1362036,-2000,110464
2026-01-12,8033,1501700,0,69048,1570748,231698,-162650
2026-01-12,8039,-27875,-7000,-181914,-216789,-6158,-175756
2026-01-12,8045,11000,0,5074,16074,89,4985
2026-01-12,8046,3262937,-40000,472630,3695567,97000,375630
2026-01-12,8070,4282300,-144000,124326,4262626,4000,120326
2026-01-12,8072,58000,0,1000,59000,1000,0
2026-01-12,8081,-59692,-42000,-5256,-106948,-480,-4776
2026-01-12,8103,397811,85000,-160951,321860,-160951,0
2026-01-12,8104,232350,0,0,232350,0,0
2026-01-12,8105,-2448000,0,-20000,-2468000,-20000,0
2026-01-12,8110,-4945950,2000,-4908,-4948858,-3039,-1869
2026-01-12,8112,-3317428,-3140116,511653,-5945891,-66976,578629
2026-01-12,8112A,0,1000,0,1000,0,0
2026-01-12,8114,-419105,288000,3473,-127632,1179,2294
2026-01-12,8131,-1749159,2000,-92836,-1839995,14466,-107302
2026-01-12,8150,-24422936,13000,-224763,-24634699,9562,-234325
2026-01-12,8162,6000,0,8674,14674,0,8674
2026-01-12,8163,192000,-7711,-6448,177841,-6448,0
2026-01-12,8201,0,0,9000,9000,9000,0
2026-01-12,8210,-63597,-4000,5424,-62173,0,5424
2026-01-12,8213,318000,0,0,318000,0,0
2026-01-12,8215,-253000,-66000,0,-319000,0,0
2026-01-12,8222,472000,0,-1,471999,-1,0
2026-01-12,8249,-360750,0,-425,-361175,-88,-337
2026-01-12,8261,449000,-3000,-21969,424031,-19000,-2969
2026-01-12,8271,-2743296,-4000,-150025,-2897321,-69945,-80080
2026-01-12,8341,210000,0,4574,214574,2433,2141
2026-01-12,8367,7000,0,0,7000,0,0
2026-01-12,8374,-5000,0,-2976,-7976,0,-2976
2026-01-12,8404,380000,-5000,-184,374816,-184,0
2026-01-12,8411,10000,0,2000,12000,2000,0
2026-01-12,8422,14233980,-18000,139624,14355604,-42000,181624
2026-01-12,8429,-2000,0,0,-2000,0,0
2026-01-12,8438,2000,0,42000,44000,22000,20000
2026-01-12,8442,-6000,0,4000,-2000,14000,-10000
2026-01-12,8443,-6000,0,0,-6000,0,0
2026-01-12,8454,66232,0,-16,66216,-16,0
2026-01-12,8462,30000,0,19000,49000,19000,0
2026-01-12,8463,-7000,0,-999,-7999,-999,0
2026-01-12,8464,300810,-2687,14640,312763,8000,6640
2026-01-12,8466,2309,0,0,2309,0,0
2026-01-12,8467,24000,0,499,24499,0,499
2026-01-12,8473,-833000,0,-984,-833984,-984,0
2026-01-12,8476,-12000,0,157576,145576,157576,0
2026-01-12,8478,109020,0,0,109020,0,0
2026-01-12,8481,1000,0,0,1000,0,0
2026-01-12,8487,-2000,0,3000,1000,0,3000
2026-01-12,8488,-1000,0,0,-1000,0,0
2026-01-12,8499,-23240,0,371,-22869,1000,-629
2026-01-12,8926,-4000,0,-70,-4070,-70,0
2026-01-12,8940,-1000,0,0,-1000,0,0
2026-01-12,8996,483440,23000,31312,537752,28313,2999
2026-01-12,9103,-26000,0,0,-26000,0,0
2026-01-12,910322,83000,0,0,83000,0,0
2026-01-12,9105,9376000,0,599149,9975149,17,599132
2026-01-12,911868,72000,0,0,72000,0,0
2026-01-12,912000,-16000,0,0,-16000,0,0
2026-01-12,9136,200000,0,0,200000,0,0
2026-01-12,9802,-304697,0,-56861,-361558,-599,-56262
2026-01-12,9902,-4000,0,0,-4000,0,0
2026-01-12,9904,12054250,-2223639,152221,9982832,-2009,154230
2026-01-12,9905,19000,0,0,19000,0,0
2026-01-12,9906,1925,0,0,1925,0,0
2026-01-12,9907,-539840,355428,-8000,-192412,-1000,-7000
2026-01-12,9908,-84000,0,-6,-84006,-6,0
2026-01-12,9910,-218858,-28154,1276,-245736,6276,-5000
2026-01-12,9911,31000,-1000,-1000,29000,-1000,0
2026-01-12,9912,-3000,0,0,-3000,0,0
2026-01-12,9914,588750,0,4895,593645,4947,-52
2026-01-12,9917,16000,-19000,-3000,-6000,-3000,0
2026-01-12,9918,-1000,0,0,-1000,0,0
2026-01-12,9919,118000,0,0,118000,0,0
2026-01-12,9921,29426,-50000,1600,-18974,-197,1797
2026-01-12,9924,-36000,0,-60000,-96000,-60000,0
2026-01-12,9925,-16000,0,-15000,-31000,-15000,0
2026-01-12,9926,-2000,0,0,-2000,0,0
2026-01-12,9927,16000,0,0,16000,0,0
2026-01-12,9929,-1000,0,0,-1000,0,0
2026-01-12,9930,9000,0,-5254,3746,-3000,-2254
2026-01-12,9931,-4000,0,0,-4000,0,0
2026-01-12,9933,2447925,-76000,288695,2660620,288695,0
2026-01-12,9934,-8000,0,4000,-4000,4000,0
2026-01-12,9935,-18000,0,-1000,-19000,-1000,0
2026-01-12,9937,-11000,0,-244,-11244,0,-244
2026-01-12,9938,1437044,-309000,-39,1128005,0,-39
2026-01-12,9939,-273200,-39000,25118,-287082,25118,0
2026-01-12,9940,24593,0,-4450,20143,-4450,0
2026-01-12,9941,-856650,-259000,-576,-1116226,-576,0
2026-01-12,9942,13000,0,2000,15000,2000,0
2026-01-12,9943,1000,0,0,1000,0,0
2026-01-12,9945,-2145400,0,17258,-2128142,12799,4459
2026-01-12,9946,-38974,0,35000,-3974,35000,0
2026-01-12,9955,1698000,0,77,1698077,77,0
2026-01-12,9958,717366,-14000,48792,752158,9434,39358
