date,stock_id,name,market,open,high,low,close,volume,amount,change,limit,shares,transactions,price_basis,last_price,valid_bar
2015-01-05,4952,凌通,twse,38.00,38.00,37.40,37.75,709000,26685750,-0.1,,108815816,368,,,1
2015-01-06,4952,凌通,twse,37.50,37.50,36.55,36.60,697100,25697450,-1.15,,108815816,399,,,1
2015-01-07,4952,凌通,twse,36.55,37.50,36.55,37.10,595000,22049500,0.5,,108815816,294,,,1
2015-01-08,4952,凌通,twse,37.60,38.35,37.50,38.00,1879498,71570074,0.9,,108815816,984,,,1
2015-01-09,4952,凌通,twse,39.20,39.30,38.30,38.30,2305001,89376588,0.3,,108815816,1156,,,1
2015-01-12,4952,凌通,twse,38.30,38.30,37.40,37.90,646403,24445864,-0.4,,108815816,377,,,1
2015-01-13,4952,凌通,twse,37.90,38.20,37.80,37.80,452100,17174230,-0.1,,108815816,252,,,1
2015-01-14,4952,凌通,twse,37.85,38.60,37.70,38.15,978400,37320610,0.35,,108815816,436,,,1
2015-01-15,4952,凌通,twse,38.20,38.25,37.50,37.80,393184,14874492,-0.35,,108815816,266,,,1
2015-01-16,4952,凌通,twse,38.00,38.00,37.15,37.55,561018,21003525,-0.25,,108815816,342,,,1
2015-01-19,4952,凌通,twse,38.00,38.40,37.20,37.30,379050,14289945,-0.25,,108815816,233,,,1
2015-01-20,4952,凌通,twse,37.40,38.00,37.20,37.60,344000,12937100,0.3,,108815816,241,,,1
2015-01-21,4952,凌通,twse,38.00,38.00,37.50,37.55,303300,11421950,-0.05,,108815816,169,,,1
2015-01-22,4952,凌通,twse,37.65,38.40,37.55,38.20,671013,25473921,0.65,,108815816,345,,,1
2015-01-23,4952,凌通,twse,38.25,38.65,38.15,38.15,1306200,50230530,-0.05,,108815816,581,,,1
2015-01-26,4952,凌通,twse,38.00,38.25,37.75,38.05,311052,11813720,-0.1,,108815816,168,,,1
2015-01-27,4952,凌通,twse,38.30,38.40,37.95,38.30,312000,11904200,0.25,,108815816,156,,,1
2015-01-28,4952,凌通,twse,38.20,38.20,37.85,38.05,229026,8703589,-0.25,,108815816,148,,,1
2015-01-29,4952,凌通,twse,38.20,38.20,37.75,37.90,339000,12845100,-0.15,,108815816,169,,,1
2015-01-30,4952,凌通,twse,38.20,38.30,37.65,37.75,167000,6314850,-0.15,,108815816,118,,,1
2015-02-02,4952,凌通,twse,37.75,37.80,36.95,36.95,555413,20725687,-0.8,,108815816,271,,,1
2015-02-03,4952,凌通,twse,37.00,37.40,37.00,37.30,212100,7901060,0.35,,108815816,143,,,1
2015-02-04,4952,凌通,twse,37.45,37.70,36.70,36.90,672100,24889154,-0.4,,108815816,340,,,1
2015-02-05,4952,凌通,twse,37.00,37.40,37.00,37.35,184000,6867750,0.45,,108815816,132,,,1
2015-02-06,4952,凌通,twse,38.15,38.15,37.70,37.85,703000,26687850,0.5,,108815816,372,,,1
2015-02-09,4952,凌通,twse,38.10,38.15,37.70,37.80,618000,23437550,-0.05,,108815816,253,,,1
2015-02-10,4952,凌通,twse,37.80,38.30,37.30,37.80,722059,27322642,0.0,,108815816,453,,,1
2015-02-11,4952,凌通,twse,38.20,38.30,37.80,37.90,465141,17709549,0.1,,108815816,243,,,1
2015-02-12,4952,凌通,twse,38.00,38.15,37.45,37.55,193001,7285437,-0.35,,108815816,136,,,1
2015-02-13,4952,凌通,twse,38.00,38.10,37.65,37.70,233061,8813049,0.15,,108815816,119,,,1
2015-02-24,4952,凌通,twse,38.00,38.20,37.80,37.95,327000,12439050,0.25,,108815816,186,,,1
2015-02-25,4952,凌通,twse,38.15,39.00,38.10,38.80,1309470,50766565,0.85,,108815816,723,,,1
2015-02-26,4952,凌通,twse,38.45,38.90,38.30,38.80,485050,18733480,0.0,,108815816,299,,,1
2015-03-02,4952,凌通,twse,38.90,39.20,38.30,38.95,597000,23092900,0.15,,108815816,307,,,1
2015-03-03,4952,凌通,twse,39.50,41.45,39.50,40.75,4212735,171581037,1.8,,108815816,2322,,,1
2015-03-04,4952,凌通,twse,40.75,40.85,39.85,40.00,1412000,56728700,-0.75,,108815816,906,,,1
2015-03-05,4952,凌通,twse,40.00,40.30,39.70,39.85,863023,34456272,-0.15,,108815816,477,,,1
2015-03-06,4952,凌通,twse,39.85,40.30,39.85,40.00,625100,25098670,0.15,,108815816,336,,,1
2015-03-09,4952,凌通,twse,40.00,40.00,39.10,40.00,684424,27075117,0.0,,108815816,399,,,1
2015-03-10,4952,凌通,twse,40.00,41.80,40.00,40.50,2664539,109371320,0.5,,108815816,1492,,,1
2015-03-11,4952,凌通,twse,40.50,41.30,40.10,41.05,2128433,86984173,0.55,,108815816,1150,,,1
2015-03-12,4952,凌通,twse,41.10,41.10,40.40,40.60,1242060,50556660,-0.45,,108815816,679,,,1
2015-03-13,4952,凌通,twse,41.00,41.30,40.55,41.15,1097037,44933517,0.55,,108815816,584,,,1
2015-03-16,4952,凌通,twse,41.40,41.80,40.90,40.90,1179000,48723000,-0.25,,108815816,674,,,1
2015-03-17,4952,凌通,twse,41.10,41.90,41.10,41.10,1317120,54490406,0.2,,108815816,690,,,1
2015-03-18,4952,凌通,twse,41.20,41.40,40.15,40.55,1105086,45035837,-0.55,,108815816,584,,,1
2015-03-19,4952,凌通,twse,40.75,40.90,40.25,40.55,812000,32964300,0.0,,108815816,449,,,1
2015-03-20,4952,凌通,twse,40.85,41.00,40.55,40.95,717001,29247390,0.4,,108815816,364,,,1
2015-03-23,4952,凌通,twse,41.00,41.70,40.85,41.25,1204418,49575879,0.3,,108815816,605,,,1
2015-03-24,4952,凌通,twse,41.50,42.40,41.40,41.80,2705240,113460508,0.55,,108815816,1352,,,1
2015-03-25,4952,凌通,twse,42.00,42.10,40.70,41.30,1053000,43476100,-0.5,,108815816,631,,,1
2015-03-26,4952,凌通,twse,41.30,43.50,41.30,43.10,3180323,135549499,1.8,,108815816,1693,,,1
2015-03-27,4952,凌通,twse,43.20,43.90,42.25,42.65,2278075,97942946,-0.45,,108815816,1244,,,1
2015-03-30,4952,凌通,twse,42.90,43.05,41.50,42.05,1515200,63657419,-0.6,,108815816,902,,,1
2015-03-31,4952,凌通,twse,42.40,43.35,42.10,42.80,1134365,48554748,0.75,,108815816,625,,,1
2015-04-01,4952,凌通,twse,42.65,44.45,42.65,43.70,2570871,112564438,0.9,,108815816,1395,,,1
2015-04-02,4952,凌通,twse,44.40,45.05,43.70,44.60,2685654,119876715,0.9,,108815816,1429,,,1
2015-04-07,4952,凌通,twse,44.80,44.80,43.60,44.05,1016500,44889423,-0.55,,108815816,636,,,1
2015-04-08,4952,凌通,twse,44.05,44.70,43.50,44.00,1069000,47083650,-0.05,,108815816,631,,,1
2015-04-09,4952,凌通,twse,44.70,45.25,43.80,43.85,1763166,78738386,-0.15,,108815816,954,,,1
2015-04-10,4952,凌通,twse,44.10,44.35,43.35,43.50,932000,40731400,-0.35,,108815816,578,,,1
2015-04-13,4952,凌通,twse,43.80,43.80,43.30,43.80,645239,28070978,0.3,,108815816,356,,,1
2015-04-14,4952,凌通,twse,43.90,44.90,43.80,44.90,1224167,54635398,1.1,,108815816,767,,,1
2015-04-15,4952,凌通,twse,44.90,45.20,44.20,44.20,1149300,51298840,-0.7,,108815816,689,,,1
2015-04-16,4952,凌通,twse,44.50,44.60,44.10,44.60,889100,39451589,0.4,,108815816,622,,,1
2015-04-17,4952,凌通,twse,44.70,44.95,43.70,43.85,817003,36097782,-0.75,,108815816,465,,,1
2015-04-20,4952,凌通,twse,43.80,43.80,42.50,43.10,903403,38877007,-0.75,,108815816,573,,,1
2015-04-21,4952,凌通,twse,43.10,43.50,41.15,41.40,873289,36726341,-1.7,,108815816,473,,,1
2015-04-22,4952,凌通,twse,43.30,44.00,42.50,44.00,1142430,49349234,2.6,,108815816,820,,,1
2015-04-23,4952,凌通,twse,44.20,44.40,43.50,43.90,985566,43332397,-0.1,,108815816,607,,,1
2015-04-24,4952,凌通,twse,44.20,44.20,43.75,43.90,770400,33838089,0.0,,108815816,550,,,1
2015-04-27,4952,凌通,twse,43.90,44.00,43.40,43.95,455046,19902439,0.05,,108815816,277,,,1
2015-04-28,4952,凌通,twse,43.95,44.60,43.95,44.25,601101,26621548,0.3,,108815816,419,,,1
2015-04-29,4952,凌通,twse,44.30,44.40,43.30,43.40,686000,29935300,-0.85,,108815816,416,,,1
2015-04-30,4952,凌通,twse,43.50,43.55,42.85,43.30,379450,16406000,-0.1,,108815816,228,,,1
2015-05-04,4952,凌通,twse,43.30,43.35,42.30,42.45,437000,18610950,-0.85,,108815816,284,,,1
2015-05-05,4952,凌通,twse,42.45,42.60,42.05,42.10,291000,12303950,-0.35,,108815816,168,,,1
2015-05-06,4952,凌通,twse,42.10,43.10,41.80,42.60,235000,10015550,0.5,,108815816,180,,,1
2015-05-07,4952,凌通,twse,42.60,42.60,42.20,42.45,198100,8394885,-0.15,,108815816,136,,,1
2015-05-08,4952,凌通,twse,42.45,42.55,42.00,42.00,229011,9642016,-0.45,,108815816,134,,,1
2015-05-11,4952,凌通,twse,42.40,42.50,41.40,41.55,644000,26859800,-0.45,,108815816,398,,,1
2015-05-12,4952,凌通,twse,41.55,41.80,40.05,40.85,594038,24148768,-0.7,,108815816,362,,,1
2015-05-13,4952,凌通,twse,40.85,41.50,40.55,41.00,239150,9804245,0.15,,108815816,168,,,1
2015-05-14,4952,凌通,twse,41.50,43.00,41.50,41.60,283000,11851250,0.6,,108815816,200,,,1
2015-05-15,4952,凌通,twse,42.50,42.50,40.65,40.70,240000,9883150,-0.9,,108815816,145,,,1
2015-05-18,4952,凌通,twse,40.95,40.95,39.50,39.75,354360,14087060,-0.95,,108815816,211,,,1
2015-05-19,4952,凌通,twse,39.60,40.20,39.50,40.15,290054,11545876,0.4,,108815816,222,,,1
2015-05-20,4952,凌通,twse,40.15,40.30,39.90,39.90,251000,10054150,-0.25,,108815816,166,,,1
2015-05-21,4952,凌通,twse,39.90,40.25,39.70,39.90,148013,5921454,0.0,,108815816,115,,,1
2015-05-22,4952,凌通,twse,40.00,40.50,39.80,39.90,266000,10652300,0.0,,108815816,196,,,1
2015-05-25,4952,凌通,twse,39.90,40.30,39.35,39.50,235000,9312050,-0.4,,108815816,163,,,1
2015-05-26,4952,凌通,twse,39.75,40.05,39.20,39.90,368000,14582749,0.4,,108815816,259,,,1
2015-05-27,4952,凌通,twse,39.90,40.30,39.60,40.20,306279,12262210,0.3,,108815816,219,,,1
2015-05-28,4952,凌通,twse,40.30,41.40,40.25,41.00,464025,18956930,0.8,,108815816,296,,,1
2015-05-29,4952,凌通,twse,41.35,41.35,40.70,40.80,269000,11008800,-0.2,,108815816,182,,,1
2015-06-01,4952,凌通,twse,40.90,40.90,40.35,40.35,179000,7275200,-0.45,,108815816,131,,,1
2015-06-02,4952,凌通,twse,40.35,40.85,40.05,40.05,351065,14125006,-0.3,,108815816,234,,,1
2015-06-03,4952,凌通,twse,40.60,41.35,40.40,40.70,466000,19007250,0.65,,108815816,335,,,1
2015-06-04,4952,凌通,twse,40.70,40.85,39.00,39.00,490025,19424583,-1.7,,108815816,318,,,1
2015-06-05,4952,凌通,twse,39.00,39.35,38.55,38.70,296000,11503950,-0.3,,108815816,192,,,1
2015-06-08,4952,凌通,twse,38.95,39.10,38.05,38.70,451000,17399100,0.0,,108815816,155,,,1
2015-06-09,4952,凌通,twse,38.70,39.00,35.30,36.00,565010,20908613,-2.7,,108815816,356,,,1
2015-06-10,4952,凌通,twse,36.60,36.95,36.40,36.70,401150,14692670,0.7,,108815816,210,,,1
2015-06-11,4952,凌通,twse,36.70,37.10,36.60,36.95,154060,5668982,0.25,,108815816,132,,,1
2015-06-12,4952,凌通,twse,36.25,37.00,36.20,36.50,272075,9933998,-0.45,,108815816,162,,,1
2015-06-15,4952,凌通,twse,36.50,36.80,35.35,35.50,295075,10589720,-1.0,,108815816,233,,,1
2015-06-16,4952,凌通,twse,35.45,35.75,34.10,34.30,484094,16698520,-1.2,,108815816,278,,,1
2015-06-17,4952,凌通,twse,34.50,35.60,34.50,35.10,306000,10771150,0.8,,108815816,194,,,1
2015-06-18,4952,凌通,twse,36.50,36.50,35.50,36.25,168081,6075740,1.15,,108815816,133,,,1
2015-06-22,4952,凌通,twse,36.70,37.55,36.00,37.05,303010,11157271,0.8,,108815816,227,,,1
2015-06-23,4952,凌通,twse,37.50,37.70,37.05,37.10,266199,9896432,0.05,,108815816,103,,,1
2015-06-24,4952,凌通,twse,37.70,37.70,36.50,36.90,285000,10553050,-0.2,,108815816,137,,,1
2015-06-25,4952,凌通,twse,36.60,37.80,36.60,37.45,252000,9411250,0.55,,108815816,153,,,1
2015-06-26,4952,凌通,twse,37.15,37.75,37.15,37.60,154000,5779450,0.15,,108815816,109,,,1
2015-06-29,4952,凌通,twse,37.60,37.60,36.50,37.20,203000,7521650,-0.4,,108815816,138,,,1
2015-06-30,4952,凌通,twse,36.70,36.95,36.35,36.90,205000,7508250,-0.3,,108815816,135,,,1
2015-07-01,4952,凌通,twse,37.50,37.50,37.00,37.25,146131,5451485,0.35,,108815816,109,,,1
2015-07-02,4952,凌通,twse,37.45,37.65,36.60,36.90,178000,6581350,-0.35,,108815816,129,,,1
2015-07-03,4952,凌通,twse,36.90,37.40,36.25,36.80,229000,8369650,-0.1,,108815816,182,,,1
2015-07-06,4952,凌通,twse,36.75,36.75,35.50,35.70,320000,11501500,-1.1,,108815816,265,,,1
2015-07-07,4952,凌通,twse,36.95,36.95,36.30,36.75,360218,13173816,1.05,,108815816,238,,,1
2015-07-08,4952,凌通,twse,36.55,36.70,35.50,35.60,866151,31095886,-1.15,,108815816,450,,,1
2015-07-09,4952,凌通,twse,32.80,34.40,32.00,33.95,595360,19857271,0.0,,108815816,349,,,1
2015-07-13,4952,凌通,twse,35.00,35.00,34.40,34.55,353100,12239130,0.6,,108815816,244,,,1
2015-07-14,4952,凌通,twse,37.00,37.15,35.50,35.50,584000,21258450,0.95,,108815816,394,,,1
2015-07-15,4952,凌通,twse,35.60,36.00,34.55,34.90,348000,12176200,-0.6,,108815816,244,,,1
2015-07-16,4952,凌通,twse,35.05,35.20,34.65,34.65,158000,5508450,-0.25,,108815816,130,,,1
2015-07-17,4952,凌通,twse,34.90,35.40,34.70,35.10,239000,8354300,0.45,,108815816,180,,,1
2015-07-20,4952,凌通,twse,35.05,35.45,33.60,33.90,345000,11798800,-1.2,,108815816,272,,,1
2015-07-21,4952,凌通,twse,34.40,34.40,32.65,33.05,350015,11668397,-0.85,,108815816,256,,,1
2015-07-22,4952,凌通,twse,32.80,32.85,32.00,32.30,335080,10830250,-0.75,,108815816,247,,,1
2015-07-23,4952,凌通,twse,32.20,32.65,31.15,31.50,520000,16406050,-0.8,,108815816,293,,,1
2015-07-24,4952,凌通,twse,31.50,31.60,29.90,30.10,667000,20211400,-1.4,,108815816,413,,,1
2015-07-27,4952,凌通,twse,30.00,30.00,28.60,28.65,765000,22214950,-1.45,,108815816,390,,,1
2015-07-28,4952,凌通,twse,28.50,29.40,28.05,29.40,490000,14037750,0.75,,108815816,327,,,1
2015-07-29,4952,凌通,twse,29.70,29.80,28.20,29.00,575000,16590950,-0.4,,108815816,372,,,1
2015-07-30,4952,凌通,twse,29.20,29.70,29.00,29.10,418000,12289450,0.1,,108815816,300,,,1
2015-07-31,4952,凌通,twse,29.60,30.00,29.20,29.35,373000,10999800,0.25,,108815816,277,,,1
2015-08-03,4952,凌通,twse,29.40,29.50,28.60,29.40,340660,9834104,0.05,,108815816,214,,,1
2015-08-04,4952,凌通,twse,29.10,29.40,28.55,28.65,537100,15544350,-0.75,,108815816,290,,,1
2015-08-05,4952,凌通,twse,31.50,31.50,31.50,31.50,377300,11884950,2.85,up,108815816,196,,,1
2015-08-06,4952,凌通,twse,32.50,33.30,31.90,32.15,2027300,65953895,0.65,,108815816,1113,,,1
2015-08-07,4952,凌通,twse,32.00,32.30,31.40,31.60,836000,26596500,-0.55,,108815816,540,,,1
2015-08-10,4952,凌通,twse,31.30,32.30,31.10,32.10,858100,27135150,0.5,,108815816,580,,,1
2015-08-11,4952,凌通,twse,32.50,32.50,31.80,31.80,582000,18686700,-0.3,,108815816,342,,,1
2015-08-12,4952,凌通,twse,31.60,31.60,30.10,31.00,691000,21274300,-0.8,,108815816,467,,,1
2015-08-13,4952,凌通,twse,31.00,31.40,30.65,30.90,500000,15456250,-0.1,,108815816,375,,,1
2015-08-14,4952,凌通,twse,30.95,31.65,30.95,31.15,514000,16048450,0.25,,108815816,357,,,1
2015-08-17,4952,凌通,twse,31.10,31.30,30.55,30.75,262000,8093000,-0.4,,108815816,158,,,1
2015-08-18,4952,凌通,twse,30.60,31.20,30.55,30.60,247000,7589250,-0.15,,108815816,162,,,1
2015-08-19,4952,凌通,twse,30.60,30.60,28.95,29.00,764000,22561350,-1.6,,108815816,401,,,1
2015-08-20,4952,凌通,twse,29.00,29.75,28.80,29.40,438000,12852850,0.4,,108815816,286,,,1
2015-08-21,4952,凌通,twse,29.00,29.05,28.50,28.60,649000,18656750,-0.8,,108815816,412,,,1
2015-08-24,4952,凌通,twse,28.00,28.00,25.90,27.15,715000,19094350,-1.45,,108815816,392,,,1
2015-08-25,4952,凌通,twse,25.80,28.40,25.30,27.35,518031,13949514,0.2,,108815816,269,,,1
2015-08-26,4952,凌通,twse,27.30,27.85,27.05,27.85,241000,6623200,0.5,,108815816,162,,,1
2015-08-27,4952,凌通,twse,28.50,29.15,28.50,28.65,364200,10475300,0.8,,108815816,237,,,1
2015-08-28,4952,凌通,twse,29.40,29.70,29.00,29.50,926000,27297400,0.85,,108815816,412,,,1
2015-08-31,4952,凌通,twse,29.45,29.80,29.00,29.70,231000,6817750,0.2,,108815816,159,,,1
2015-09-01,4952,凌通,twse,29.60,30.20,29.50,29.80,345000,10263150,0.1,,108815816,157,,,1
2015-09-02,4952,凌通,twse,29.25,29.80,29.00,29.75,228000,6731650,-0.05,,108815816,149,,,1
2015-09-03,4952,凌通,twse,30.00,31.80,29.85,30.95,791060,24451569,1.2,,108815816,434,,,1
2015-09-04,4952,凌通,twse,30.90,31.25,30.25,30.25,301113,9206511,-0.7,,108815816,198,,,1
2015-09-07,4952,凌通,twse,30.45,30.65,30.20,30.50,157000,4781000,0.25,,108815816,106,,,1
2015-09-08,4952,凌通,twse,30.80,30.80,30.35,30.45,348000,10616800,-0.05,,108815816,198,,,1
2015-09-09,4952,凌通,twse,30.55,30.95,30.55,30.80,617000,18938750,0.35,,108815816,362,,,1
2015-09-10,4952,凌通,twse,30.70,31.15,30.45,30.85,230190,7080781,0.05,,108815816,167,,,1
2015-09-11,4952,凌通,twse,30.85,31.80,30.80,31.20,683095,21398670,0.35,,108815816,351,,,1
2015-09-14,4952,凌通,twse,31.50,31.60,31.00,31.00,227009,7080547,-0.2,,108815816,146,,,1
2015-09-15,4952,凌通,twse,31.00,31.40,30.45,30.45,315000,9683100,-0.55,,108815816,206,,,1
2015-09-16,4952,凌通,twse,30.75,31.00,30.40,30.55,265000,8128900,0.1,,108815816,185,,,1
2015-09-17,4952,凌通,twse,30.85,31.15,30.80,31.00,393000,12168300,0.45,,108815816,251,,,1
2015-09-18,4952,凌通,twse,30.90,31.50,30.70,31.45,558000,17376450,0.45,,108815816,309,,,1
2015-09-21,4952,凌通,twse,31.05,31.15,30.80,30.85,246023,7605522,-0.6,,108815816,150,,,1
2015-09-22,4952,凌通,twse,30.90,31.95,30.90,31.90,400968,12608534,1.05,,108815816,285,,,1
2015-09-23,4952,凌通,twse,31.70,31.80,31.05,31.20,408321,12798028,-0.7,,108815816,251,,,1
2015-09-24,4952,凌通,twse,31.40,31.60,30.30,30.35,354000,10903850,-0.85,,108815816,248,,,1
2015-09-25,4952,凌通,twse,30.35,30.50,30.10,30.50,110082,3336558,0.15,,108815816,79,,,1
2015-09-30,4952,凌通,twse,30.00,30.00,29.70,30.00,160100,4787250,-0.5,,108815816,118,,,1
2015-10-01,4952,凌通,twse,30.50,31.30,30.10,30.85,334000,10266600,0.85,,108815816,200,,,1
2015-10-02,4952,凌通,twse,31.00,31.30,30.85,30.90,247000,7662750,0.05,,108815816,182,,,1
2015-10-05,4952,凌通,twse,31.10,32.85,31.00,32.85,1336639,42898439,1.95,,108815816,687,,,1
2015-10-06,4952,凌通,twse,33.50,33.70,32.05,32.20,931000,30618950,-0.65,,108815816,463,,,1
2015-10-07,4952,凌通,twse,32.25,32.55,31.70,32.50,544680,17488140,0.3,,108815816,279,,,1
2015-10-08,4952,凌通,twse,33.40,33.70,32.70,33.20,1392460,46167110,0.7,,108815816,621,,,1
2015-10-12,4952,凌通,twse,33.60,33.70,32.70,33.00,493000,16370900,-0.2,,108815816,271,,,1
2015-10-13,4952,凌通,twse,33.05,33.05,32.35,32.45,562000,18298800,-0.55,,108815816,300,,,1
2015-10-14,4952,凌通,twse,32.90,32.90,31.90,32.20,655056,21064342,-0.25,,108815816,353,,,1
2015-10-15,4952,凌通,twse,32.40,32.50,32.00,32.40,474000,15302050,0.2,,108815816,254,,,1
2015-10-16,4952,凌通,twse,32.55,33.50,32.55,33.25,721702,23946506,0.85,,108815816,459,,,1
2015-10-19,4952,凌通,twse,33.60,33.60,32.80,33.05,493083,16363297,-0.2,,108815816,262,,,1
2015-10-20,4952,凌通,twse,33.30,34.20,33.30,33.80,867459,29283295,0.75,,108815816,480,,,1
2015-10-21,4952,凌通,twse,34.20,34.20,33.00,33.30,1037080,34727497,-0.5,,108815816,472,,,1
2015-10-22,4952,凌通,twse,33.30,33.40,33.00,33.05,876000,29007050,-0.25,,108815816,475,,,1
2015-10-23,4952,凌通,twse,33.30,34.25,33.30,33.50,1082000,36526500,0.45,,108815816,481,,,1
2015-10-26,4952,凌通,twse,34.10,35.10,34.00,34.20,2314121,79607803,0.7,,108815816,1028,,,1
2015-10-27,4952,凌通,twse,34.70,35.50,34.35,35.50,1934280,67261118,1.3,,108815816,1000,,,1
2015-10-28,4952,凌通,twse,36.75,37.10,36.05,36.05,2914035,106188147,0.55,,108815816,1444,,,1
2015-10-29,4952,凌通,twse,35.80,35.80,34.80,34.85,1801120,63366842,-1.2,,108815816,1005,,,1
2015-10-30,4952,凌通,twse,35.10,35.15,34.30,35.15,643150,22383144,0.3,,108815816,381,,,1
2015-11-02,4952,凌通,twse,35.50,36.00,34.60,36.00,1040000,36737150,0.85,,108815816,554,,,1
2015-11-03,4952,凌通,twse,36.35,37.45,36.20,37.45,1815447,66570639,1.45,,108815816,993,,,1
2015-11-04,4952,凌通,twse,38.00,38.10,36.90,36.90,2231000,83440850,-0.55,,108815816,1095,,,1
2015-11-05,4952,凌通,twse,36.90,37.40,36.80,36.90,997055,36915034,0.0,,108815816,483,,,1
2015-11-06,4952,凌通,twse,36.95,37.80,36.85,37.35,1277054,47588496,0.45,,108815816,719,,,1
2015-11-09,4952,凌通,twse,37.55,37.60,36.40,36.50,921054,33945286,-0.85,,108815816,464,,,1
2015-11-10,4952,凌通,twse,36.40,36.60,35.80,36.40,544226,19722166,-0.1,,108815816,277,,,1
2015-11-11,4952,凌通,twse,36.40,36.65,35.80,35.90,608000,21970800,-0.5,,108815816,332,,,1
2015-11-12,4952,凌通,twse,36.05,36.70,35.45,36.30,520000,18721000,0.4,,108815816,313,,,1
2015-11-13,4952,凌通,twse,35.80,36.70,35.70,36.10,382000,13842050,-0.2,,108815816,249,,,1
2015-11-16,4952,凌通,twse,35.30,36.10,34.80,36.10,836000,29832900,0.0,,108815816,470,,,1
2015-11-17,4952,凌通,twse,36.30,39.70,36.30,39.70,6095767,235910849,3.6,,108815816,2785,,,1
2015-11-18,4952,凌通,twse,39.70,41.80,39.40,40.50,8868611,359737664,0.8,,108815816,4082,,,1
2015-11-19,4952,凌通,twse,41.90,42.00,40.55,40.70,3145499,129637606,0.2,,108815816,1756,,,1
2015-11-20,4952,凌通,twse,41.00,41.40,40.40,41.35,1640403,67152276,0.65,,108815816,1020,,,1
2015-11-23,4952,凌通,twse,41.80,43.45,41.25,41.25,4274323,181570372,-0.1,,108815816,2316,,,1
2015-11-24,4952,凌通,twse,42.00,43.20,41.85,41.95,3004160,127714893,0.7,,108815816,1590,,,1
2015-11-25,4952,凌通,twse,41.90,42.40,40.00,40.20,2173160,88821528,-1.75,,108815816,1261,,,1
2015-11-26,4952,凌通,twse,40.90,41.85,40.70,41.00,1555000,64208400,0.8,,108815816,994,,,1
2015-11-27,4952,凌通,twse,41.25,41.85,40.75,41.20,826137,34081867,0.2,,108815816,526,,,1
2015-11-30,4952,凌通,twse,41.30,41.40,40.60,40.75,671150,27440350,-0.45,,108815816,501,,,1
2015-12-01,4952,凌通,twse,41.20,42.85,41.20,42.55,3009481,126869562,1.8,,108815816,1507,,,1
2015-12-02,4952,凌通,twse,42.45,43.45,41.95,42.55,2717100,116235534,0.0,,108815816,1502,,,1
2015-12-03,4952,凌通,twse,42.20,43.40,42.00,43.00,2312440,98914274,0.45,,108815816,1255,,,1
2015-12-04,4952,凌通,twse,43.40,45.65,43.40,43.65,6579258,293330185,0.65,,108815816,3438,,,1
2015-12-07,4952,凌通,twse,44.30,44.95,41.70,41.85,4188106,182375332,-1.8,,108815816,2143,,,1
2015-12-08,4952,凌通,twse,42.15,42.20,41.10,41.10,1672201,69729842,-0.75,,108815816,949,,,1
2015-12-09,4952,凌通,twse,41.30,41.40,39.00,39.15,1662001,66262791,-1.95,,108815816,1027,,,1
2015-12-10,4952,凌通,twse,39.10,39.45,38.30,38.75,973100,37778125,-0.4,,108815816,493,,,1
2015-12-11,4952,凌通,twse,39.25,39.55,36.90,37.20,1751100,66701104,-1.55,,108815816,1004,,,1
2015-12-14,4952,凌通,twse,36.75,37.55,36.50,37.15,630000,23235200,-0.05,,108815816,364,,,1
2015-12-15,4952,凌通,twse,37.60,37.85,37.15,37.15,661000,24747750,0.0,,108815816,397,,,1
2015-12-16,4952,凌通,twse,37.40,37.75,37.00,37.60,483100,18087169,0.45,,108815816,323,,,1
2015-12-17,4952,凌通,twse,38.10,38.65,37.75,38.45,718049,27533241,0.85,,108815816,425,,,1
2015-12-18,4952,凌通,twse,38.40,39.70,37.80,39.40,1302000,50930000,0.95,,108815816,695,,,1
2015-12-21,4952,凌通,twse,38.95,39.90,38.70,39.25,728000,28640400,-0.15,,108815816,430,,,1
2015-12-22,4952,凌通,twse,39.55,39.65,38.85,39.25,444061,17450432,0.0,,108815816,343,,,1
2015-12-23,4952,凌通,twse,39.35,39.40,38.15,38.15,626000,24296700,-1.1,,108815816,390,,,1
2015-12-24,4952,凌通,twse,38.30,38.70,37.80,38.15,272000,10372450,0.0,,108815816,177,,,1
2015-12-25,4952,凌通,twse,38.20,38.40,37.80,38.40,216000,8232200,0.25,,108815816,145,,,1
2015-12-28,4952,凌通,twse,39.00,39.40,38.60,39.00,864247,33741183,0.6,,108815816,486,,,1
2015-12-29,4952,凌通,twse,38.60,38.90,38.10,38.20,420116,16145227,-0.8,,108815816,307,,,1
2015-12-30,4952,凌通,twse,38.40,38.95,38.40,38.90,438000,16987500,0.7,,108815816,287,,,1
2015-12-31,4952,凌通,twse,38.90,39.90,38.55,39.90,879570,34766186,1.0,,108815816,549,,,1
2016-01-04,4952,凌通,twse,40.90,42.45,40.90,41.75,5940686,247917889,1.85,,108815816,3312,,,1
2016-01-05,4952,凌通,twse,41.40,42.10,41.00,41.10,2136000,89034000,-0.65,,108815816,1367,,,1
2016-01-06,4952,凌通,twse,41.20,42.85,40.80,41.60,2490166,104480279,0.5,,108815816,1455,,,1
2016-01-07,4952,凌通,twse,41.80,41.80,38.85,39.35,1698596,68150130,-2.25,,108815816,1043,,,1
2016-01-08,4952,凌通,twse,38.60,39.65,38.30,38.80,1423166,55388979,-0.55,,108815816,959,,,1
2016-01-11,4952,凌通,twse,38.70,38.70,37.35,37.40,726000,27486800,-1.4,,108815816,505,,,1
2016-01-12,4952,凌通,twse,37.70,38.10,35.90,35.90,1025002,37767225,-1.5,,108815816,625,,,1
2016-01-13,4952,凌通,twse,36.25,36.50,35.20,35.60,970256,34720816,-0.3,,108815816,694,,,1
2016-01-14,4952,凌通,twse,35.10,35.10,33.60,33.75,1130000,38682950,-1.85,,108815816,833,,,1
2016-01-15,4952,凌通,twse,34.45,34.60,33.65,33.65,615000,20916950,-0.1,,108815816,458,,,1
2016-01-18,4952,凌通,twse,32.05,34.05,32.05,33.85,1650000,55085950,0.2,,108815816,912,,,1
2016-01-19,4952,凌通,twse,33.70,34.95,33.45,34.90,1119119,38577765,1.05,,108815816,748,,,1
2016-01-20,4952,凌通,twse,34.55,34.70,33.50,33.60,1378100,46839329,-1.3,,108815816,788,,,1
2016-01-21,4952,凌通,twse,33.45,34.40,32.90,33.30,657000,22022450,-0.3,,108815816,387,,,1
2016-01-22,4952,凌通,twse,33.85,33.85,32.90,33.60,570000,19036600,0.3,,108815816,400,,,1
2016-01-25,4952,凌通,twse,33.90,34.35,33.80,34.00,488000,16642800,0.4,,108815816,366,,,1
2016-01-26,4952,凌通,twse,33.90,34.30,33.30,33.70,556023,18732232,-0.3,,108815816,308,,,1
2016-01-27,4952,凌通,twse,34.00,34.00,33.00,33.40,556000,18530850,-0.3,,108815816,324,,,1
2016-01-28,4952,凌通,twse,33.40,34.60,33.25,34.35,834000,28428100,0.95,,108815816,552,,,1
2016-01-29,4952,凌通,twse,34.40,35.25,34.10,34.95,872000,30445700,0.6,,108815816,560,,,1
2016-01-30,4952,凌通,twse,35.50,37.10,35.50,36.45,1029000,37426400,1.5,,108815816,628,,,1
2016-02-01,4952,凌通,twse,36.45,37.45,35.80,37.30,666000,24289650,0.85,,108815816,439,,,1
2016-02-02,4952,凌通,twse,37.05,37.35,36.50,36.85,963000,35549300,-0.45,,108815816,544,,,1
2016-02-03,4952,凌通,twse,36.75,37.00,36.20,36.85,494100,18159010,0.0,,108815816,308,,,1
2016-02-15,4952,凌通,twse,36.75,38.00,36.60,37.95,1082000,40444050,1.1,,108815816,619,,,1
2016-02-16,4952,凌通,twse,37.70,38.15,37.50,38.00,974000,36887850,0.05,,108815816,534,,,1
2016-02-17,4952,凌通,twse,38.90,39.60,38.55,38.80,1988177,77824685,0.8,,108815816,1122,,,1
2016-02-18,4952,凌通,twse,39.05,39.60,38.60,38.80,836055,32639889,0.0,,108815816,527,,,1
2016-02-19,4952,凌通,twse,38.95,39.00,38.30,38.50,817100,31471800,-0.3,,108815816,464,,,1
2016-02-22,4952,凌通,twse,38.65,38.85,38.40,38.70,469000,18143100,0.2,,108815816,363,,,1
2016-02-23,4952,凌通,twse,39.00,39.50,38.80,39.00,776400,30389100,0.3,,108815816,410,,,1
2016-02-24,4952,凌通,twse,39.00,39.00,38.30,38.50,370000,14277450,-0.5,,108815816,221,,,1
2016-02-25,4952,凌通,twse,38.50,38.95,38.45,38.50,349000,13504950,0.0,,108815816,193,,,1
2016-02-26,4952,凌通,twse,38.75,39.10,38.55,38.85,339056,13158090,0.35,,108815816,235,,,1
2016-03-01,4952,凌通,twse,38.95,40.20,38.95,39.95,950787,37837470,1.1,,108815816,639,,,1
2016-03-02,4952,凌通,twse,40.15,40.35,39.60,39.80,584240,23282338,-0.15,,108815816,352,,,1
2016-03-03,4952,凌通,twse,39.80,40.00,39.05,39.45,664130,26247495,-0.35,,108815816,440,,,1
2016-03-04,4952,凌通,twse,39.45,39.50,39.05,39.20,582002,22858279,-0.25,,108815816,365,,,1
2016-03-07,4952,凌通,twse,39.20,40.20,39.20,39.75,656539,26038716,0.55,,108815816,357,,,1
2016-03-08,4952,凌通,twse,40.15,41.50,40.15,41.10,1998674,81996149,1.35,,108815816,1176,,,1
2016-03-09,4952,凌通,twse,41.10,41.10,40.40,41.00,856076,34998457,-0.1,,108815816,436,,,1
2016-03-10,4952,凌通,twse,41.00,41.15,40.35,41.00,1091149,44545923,0.0,,108815816,487,,,1
2016-03-11,4952,凌通,twse,41.20,41.85,41.15,41.30,1150005,47657756,0.3,,108815816,605,,,1
2016-03-14,4952,凌通,twse,42.05,42.55,41.60,41.70,1528513,64234566,0.4,,108815816,852,,,1
2016-03-15,4952,凌通,twse,42.00,42.20,40.50,40.50,996367,41205248,-1.2,,108815816,604,,,1
2016-03-16,4952,凌通,twse,40.55,41.55,40.55,41.15,930301,38173635,0.65,,108815816,490,,,1
2016-03-17,4952,凌通,twse,41.80,42.35,41.35,42.00,1927272,80889424,0.85,,108815816,962,,,1
2016-03-18,4952,凌通,twse,42.35,43.85,42.35,42.70,3156450,136225000,0.7,,108815816,1824,,,1
2016-03-21,4952,凌通,twse,42.75,43.00,41.85,41.95,843414,35551907,-0.75,,108815816,488,,,1
2016-03-22,4952,凌通,twse,42.00,42.00,41.40,41.80,716166,29881538,-0.15,,108815816,401,,,1
2016-03-23,4952,凌通,twse,42.05,43.10,42.00,42.85,1539102,65749031,1.05,,108815816,837,,,1
2016-03-24,4952,凌通,twse,42.20,42.80,41.75,42.30,1156001,48825845,-0.55,,108815816,576,,,1
2016-03-25,4952,凌通,twse,42.75,43.75,41.95,41.95,2007085,86191261,-0.35,,108815816,1061,,,1
2016-03-28,4952,凌通,twse,42.60,44.10,42.40,42.95,2590447,112485095,1.0,,108815816,1609,,,1
2016-03-29,4952,凌通,twse,43.20,43.40,41.35,41.75,1615300,68033473,-1.2,,108815816,829,,,1
2016-03-30,4952,凌通,twse,42.10,43.45,41.75,43.30,2008137,85565803,1.55,,108815816,929,,,1
2016-03-31,4952,凌通,twse,43.00,43.40,42.40,42.50,1255420,53735586,-0.8,,108815816,642,,,1
2016-04-01,4952,凌通,twse,43.20,43.80,42.80,42.80,1706010,73658879,0.3,,108815816,938,,,1
2016-04-06,4952,凌通,twse,43.00,44.10,42.55,43.20,2343476,101706763,0.4,,108815816,1137,,,1
2016-04-07,4952,凌通,twse,43.70,44.10,43.00,44.00,2367069,103024636,0.8,,108815816,1262,,,1
2016-04-08,4952,凌通,twse,44.45,44.75,42.30,42.40,5006491,216957892,-1.6,,108815816,2319,,,1
2016-04-11,4952,凌通,twse,42.20,42.20,41.25,41.50,1751467,72875675,-0.9,,108815816,997,,,1
2016-04-12,4952,凌通,twse,41.70,42.15,40.65,40.65,1641800,67842800,-0.85,,108815816,959,,,1
2016-04-13,4952,凌通,twse,41.25,41.60,41.00,41.30,853004,35191266,0.65,,108815816,576,,,1
2016-04-14,4952,凌通,twse,41.60,42.10,41.50,41.65,722000,30191650,0.35,,108815816,470,,,1
2016-04-15,4952,凌通,twse,41.70,42.60,41.60,42.20,801200,33802680,0.55,,108815816,557,,,1
2016-04-18,4952,凌通,twse,42.20,42.50,41.80,41.95,984093,41414474,-0.25,,108815816,489,,,1
2016-04-19,4952,凌通,twse,42.45,43.15,42.45,42.80,1839100,78795529,0.85,,108815816,992,,,1
2016-04-20,4952,凌通,twse,43.00,43.25,42.10,42.10,863050,36633864,-0.7,,108815816,533,,,1
2016-04-21,4952,凌通,twse,42.10,43.40,41.65,43.20,2047000,87349600,1.1,,108815816,1050,,,1
2016-04-22,4952,凌通,twse,43.00,43.05,41.85,41.95,1081000,45708700,-1.25,,108815816,658,,,1
2016-04-25,4952,凌通,twse,42.20,42.25,41.50,41.75,641402,26889143,-0.2,,108815816,346,,,1
2016-04-26,4952,凌通,twse,41.90,42.60,41.90,42.40,755875,31877925,0.65,,108815816,432,,,1
2016-04-27,4952,凌通,twse,43.45,44.60,43.00,43.00,4685264,205477452,0.6,,108815816,2681,,,1
2016-04-28,4952,凌通,twse,43.50,43.70,43.05,43.10,1372050,59467810,0.1,,108815816,922,,,1
2016-04-29,4952,凌通,twse,43.10,43.40,42.70,43.10,956072,41195532,0.0,,108815816,605,,,1
2016-05-03,4952,凌通,twse,43.55,43.75,42.75,43.55,822076,35648252,0.45,,108815816,457,,,1
2016-05-04,4952,凌通,twse,43.35,43.40,41.55,41.70,1709500,72275450,-1.85,,108815816,990,,,1
2016-05-05,4952,凌通,twse,41.65,42.00,41.35,42.00,723000,30144850,0.3,,108815816,440,,,1
2016-05-06,4952,凌通,twse,42.10,42.50,41.55,42.30,862000,36338250,0.3,,108815816,278,,,1
2016-05-09,4952,凌通,twse,42.50,42.70,41.65,42.00,682027,28790805,-0.3,,108815816,354,,,1
2016-05-10,4952,凌通,twse,42.45,42.95,42.10,42.30,861000,36634250,0.3,,108815816,436,,,1
2016-05-11,4952,凌通,twse,42.60,43.25,42.45,42.70,1141000,48878550,0.4,,108815816,610,,,1
2016-05-12,4952,凌通,twse,42.60,42.75,41.10,41.20,1227000,51347400,-1.5,,108815816,631,,,1
2016-05-13,4952,凌通,twse,41.25,41.40,40.35,40.75,1086001,44326795,-0.45,,108815816,692,,,1
2016-05-16,4952,凌通,twse,40.75,41.45,40.20,41.30,595000,24349950,0.55,,108815816,313,,,1
2016-05-17,4952,凌通,twse,41.60,41.90,41.30,41.75,495000,20623800,0.45,,108815816,295,,,1
2016-05-18,4952,凌通,twse,41.65,41.65,41.20,41.60,648388,26819196,-0.15,,108815816,383,,,1
2016-05-19,4952,凌通,twse,41.65,41.75,41.30,41.40,398000,16526600,-0.2,,108815816,242,,,1
2016-05-20,4952,凌通,twse,41.50,41.65,41.15,41.30,499000,20646500,-0.1,,108815816,244,,,1
2016-05-23,4952,凌通,twse,41.30,42.80,41.10,42.45,1223000,51565900,1.15,,108815816,601,,,1
2016-05-24,4952,凌通,twse,42.45,42.60,42.05,42.40,534173,22601454,-0.05,,108815816,304,,,1
2016-05-25,4952,凌通,twse,42.70,43.00,42.50,42.50,940000,40181250,0.1,,108815816,585,,,1
2016-05-26,4952,凌通,twse,42.55,43.15,42.25,43.00,805000,34483050,0.5,,108815816,466,,,1
2016-05-27,4952,凌通,twse,42.60,42.95,42.55,42.90,600000,25632550,-0.1,,108815816,394,,,1
2016-05-30,4952,凌通,twse,42.95,43.55,42.95,43.15,624429,26970661,0.25,,108815816,381,,,1
2016-05-31,4952,凌通,twse,43.20,43.45,43.00,43.35,607500,26271074,0.2,,108815816,319,,,1
2016-06-01,4952,凌通,twse,43.35,43.55,43.20,43.45,461220,19998614,0.1,,108815816,274,,,1
2016-06-02,4952,凌通,twse,43.55,43.55,42.80,43.00,721201,31134532,-0.45,,108815816,403,,,1
2016-06-03,4952,凌通,twse,43.00,43.00,42.50,42.60,530000,22608600,-0.4,,108815816,327,,,1
2016-06-04,4952,凌通,twse,42.60,42.90,42.55,42.85,163060,6967121,0.25,,108815816,107,,,1
2016-06-06,4952,凌通,twse,42.90,43.80,42.90,43.60,757063,32834446,0.75,,108815816,465,,,1
2016-06-07,4952,凌通,twse,43.85,43.85,43.30,43.60,548220,23863380,0.0,,108815816,356,,,1
2016-06-08,4952,凌通,twse,43.75,43.85,42.85,43.25,967899,41824057,-0.35,,108815816,524,,,1
2016-06-13,4952,凌通,twse,43.50,43.50,42.40,42.95,512397,21921801,-0.3,,108815816,258,,,1
2016-06-14,4952,凌通,twse,42.85,43.00,42.60,42.80,348330,14916673,-0.15,,108815816,188,,,1
2016-06-15,4952,凌通,twse,42.80,42.80,42.50,42.75,310000,13227150,-0.05,,108815816,177,,,1
2016-06-16,4952,凌通,twse,42.80,43.10,42.60,42.90,380126,16291742,0.15,,108815816,228,,,1
2016-06-17,4952,凌通,twse,42.95,43.00,42.50,42.65,603000,25767000,-0.25,,108815816,368,,,1
2016-06-20,4952,凌通,twse,42.80,43.20,42.60,43.10,689000,29610100,0.45,,108815816,350,,,1
2016-06-21,4952,凌通,twse,43.40,45.65,43.20,45.25,4985072,224086718,2.15,,108815816,2870,,,1
2016-06-22,4952,凌通,twse,45.50,46.55,44.90,44.90,5252270,240580178,-0.35,,108815816,3324,,,1
2016-06-23,4952,凌通,twse,44.90,44.90,43.10,43.20,3883548,168865757,-1.7,,108815816,2560,,,1
2016-06-24,4952,凌通,twse,43.30,43.35,41.60,41.75,3058866,129334146,-1.45,,108815816,1767,,,1
2016-06-27,4952,凌通,twse,41.50,42.60,41.35,42.35,969000,40817800,0.6,,108815816,589,,,1
2016-06-28,4952,凌通,twse,42.05,42.25,41.55,42.25,1043578,43886026,-0.1,,108815816,588,,,1
2016-06-29,4952,凌通,twse,42.45,42.70,42.25,42.70,1156200,49069999,0.45,,108815816,619,,,1
2016-06-30,4952,凌通,twse,42.75,43.35,42.75,43.10,1172021,50563147,0.4,,108815816,648,,,1
2016-07-01,4952,凌通,twse,43.35,43.85,43.35,43.50,2844320,124013452,0.4,,108815816,1253,,,1
2016-07-04,4952,凌通,twse,41.00,41.50,40.65,41.10,1809240,74251514,0.0,,108815816,1080,,,1
2016-07-05,4952,凌通,twse,41.30,41.50,41.00,41.20,668100,27583470,0.1,,108815816,394,,,1
2016-07-06,4952,凌通,twse,41.10,41.10,40.55,41.00,890000,36338950,-0.2,,108815816,490,,,1
2016-07-07,4952,凌通,twse,42.00,42.10,41.50,41.65,1227400,51284620,0.65,,108815816,627,,,1
2016-07-11,4952,凌通,twse,41.90,41.95,41.45,41.55,876767,36520277,-0.1,,108815816,511,,,1
2016-07-12,4952,凌通,twse,41.95,42.25,41.75,41.80,785200,32924990,0.25,,108815816,486,,,1
2016-07-13,4952,凌通,twse,42.40,42.45,41.85,42.25,964000,40684600,0.45,,108815816,533,,,1
2016-07-14,4952,凌通,twse,42.40,42.40,42.10,42.20,774000,32708550,-0.05,,108815816,355,,,1
2016-07-15,4952,凌通,twse,42.50,42.75,42.25,42.70,888200,37757570,0.5,,108815816,567,,,1
2016-07-18,4952,凌通,twse,44.00,44.00,42.65,42.80,1204006,52111652,0.1,,108815816,674,,,1
2016-07-19,4952,凌通,twse,42.80,42.85,41.85,42.40,1421003,59908626,-0.4,,108815816,757,,,1
2016-07-20,4952,凌通,twse,42.35,42.50,42.10,42.10,486594,20550379,-0.3,,108815816,251,,,1
2016-07-21,4952,凌通,twse,42.20,42.60,42.20,42.30,729100,30917505,0.2,,108815816,445,,,1
2016-07-22,4952,凌通,twse,42.25,42.50,42.00,42.25,608000,25674200,-0.05,,108815816,331,,,1
2016-07-25,4952,凌通,twse,42.40,42.50,42.00,42.05,454000,19172300,-0.2,,108815816,306,,,1
2016-07-26,4952,凌通,twse,42.20,43.00,42.10,43.00,697071,29723188,0.95,,108815816,382,,,1
2016-07-27,4952,凌通,twse,43.50,43.50,42.75,42.85,743110,32040956,-0.15,,108815816,385,,,1
2016-07-28,4952,凌通,twse,42.85,42.90,42.40,42.75,609000,25961550,-0.1,,108815816,293,,,1
2016-07-29,4952,凌通,twse,42.85,43.00,42.75,42.85,453000,19413700,0.1,,108815816,230,,,1
2016-08-01,4952,凌通,twse,42.90,43.70,42.90,43.50,1198060,52088104,0.65,,108815816,600,,,1
2016-08-02,4952,凌通,twse,43.95,44.25,43.65,44.05,1465010,64468194,0.55,,108815816,773,,,1
2016-08-03,4952,凌通,twse,45.10,45.65,44.25,44.25,6791305,305824924,0.2,,108815816,3352,,,1
2016-08-04,4952,凌通,twse,44.70,44.75,43.90,44.10,1844363,81723557,-0.15,,108815816,1010,,,1
2016-08-05,4952,凌通,twse,44.50,45.20,44.30,45.10,1923298,86090709,1.0,,108815816,1006,,,1
2016-08-08,4952,凌通,twse,45.50,45.60,44.75,44.85,1551220,70054561,-0.25,,108815816,790,,,1
2016-08-09,4952,凌通,twse,43.70,43.70,41.30,42.00,4589242,193179309,-2.85,,108815816,2365,,,1
2016-08-10,4952,凌通,twse,42.45,42.55,41.00,41.10,1681003,69800274,-0.9,,108815816,860,,,1
2016-08-11,4952,凌通,twse,41.10,41.45,40.80,41.45,807162,33216863,0.35,,108815816,495,,,1
2016-08-12,4952,凌通,twse,41.60,41.65,41.00,41.10,919300,38019100,-0.35,,108815816,536,,,1
2016-08-15,4952,凌通,twse,41.65,42.30,41.60,42.25,1017000,42748450,1.15,,108815816,704,,,1
2016-08-16,4952,凌通,twse,42.45,42.50,42.00,42.35,639500,27022075,0.1,,108815816,429,,,1
2016-08-17,4952,凌通,twse,42.30,42.40,41.60,41.85,426100,17814434,-0.5,,108815816,293,,,1
2016-08-18,4952,凌通,twse,41.85,42.35,41.85,42.10,534300,22516439,0.25,,108815816,258,,,1
2016-08-19,4952,凌通,twse,42.10,42.20,41.70,41.70,346033,14512924,-0.4,,108815816,209,,,1
2016-08-22,4952,凌通,twse,41.70,41.80,41.00,41.00,489227,20148560,-0.7,,108815816,268,,,1
2016-08-23,4952,凌通,twse,41.20,41.20,40.45,40.70,845150,34380639,-0.3,,108815816,536,,,1
2016-08-24,4952,凌通,twse,40.80,41.10,40.55,41.00,374082,15297312,0.3,,108815816,274,,,1
2016-08-25,4952,凌通,twse,41.00,41.30,41.00,41.30,366110,15080421,0.3,,108815816,236,,,1
2016-08-26,4952,凌通,twse,41.30,41.45,40.85,40.95,501283,20589767,-0.35,,108815816,326,,,1
2016-08-29,4952,凌通,twse,40.85,41.00,40.50,41.00,634000,25789900,0.05,,108815816,396,,,1
2016-08-30,4952,凌通,twse,41.00,41.10,40.70,40.80,416550,17011227,-0.2,,108815816,266,,,1
2016-08-31,4952,凌通,twse,40.75,40.95,40.60,40.75,422262,17197515,-0.05,,108815816,267,,,1
2016-09-01,4952,凌通,twse,40.75,40.90,40.60,40.80,351000,14313800,0.05,,108815816,241,,,1
2016-09-02,4952,凌通,twse,40.80,40.90,40.00,40.30,839000,33873450,-0.5,,108815816,433,,,1
2016-09-05,4952,凌通,twse,40.40,40.55,40.15,40.20,380000,15312700,-0.1,,108815816,225,,,1
2016-09-06,4952,凌通,twse,40.30,40.40,39.40,39.50,1504740,59629716,-0.7,,108815816,771,,,1
2016-09-07,4952,凌通,twse,39.55,40.20,39.55,40.00,638000,25492450,0.5,,108815816,412,,,1
2016-09-08,4952,凌通,twse,40.10,40.25,39.75,39.85,271100,10829229,-0.15,,108815816,172,,,1
2016-09-09,4952,凌通,twse,39.35,39.35,38.45,38.70,1712000,66261800,-1.15,,108815816,896,,,1
2016-09-10,4952,凌通,twse,38.15,38.50,38.15,38.40,694132,26548400,-0.3,,108815816,377,,,1
2016-09-12,4952,凌通,twse,38.40,38.75,38.20,38.25,412100,15800395,-0.15,,108815816,247,,,1
2016-09-13,4952,凌通,twse,38.45,38.45,37.40,37.55,821270,31033905,-0.7,,108815816,450,,,1
2016-09-14,4952,凌通,twse,37.30,37.50,37.10,37.50,322000,12017500,-0.05,,108815816,187,,,1
2016-09-19,4952,凌通,twse,38.00,38.20,37.70,38.15,286000,10856550,0.65,,108815816,188,,,1
2016-09-20,4952,凌通,twse,38.30,39.30,38.30,38.95,884000,34440300,0.8,,108815816,548,,,1
2016-09-21,4952,凌通,twse,39.20,39.20,38.50,38.95,347000,13472850,0.0,,108815816,238,,,1
2016-09-22,4952,凌通,twse,38.90,39.05,38.60,38.80,321020,12453080,-0.15,,108815816,194,,,1
2016-09-23,4952,凌通,twse,38.95,39.20,38.80,38.95,294080,11451644,0.15,,108815816,185,,,1
2016-09-26,4952,凌通,twse,38.80,38.90,38.65,38.65,194070,7520026,-0.3,,108815816,124,,,1
2016-09-29,4952,凌通,twse,38.65,38.80,38.30,38.30,239293,9219095,-0.35,,108815816,183,,,1
2016-09-30,4952,凌通,twse,38.30,38.50,38.00,38.10,244000,9297950,-0.2,,108815816,147,,,1
2016-10-03,4952,凌通,twse,37.85,38.55,37.85,38.30,226070,8635955,0.2,,108815816,159,,,1
2016-10-04,4952,凌通,twse,38.30,39.70,38.30,39.40,624100,24451924,1.1,,108815816,385,,,1
2016-10-05,4952,凌通,twse,39.30,39.60,39.10,39.25,326000,12845150,-0.15,,108815816,212,,,1
2016-10-06,4952,凌通,twse,39.20,39.20,38.85,38.95,309000,12039800,-0.3,,108815816,183,,,1
2016-10-07,4952,凌通,twse,39.00,39.10,38.60,38.95,216000,8375550,0.0,,108815816,134,,,1
2016-10-11,4952,凌通,twse,38.60,38.60,37.30,37.90,627000,23804700,-1.05,,108815816,388,,,1
2016-10-12,4952,凌通,twse,37.90,38.50,37.50,38.20,249000,9466750,0.3,,108815816,187,,,1
2016-10-13,4952,凌通,twse,38.20,38.40,37.80,38.30,251000,9566900,0.1,,108815816,170,,,1
2016-10-14,4952,凌通,twse,38.20,38.20,37.65,37.80,324000,12293000,-0.5,,108815816,209,,,1
2016-10-17,4952,凌通,twse,37.95,37.95,37.70,37.80,133000,5029300,0.0,,108815816,98,,,1
2016-10-18,4952,凌通,twse,37.80,37.95,37.60,37.85,93030,3515379,0.05,,108815816,68,,,1
2016-10-19,4952,凌通,twse,37.95,38.10,37.85,37.90,129000,4898150,0.05,,108815816,89,,,1
2016-10-20,4952,凌通,twse,37.80,38.20,37.70,37.90,172106,6525549,0.0,,108815816,124,,,1
2016-10-21,4952,凌通,twse,38.05,38.20,37.80,37.85,177400,6736050,-0.05,,108815816,148,,,1
2016-10-24,4952,凌通,twse,37.90,38.35,37.90,38.35,184000,7037500,0.5,,108815816,143,,,1
2016-10-25,4952,凌通,twse,38.50,38.80,38.35,38.45,237000,9138950,0.1,,108815816,160,,,1
2016-10-26,4952,凌通,twse,38.40,38.70,38.15,38.45,285120,10952182,0.0,,108815816,171,,,1
2016-10-27,4952,凌通,twse,38.45,38.45,37.95,37.95,297224,11317272,-0.5,,108815816,171,,,1
2016-10-28,4952,凌通,twse,37.85,37.85,37.40,37.60,289025,10877298,-0.35,,108815816,169,,,1
2016-10-31,4952,凌通,twse,37.45,37.70,37.45,37.65,123000,4625350,0.05,,108815816,85,,,1
2016-11-01,4952,凌通,twse,37.75,37.85,37.50,37.75,72000,2715900,0.1,,108815816,50,,,1
2016-11-02,4952,凌通,twse,37.55,38.15,37.50,37.60,233000,8797150,-0.15,,108815816,142,,,1
2016-11-03,4952,凌通,twse,38.05,38.10,37.00,37.35,495000,18582650,-0.25,,108815816,315,,,1
2016-11-04,4952,凌通,twse,37.40,37.60,37.15,37.15,467078,17404813,-0.2,,108815816,327,,,1
2016-11-07,4952,凌通,twse,37.25,37.80,37.15,37.70,487000,18251850,0.55,,108815816,289,,,1
2016-11-08,4952,凌通,twse,37.85,37.85,37.00,37.40,402322,14996007,-0.3,,108815816,301,,,1
2016-11-09,4952,凌通,twse,37.35,37.35,35.55,35.60,1117210,40411499,-1.8,,108815816,618,,,1
2016-11-10,4952,凌通,twse,36.35,36.75,36.10,36.65,357000,12989700,1.05,,108815816,220,,,1
2016-11-11,4952,凌通,twse,36.00,36.20,35.35,36.15,300000,10758250,-0.5,,108815816,209,,,1
2016-11-14,4952,凌通,twse,35.90,36.00,35.05,35.75,449308,15952438,-0.4,,108815816,279,,,1
2016-11-15,4952,凌通,twse,35.70,35.90,35.40,35.80,261200,9335650,0.05,,108815816,157,,,1
2016-11-16,4952,凌通,twse,36.05,36.15,35.80,35.90,144200,5189150,0.1,,108815816,115,,,1
2016-11-17,4952,凌通,twse,36.00,36.00,35.40,35.70,209200,7467460,-0.2,,108815816,158,,,1
2016-11-18,4952,凌通,twse,36.00,36.25,35.60,35.95,498100,17893080,0.25,,108815816,225,,,1
2016-11-21,4952,凌通,twse,36.00,36.25,35.40,36.25,401000,14387250,0.3,,108815816,289,,,1
2016-11-22,4952,凌通,twse,36.30,36.55,36.25,36.25,380000,13832000,0.0,,108815816,246,,,1
2016-11-23,4952,凌通,twse,36.50,37.05,36.45,36.65,361300,13288760,0.4,,108815816,247,,,1
2016-11-24,4952,凌通,twse,36.75,36.80,36.35,36.65,202000,7399550,0.0,,108815816,136,,,1
2016-11-25,4952,凌通,twse,36.70,37.00,36.70,36.80,200000,7372950,0.15,,108815816,160,,,1
2016-11-28,4952,凌通,twse,36.80,36.90,36.40,36.80,269000,9873850,0.0,,108815816,175,,,1
2016-11-29,4952,凌通,twse,37.10,38.30,37.10,37.80,1323210,50220600,1.0,,108815816,840,,,1
2016-11-30,4952,凌通,twse,37.75,37.90,37.40,37.50,272025,10223450,-0.3,,108815816,200,,,1
2016-12-01,4952,凌通,twse,37.40,37.60,37.25,37.55,315100,11778419,0.05,,108815816,197,,,1
2016-12-02,4952,凌通,twse,37.65,37.65,37.25,37.45,197100,7359680,-0.1,,108815816,137,,,1
2016-12-05,4952,凌通,twse,37.30,37.30,36.60,36.75,255000,9404800,-0.7,,108815816,213,,,1
2016-12-06,4952,凌通,twse,36.80,37.15,36.80,36.80,167100,6178860,0.05,,108815816,128,,,1
2016-12-07,4952,凌通,twse,36.85,37.20,36.85,37.00,345010,12763672,0.2,,108815816,234,,,1
2016-12-08,4952,凌通,twse,37.40,37.40,37.05,37.15,439000,16303150,0.15,,108815816,299,,,1
2016-12-09,4952,凌通,twse,37.05,37.10,36.70,36.90,446000,16449550,-0.25,,108815816,299,,,1
2016-12-12,4952,凌通,twse,36.95,37.15,36.90,37.00,262000,9688600,0.1,,108815816,137,,,1
2016-12-13,4952,凌通,twse,37.10,37.35,37.00,37.10,208000,7728350,0.1,,108815816,139,,,1
2016-12-14,4952,凌通,twse,37.20,37.25,37.05,37.20,178000,6614400,0.1,,108815816,121,,,1
2016-12-15,4952,凌通,twse,37.20,37.25,37.05,37.15,171000,6352650,-0.05,,108815816,118,,,1
2016-12-16,4952,凌通,twse,37.25,38.25,37.25,38.05,702500,26508324,0.9,,108815816,496,,,1
2016-12-19,4952,凌通,twse,37.90,37.90,37.50,37.55,578000,21755100,-0.5,,108815816,430,,,1
2016-12-20,4952,凌通,twse,37.60,37.65,37.10,37.30,395000,14721400,-0.25,,108815816,305,,,1
2016-12-21,4952,凌通,twse,37.35,37.65,37.15,37.30,129000,4809100,0.0,,108815816,103,,,1
2016-12-22,4952,凌通,twse,37.30,37.30,37.00,37.15,203000,7531950,-0.15,,108815816,174,,,1
2016-12-23,4952,凌通,twse,37.15,37.15,36.70,36.75,338050,12464350,-0.4,,108815816,255,,,1
2016-12-26,4952,凌通,twse,36.75,36.75,36.10,36.45,236000,8602000,-0.3,,108815816,141,,,1
2016-12-27,4952,凌通,twse,36.75,37.20,36.55,37.10,191000,7047550,0.65,,108815816,132,,,1
2016-12-28,4952,凌通,twse,37.40,37.80,37.20,37.20,778050,29196847,0.1,,108815816,385,,,1
2016-12-29,4952,凌通,twse,37.15,37.60,36.95,37.25,139000,5175000,0.05,,108815816,108,,,1
2016-12-30,4952,凌通,twse,37.35,37.50,37.30,37.35,166100,6212805,0.1,,108815816,105,,,1
2017-01-03,4952,凌通,twse,37.50,37.75,37.35,37.65,244000,9180800,0.3,,108815816,151,,,1
2017-01-04,4952,凌通,twse,37.65,38.35,37.65,38.15,695000,26438950,0.5,,108815816,387,,,1
2017-01-05,4952,凌通,twse,38.20,38.90,38.20,38.70,1269863,49095847,0.55,,108815816,727,,,1
2017-01-06,4952,凌通,twse,39.10,39.50,39.10,39.20,1822643,71654770,0.5,,108815816,1096,,,1
2017-01-09,4952,凌通,twse,39.20,39.20,38.50,38.50,838000,32404550,-0.7,,108815816,459,,,1
2017-01-10,4952,凌通,twse,38.50,38.60,38.25,38.35,296720,11391508,-0.15,,108815816,196,,,1
2017-01-11,4952,凌通,twse,38.35,38.80,38.35,38.70,252200,9720200,0.35,,108815816,141,,,1
2017-01-12,4952,凌通,twse,38.80,38.80,38.35,38.40,222000,8558850,-0.3,,108815816,144,,,1
2017-01-13,4952,凌通,twse,38.20,38.75,38.20,38.40,163130,6284237,0.0,,108815816,101,,,1
2017-01-16,4952,凌通,twse,38.35,38.50,38.30,38.35,234100,8985275,-0.05,,108815816,132,,,1
2017-01-17,4952,凌通,twse,38.20,38.75,38.20,38.70,289000,11132650,0.35,,108815816,136,,,1
2017-01-18,4952,凌通,twse,38.55,39.10,38.50,38.90,330100,12833280,0.2,,108815816,193,,,1
2017-01-19,4952,凌通,twse,38.90,39.10,38.80,38.90,373100,14505890,0.0,,108815816,148,,,1
2017-01-20,4952,凌通,twse,38.90,39.20,38.85,38.85,261100,10176685,-0.05,,108815816,132,,,1
2017-01-23,4952,凌通,twse,38.80,38.95,38.70,38.70,257000,9977950,-0.15,,108815816,135,,,1
2017-01-24,4952,凌通,twse,38.65,38.95,38.65,38.85,370000,14361350,0.15,,108815816,126,,,1
2017-02-02,4952,凌通,twse,38.95,39.10,38.45,39.05,597000,23146700,0.2,,108815816,280,,,1
2017-02-03,4952,凌通,twse,39.05,39.65,39.05,39.55,608055,23970436,0.5,,108815816,360,,,1
2017-02-06,4952,凌通,twse,39.65,40.35,39.55,39.95,788259,31382032,0.4,,108815816,506,,,1
2017-02-07,4952,凌通,twse,39.95,40.90,39.90,40.75,1082525,43858191,0.8,,108815816,622,,,1
2017-02-08,4952,凌通,twse,41.00,41.55,40.40,40.65,1767200,72441450,-0.1,,108815816,1021,,,1
2017-02-09,4952,凌通,twse,40.00,40.00,39.40,39.55,1547463,61377581,-1.1,,108815816,825,,,1
2017-02-10,4952,凌通,twse,39.60,40.40,39.40,39.40,737259,29329245,-0.15,,108815816,363,,,1
2017-02-13,4952,凌通,twse,39.40,39.70,39.05,39.60,409783,16135656,0.2,,108815816,263,,,1
2017-02-14,4952,凌通,twse,39.70,39.95,39.55,39.70,550000,21866550,0.1,,108815816,294,,,1
2017-02-15,4952,凌通,twse,39.75,39.90,39.50,39.70,574001,22781089,0.0,,108815816,268,,,1
2017-02-16,4952,凌通,twse,39.70,40.35,39.65,40.10,1033338,41275035,0.4,,108815816,588,,,1
2017-02-17,4952,凌通,twse,40.10,40.15,39.95,40.05,464562,18587106,-0.05,,108815816,234,,,1
2017-02-18,4952,凌通,twse,40.05,40.10,39.90,39.95,442006,17664840,-0.1,,108815816,207,,,1
2017-02-20,4952,凌通,twse,40.05,40.45,40.05,40.10,635000,25563100,0.15,,108815816,312,,,1
2017-02-21,4952,凌通,twse,40.10,40.45,40.10,40.45,353000,14201900,0.35,,108815816,210,,,1
2017-02-22,4952,凌通,twse,40.55,40.65,40.30,40.35,527159,21336315,-0.1,,108815816,294,,,1
2017-02-23,4952,凌通,twse,40.40,40.55,40.20,40.35,333055,13446977,0.0,,108815816,195,,,1
2017-02-24,4952,凌通,twse,40.40,40.45,40.15,40.35,357010,14391104,0.0,,108815816,213,,,1
2017-03-01,4952,凌通,twse,40.90,41.40,40.85,40.85,1123066,46141639,0.5,,108815816,649,,,1
2017-03-02,4952,凌通,twse,41.15,41.20,40.50,40.70,665000,27147350,-0.15,,108815816,328,,,1
2017-03-03,4952,凌通,twse,40.70,40.85,40.60,40.75,429000,17445800,0.05,,108815816,196,,,1
2017-03-06,4952,凌通,twse,40.75,40.90,40.35,40.65,454340,18399970,-0.1,,108815816,209,,,1
2017-03-07,4952,凌通,twse,40.70,41.30,40.65,40.85,849001,34784143,0.2,,108815816,411,,,1
2017-03-08,4952,凌通,twse,40.90,41.15,40.80,41.15,647010,26537211,0.3,,108815816,305,,,1
2017-03-09,4952,凌通,twse,41.30,41.80,41.10,41.50,1316000,54515900,0.35,,108815816,616,,,1
2017-03-10,4952,凌通,twse,41.60,41.70,41.05,41.30,558000,23051450,-0.2,,108815816,274,,,1
2017-03-13,4952,凌通,twse,41.40,41.45,40.80,41.30,422442,17369103,0.0,,108815816,216,,,1
2017-03-14,4952,凌通,twse,41.50,41.80,41.30,41.75,693300,28837425,0.45,,108815816,370,,,1
2017-03-15,4952,凌通,twse,41.75,42.20,41.70,42.05,1012000,42558500,0.3,,108815816,522,,,1
2017-03-16,4952,凌通,twse,42.30,42.40,41.95,42.00,544000,22920850,-0.05,,108815816,335,,,1
2017-03-17,4952,凌通,twse,42.25,42.25,41.80,42.05,305038,12804696,0.05,,108815816,177,,,1
2017-03-20,4952,凌通,twse,42.05,42.20,41.85,42.10,395200,16602220,0.05,,108815816,246,,,1
2017-03-21,4952,凌通,twse,42.10,42.10,41.80,41.85,630037,26456289,-0.25,,108815816,316,,,1
2017-03-22,4952,凌通,twse,41.60,41.90,41.50,41.85,367400,15305390,0.0,,108815816,210,,,1
2017-03-23,4952,凌通,twse,41.85,42.00,41.75,41.90,404000,16932200,0.05,,108815816,231,,,1
2017-03-24,4952,凌通,twse,42.00,42.15,41.85,41.85,331700,13916419,-0.05,,108815816,218,,,1
2017-03-27,4952,凌通,twse,41.80,41.80,41.10,41.30,574300,23833009,-0.55,,108815816,319,,,1
2017-03-28,4952,凌通,twse,41.30,41.50,40.45,40.70,621001,25372641,-0.6,,108815816,377,,,1
2017-03-29,4952,凌通,twse,40.90,41.15,40.75,41.00,435000,17789050,0.3,,108815816,186,,,1
2017-03-30,4952,凌通,twse,41.10,41.20,40.95,41.15,277080,11387591,0.15,,108815816,154,,,1
2017-03-31,4952,凌通,twse,41.15,41.15,40.90,41.10,228000,9361350,-0.05,,108815816,115,,,1
2017-04-05,4952,凌通,twse,41.15,41.80,41.10,41.65,375000,15556450,0.55,,108815816,223,,,1
2017-04-06,4952,凌通,twse,41.65,41.80,41.45,41.55,182051,7576773,-0.1,,108815816,104,,,1
2017-04-07,4952,凌通,twse,41.50,41.85,41.05,41.15,408000,16876000,-0.4,,108815816,261,,,1
2017-04-10,4952,凌通,twse,41.40,41.80,41.40,41.65,430123,17898452,0.5,,108815816,301,,,1
2017-04-11,4952,凌通,twse,41.65,41.75,41.15,41.20,277001,11467541,-0.45,,108815816,180,,,1
2017-04-12,4952,凌通,twse,41.20,41.25,40.50,40.75,537300,21876525,-0.45,,108815816,287,,,1
2017-04-13,4952,凌通,twse,40.60,40.85,40.55,40.70,216000,8783650,-0.05,,108815816,165,,,1
2017-04-14,4952,凌通,twse,40.65,40.65,39.70,39.70,689295,27582220,-1.0,,108815816,412,,,1
2017-04-17,4952,凌通,twse,39.75,40.05,39.50,39.85,263000,10442700,0.15,,108815816,145,,,1
2017-04-18,4952,凌通,twse,39.90,40.20,39.80,40.05,136000,5435150,0.2,,108815816,78,,,1
2017-04-19,4952,凌通,twse,39.80,40.00,39.80,39.80,144350,5753330,-0.25,,108815816,95,,,1
2017-04-20,4952,凌通,twse,39.85,40.15,39.75,39.80,154000,6148900,0.0,,108815816,95,,,1
2017-04-21,4952,凌通,twse,39.85,40.15,39.85,40.10,142050,5683273,0.3,,108815816,87,,,1
2017-04-24,4952,凌通,twse,40.10,40.20,39.80,40.20,88000,3523250,0.1,,108815816,62,,,1
2017-04-25,4952,凌通,twse,40.20,40.45,40.00,40.40,208000,8361550,0.2,,108815816,116,,,1
2017-04-26,4952,凌通,twse,40.40,40.50,40.10,40.50,177068,7138240,0.1,,108815816,121,,,1
2017-04-27,4952,凌通,twse,40.45,41.85,40.45,41.65,1418467,58730529,1.15,,108815816,860,,,1
2017-04-28,4952,凌通,twse,41.65,41.90,41.35,41.60,588191,24473907,-0.05,,108815816,372,,,1
2017-05-02,4952,凌通,twse,41.50,41.85,41.40,41.70,755000,31404200,0.1,,108815816,471,,,1
2017-05-03,4952,凌通,twse,41.85,42.10,41.00,41.00,1738525,72538387,-0.7,,108815816,909,,,1
2017-05-04,4952,凌通,twse,41.10,41.55,40.90,41.50,663007,27401540,0.5,,108815816,343,,,1
2017-05-05,4952,凌通,twse,41.50,41.55,41.10,41.15,308000,12719800,-0.35,,108815816,158,,,1
2017-05-08,4952,凌通,twse,41.15,41.35,40.85,40.85,304000,12487150,-0.3,,108815816,171,,,1
2017-05-09,4952,凌通,twse,40.70,40.70,38.95,39.20,1458050,57570082,-1.65,,108815816,740,,,1
2017-05-10,4952,凌通,twse,39.20,39.50,39.20,39.30,604000,23736000,0.1,,108815816,374,,,1
2017-05-11,4952,凌通,twse,39.60,39.60,39.10,39.35,238000,9351250,0.05,,108815816,149,,,1
2017-05-12,4952,凌通,twse,39.30,39.40,39.10,39.15,273000,10713850,-0.2,,108815816,128,,,1
2017-05-15,4952,凌通,twse,39.20,39.45,39.05,39.35,266300,10456720,0.2,,108815816,144,,,1
2017-05-16,4952,凌通,twse,39.35,39.65,39.30,39.40,325018,12829711,0.05,,108815816,217,,,1
2017-05-17,4952,凌通,twse,39.35,39.40,38.90,39.05,502000,19619700,-0.35,,108815816,318,,,1
2017-05-18,4952,凌通,twse,39.00,39.00,38.70,39.00,379000,14726050,-0.05,,108815816,321,,,1
2017-05-19,4952,凌通,twse,39.05,39.25,38.70,38.80,439000,17094450,-0.2,,108815816,360,,,1
2017-05-22,4952,凌通,twse,38.90,39.05,38.70,38.80,415300,16139540,0.0,,108815816,320,,,1
2017-05-23,4952,凌通,twse,38.80,39.10,38.80,38.95,221000,8609600,0.15,,108815816,145,,,1
2017-05-24,4952,凌通,twse,39.00,39.70,39.00,39.45,466643,18418805,0.5,,108815816,337,,,1
2017-05-25,4952,凌通,twse,39.50,40.05,39.50,39.80,583001,23179690,0.35,,108815816,271,,,1
2017-05-26,4952,凌通,twse,40.00,40.40,39.80,39.80,925000,37073850,0.0,,108815816,395,,,1
2017-05-31,4952,凌通,twse,39.80,39.85,39.20,39.20,399000,15748150,-0.6,,108815816,237,,,1
2017-06-01,4952,凌通,twse,39.20,39.40,39.05,39.20,270100,10594370,0.0,,108815816,194,,,1
2017-06-02,4952,凌通,twse,39.25,39.55,39.25,39.50,363000,14306800,0.3,,108815816,193,,,1
2017-06-03,4952,凌通,twse,39.55,39.80,39.55,39.80,284000,11275750,0.3,,108815816,148,,,1
2017-06-05,4952,凌通,twse,40.15,40.25,39.85,40.00,816000,32727600,0.2,,108815816,441,,,1
2017-06-06,4952,凌通,twse,40.05,40.05,39.70,39.75,322114,12838432,-0.25,,108815816,194,,,1
2017-06-07,4952,凌通,twse,39.80,39.80,39.45,39.50,375000,14850650,-0.25,,108815816,202,,,1
2017-06-08,4952,凌通,twse,39.85,39.85,39.35,39.75,313000,12368550,0.25,,108815816,159,,,1
2017-06-09,4952,凌通,twse,39.80,39.90,39.40,39.45,536400,21277179,-0.3,,108815816,224,,,1
2017-06-12,4952,凌通,twse,39.40,39.40,39.10,39.40,173058,6799412,-0.05,,108815816,92,,,1
2017-06-13,4952,凌通,twse,39.40,39.40,39.25,39.30,164000,6448850,-0.1,,108815816,101,,,1
2017-06-14,4952,凌通,twse,39.30,39.40,38.80,38.95,454000,17720100,-0.35,,108815816,265,,,1
2017-06-15,4952,凌通,twse,39.20,40.00,39.20,39.70,659000,26150450,0.75,,108815816,406,,,1
2017-06-16,4952,凌通,twse,39.75,39.75,39.50,39.75,235020,9310895,0.05,,108815816,159,,,1
2017-06-19,4952,凌通,twse,39.75,39.90,39.70,39.80,227009,9045260,0.05,,108815816,150,,,1
2017-06-20,4952,凌通,twse,39.90,40.45,39.90,40.30,841000,33806250,0.5,,108815816,497,,,1
2017-06-21,4952,凌通,twse,40.30,40.60,40.30,40.35,424652,17160644,0.05,,108815816,292,,,1
2017-06-22,4952,凌通,twse,40.50,40.75,40.50,40.60,614050,24958485,0.25,,108815816,327,,,1
2017-06-23,4952,凌通,twse,40.65,40.75,40.25,40.45,360080,14563018,-0.15,,108815816,220,,,1
2017-06-26,4952,凌通,twse,40.45,40.55,40.25,40.30,513050,20705735,-0.15,,108815816,278,,,1
2017-06-27,4952,凌通,twse,40.30,40.35,40.10,40.30,570300,22941760,0.0,,108815816,295,,,1
2017-06-28,4952,凌通,twse,40.30,40.45,40.25,40.35,419343,16902491,0.05,,108815816,215,,,1
2017-06-29,4952,凌通,twse,40.35,40.45,40.25,40.30,430000,17348650,-0.05,,108815816,179,,,1
2017-06-30,4952,凌通,twse,40.30,40.45,40.10,40.45,323100,13007780,0.15,,108815816,150,,,1
2017-07-03,4952,凌通,twse,40.45,40.75,40.45,40.70,608250,24708775,0.25,,108815816,294,,,1
2017-07-04,4952,凌通,twse,40.70,40.70,40.25,40.40,833020,33760413,-0.3,,108815816,338,,,1
2017-07-05,4952,凌通,twse,40.25,40.40,40.05,40.35,873068,35134654,-0.05,,108815816,363,,,1
2017-07-06,4952,凌通,twse,40.35,40.35,40.10,40.15,1941300,78063757,-0.2,,108815816,789,,,1
2017-07-07,4952,凌通,twse,36.65,37.20,36.45,36.50,2141381,78696073,0.0,,108815816,921,,,1
2017-07-10,4952,凌通,twse,36.50,36.55,35.90,36.10,677200,24522060,-0.4,,108815816,378,,,1
2017-07-11,4952,凌通,twse,36.10,36.20,35.90,36.00,378000,13620450,-0.1,,108815816,175,,,1
2017-07-12,4952,凌通,twse,35.70,36.00,35.60,35.80,440000,15752950,-0.2,,108815816,205,,,1
2017-07-13,4952,凌通,twse,36.00,36.35,35.95,36.25,276682,9995574,0.45,,108815816,153,,,1
2017-07-14,4952,凌通,twse,36.35,36.40,36.10,36.10,309000,11200350,-0.15,,108815816,132,,,1
2017-07-17,4952,凌通,twse,36.30,36.35,36.10,36.30,189000,6848900,0.2,,108815816,97,,,1
2017-07-18,4952,凌通,twse,36.30,36.35,36.10,36.15,170000,6153100,-0.15,,108815816,85,,,1
2017-07-19,4952,凌通,twse,36.15,36.40,36.15,36.25,160029,5813573,0.1,,108815816,105,,,1
2017-07-20,4952,凌通,twse,36.50,37.50,36.35,37.00,820240,30450350,0.75,,108815816,504,,,1
2017-07-21,4952,凌通,twse,37.00,37.05,36.55,36.70,272518,9999523,-0.3,,108815816,140,,,1
2017-07-24,4952,凌通,twse,36.55,36.55,36.25,36.35,226000,8211200,-0.35,,108815816,133,,,1
2017-07-25,4952,凌通,twse,36.50,36.60,36.05,36.30,159000,5774450,-0.05,,108815816,116,,,1
2017-07-26,4952,凌通,twse,36.30,36.50,36.10,36.15,228500,8289724,-0.15,,108815816,133,,,1
2017-07-27,4952,凌通,twse,36.20,36.45,36.15,36.25,133000,4820750,0.1,,108815816,78,,,1
2017-07-28,4952,凌通,twse,36.25,36.25,36.00,36.00,251100,9056420,-0.25,,108815816,118,,,1
2017-07-31,4952,凌通,twse,36.10,36.10,35.75,35.95,255200,9155169,-0.05,,108815816,135,,,1
2017-08-01,4952,凌通,twse,36.00,36.30,36.00,36.20,133000,4813500,0.25,,108815816,84,,,1
2017-08-02,4952,凌通,twse,37.30,37.40,36.90,36.90,777150,28812070,0.7,,108815816,500,,,1
2017-08-03,4952,凌通,twse,36.95,37.00,36.60,36.75,324764,11922615,-0.15,,108815816,191,,,1
2017-08-04,4952,凌通,twse,36.80,37.55,36.80,37.40,809000,30139600,0.65,,108815816,454,,,1
2017-08-07,4952,凌通,twse,37.55,38.20,37.55,38.05,896376,34071893,0.65,,108815816,530,,,1
2017-08-08,4952,凌通,twse,38.10,38.30,37.60,37.65,420000,15898900,-0.4,,108815816,275,,,1
2017-08-09,4952,凌通,twse,37.20,37.35,37.05,37.10,424101,15761362,-0.55,,108815816,255,,,1
2017-08-10,4952,凌通,twse,37.20,37.20,36.10,36.30,528000,19246650,-0.8,,108815816,301,,,1
2017-08-11,4952,凌通,twse,35.70,36.55,35.70,36.50,264000,9558550,0.2,,108815816,169,,,1
2017-08-14,4952,凌通,twse,36.30,37.20,36.15,36.95,420209,15411193,0.45,,108815816,241,,,1
2017-08-15,4952,凌通,twse,36.65,37.25,36.40,36.70,229000,8394900,-0.25,,108815816,153,,,1
2017-08-16,4952,凌通,twse,37.00,37.05,36.30,36.45,400024,14610912,-0.25,,108815816,255,,,1
2017-08-17,4952,凌通,twse,36.45,36.75,36.35,36.45,513118,18739425,0.0,,108815816,264,,,1
2017-08-18,4952,凌通,twse,36.45,36.45,36.10,36.20,317000,11478800,-0.25,,108815816,232,,,1
2017-08-21,4952,凌通,twse,36.20,36.85,36.15,36.85,753350,27577050,0.65,,108815816,378,,,1
2017-08-22,4952,凌通,twse,37.05,37.55,36.85,37.20,1537200,57177400,0.35,,108815816,724,,,1
2017-08-23,4952,凌通,twse,37.50,37.50,37.00,37.10,459000,17066000,-0.1,,108815816,245,,,1
2017-08-24,4952,凌通,twse,37.20,37.40,37.15,37.30,393000,14634250,0.2,,108815816,208,,,1
2017-08-25,4952,凌通,twse,37.50,37.70,37.40,37.65,656000,24619650,0.35,,108815816,366,,,1
2017-08-28,4952,凌通,twse,37.50,38.80,37.50,38.80,1930240,73737958,1.15,,108815816,1017,,,1
2017-08-29,4952,凌通,twse,39.55,40.40,39.15,39.20,3825521,151656400,0.4,,108815816,2137,,,1
2017-08-30,4952,凌通,twse,39.70,39.90,38.80,38.90,1248368,48908202,-0.3,,108815816,724,,,1
2017-08-31,4952,凌通,twse,39.15,40.20,39.05,39.85,2918373,116082620,0.95,,108815816,1416,,,1
2017-09-01,4952,凌通,twse,40.20,40.25,39.55,39.70,1048000,41672700,-0.15,,108815816,599,,,1
2017-09-04,4952,凌通,twse,39.55,39.55,38.60,38.85,987100,38522300,-0.85,,108815816,587,,,1
2017-09-05,4952,凌通,twse,39.20,39.35,38.80,38.95,583375,22712855,0.1,,108815816,332,,,1
2017-09-06,4952,凌通,twse,38.85,38.95,38.20,38.40,663615,25560312,-0.55,,108815816,442,,,1
2017-09-07,4952,凌通,twse,38.60,39.00,38.40,38.40,623000,24047550,0.0,,108815816,349,,,1
2017-09-08,4952,凌通,twse,38.50,38.80,38.40,38.80,516000,19897550,0.4,,108815816,276,,,1
2017-09-11,4952,凌通,twse,38.95,39.15,38.65,38.75,420200,16324020,-0.05,,108815816,263,,,1
2017-09-12,4952,凌通,twse,38.90,39.00,38.70,38.85,385000,14930150,0.1,,108815816,234,,,1
2017-09-13,4952,凌通,twse,39.65,42.70,39.65,42.70,8377475,354065482,3.85,,108815816,2966,,,1
2017-09-14,4952,凌通,twse,45.30,46.00,44.30,45.65,18553849,838389704,2.95,,108815816,9594,,,1
2017-09-15,4952,凌通,twse,45.65,45.65,44.20,44.30,5324141,239334621,-1.35,,108815816,2953,,,1
2017-09-18,4952,凌通,twse,44.50,45.45,43.15,44.00,5051444,223334773,-0.3,,108815816,3090,,,1
2017-09-19,4952,凌通,twse,44.20,45.05,43.40,43.40,2225710,98399682,-0.6,,108815816,1365,,,1
2017-09-20,4952,凌通,twse,43.40,43.80,42.70,42.80,1909319,82328067,-0.6,,108815816,1026,,,1
2017-09-21,4952,凌通,twse,43.05,44.10,43.05,43.90,1998633,87486687,1.1,,108815816,1236,,,1
2017-09-22,4952,凌通,twse,44.55,46.10,43.95,46.10,6854979,310070123,2.2,,108815816,3956,,,1
2017-09-25,4952,凌通,twse,48.20,50.70,47.65,48.90,20046645,987452227,2.8,,108815816,11025,,,1
2017-09-26,4952,凌通,twse,47.00,48.50,44.30,45.40,9293350,435965528,-3.5,,108815816,5956,,,1
2017-09-27,4952,凌通,twse,47.50,47.80,46.20,47.65,5255407,247485157,2.25,,108815816,3114,,,1
2017-09-28,4952,凌通,twse,48.90,52.40,48.60,50.70,21419600,1088207737,3.05,,108815816,12028,,,1
2017-09-29,4952,凌通,twse,50.70,51.20,48.80,51.20,8203924,412376719,0.5,,108815816,5022,,,1
2017-09-30,4952,凌通,twse,52.20,55.90,51.90,54.60,21441147,1165416284,3.4,,108815816,12414,,,1
2017-10-02,4952,凌通,twse,55.00,56.50,54.10,54.70,14594835,807159855,0.1,,108815816,8032,,,1
2017-10-03,4952,凌通,twse,55.60,56.00,53.50,54.00,6244875,339399150,-0.7,,108815816,3665,,,1
2017-10-05,4952,凌通,twse,53.60,55.20,53.30,54.00,7028250,382024550,0.0,,108815816,3911,,,1
2017-10-06,4952,凌通,twse,54.40,54.80,52.40,52.40,5394778,285906143,-1.6,,108815816,3110,,,1
2017-10-11,4952,凌通,twse,52.00,53.20,50.20,51.00,5386600,278275240,-1.4,,108815816,2980,,,1
2017-10-12,4952,凌通,twse,52.00,54.40,51.70,54.30,7924837,422912413,3.3,,108815816,4824,,,1
2017-10-13,4952,凌通,twse,56.00,58.40,55.40,56.20,20786549,1184729749,1.9,,108815816,11362,,,1
2017-10-16,4952,凌通,twse,56.40,57.20,54.70,56.20,6732632,376444213,0.0,,108815816,4073,,,1
2017-10-17,4952,凌通,twse,56.60,56.70,54.00,54.00,4836989,266485000,-2.2,,108815816,2959,,,1
2017-10-18,4952,凌通,twse,54.00,55.50,53.50,54.50,4562004,247815037,0.5,,108815816,2973,,,1
2017-10-19,4952,凌通,twse,55.00,56.70,54.60,54.60,4876110,270780805,0.1,,108815816,3078,,,1
2017-10-20,4952,凌通,twse,54.60,54.80,53.60,54.00,2364840,127871960,-0.6,,108815816,1528,,,1
2017-10-23,4952,凌通,twse,54.30,55.30,53.70,53.90,3003100,163613800,-0.1,,108815816,1898,,,1
2017-10-24,4952,凌通,twse,54.30,54.90,54.20,54.20,1591200,86648160,0.3,,108815816,1054,,,1
2017-10-25,4952,凌通,twse,54.70,55.00,52.90,52.90,2579700,138462800,-1.3,,108815816,1631,,,1
2017-10-26,4952,凌通,twse,52.70,54.70,52.70,53.60,3389300,182356340,0.7,,108815816,2144,,,1
2017-10-27,4952,凌通,twse,54.00,55.40,52.10,52.20,4238500,228604600,-1.4,,108815816,2666,,,1
2017-10-30,4952,凌通,twse,53.40,53.50,51.00,52.40,2289130,119382838,0.2,,108815816,1463,,,1
2017-10-31,4952,凌通,twse,52.50,54.50,52.00,54.50,2205350,117971450,2.1,,108815816,1382,,,1
2017-11-01,4952,凌通,twse,55.40,56.50,54.50,55.40,7978841,443876489,0.9,,108815816,4744,,,1
2017-11-02,4952,凌通,twse,56.50,58.20,54.80,54.80,10798100,613927420,-0.6,,108815816,6409,,,1
2017-11-03,4952,凌通,twse,55.90,60.20,55.50,60.20,21799142,1277303045,5.4,,108815816,11634,,,1
2017-11-06,4952,凌通,twse,63.50,66.20,62.30,66.20,24107941,1553257392,6.0,,108815816,13079,,,1
2017-11-07,4952,凌通,twse,67.50,71.20,65.00,65.60,29269563,2012010358,-0.6,,108815816,17351,,,1
2017-11-08,4952,凌通,twse,64.90,67.80,64.40,67.00,12052435,799542645,1.4,,108815816,7373,,,1
2017-11-09,4952,凌通,twse,68.00,68.90,60.80,61.50,14576816,945815008,-5.5,,108815816,8757,,,1
2017-11-10,4952,凌通,twse,61.20,63.50,59.70,63.50,6894168,426823152,2.0,,108815816,4376,,,1
2017-11-13,4952,凌通,twse,62.90,63.20,60.30,60.30,4571900,279654567,-3.2,,108815816,2910,,,1
2017-11-14,4952,凌通,twse,60.30,61.10,57.90,59.30,4956210,292319037,-1.0,,108815816,3113,,,1
2017-11-15,4952,凌通,twse,60.00,62.20,59.40,59.80,6247000,379760200,0.5,,108815816,4172,,,1
2017-11-16,4952,凌通,twse,58.60,60.80,58.30,59.20,2675300,159447880,-0.6,,108815816,1804,,,1
2017-11-17,4952,凌通,twse,61.20,62.70,60.60,60.90,6318795,389525495,1.7,,108815816,3961,,,1
2017-11-20,4952,凌通,twse,60.30,61.00,59.30,59.50,2257181,135322123,-1.4,,108815816,1473,,,1
2017-11-21,4952,凌通,twse,60.80,62.60,60.10,62.00,4931500,302500198,2.5,,108815816,3079,,,1
2017-11-22,4952,凌通,twse,63.60,64.30,60.00,60.00,8109481,505606437,-2.0,,108815816,4831,,,1
2017-11-23,4952,凌通,twse,60.10,61.80,59.50,61.70,2781044,168649899,1.7,,108815816,1923,,,1
2017-11-24,4952,凌通,twse,63.50,65.80,62.90,63.30,14042136,904575220,1.6,,108815816,8422,,,1
2017-11-27,4952,凌通,twse,63.30,63.30,61.30,61.70,3117603,194036104,-1.6,,108815816,2091,,,1
2017-11-28,4952,凌通,twse,62.00,63.60,62.00,62.30,3647230,228759982,0.6,,108815816,2292,,,1
2017-11-29,4952,凌通,twse,63.10,63.10,61.20,61.30,2650602,163994899,-1.0,,108815816,1717,,,1
2017-11-30,4952,凌通,twse,59.80,60.60,58.30,58.30,4602019,272758807,-3.0,,108815816,3073,,,1
2017-12-01,4952,凌通,twse,59.20,59.20,54.20,55.80,4648060,262997645,-2.5,,108815816,2893,,,1
2017-12-04,4952,凌通,twse,56.80,56.90,55.50,56.00,1462088,82152036,0.2,,108815816,931,,,1
2017-12-05,4952,凌通,twse,56.00,56.00,54.50,54.60,1967500,108251500,-1.4,,108815816,1334,,,1
2017-12-06,4952,凌通,twse,55.20,55.70,53.40,54.00,2255158,123129911,-0.6,,108815816,1380,,,1
2017-12-07,4952,凌通,twse,53.60,54.40,50.50,50.80,4033806,208919565,-3.2,,108815816,2430,,,1
2017-12-08,4952,凌通,twse,51.90,53.50,50.90,53.50,3339857,174296148,2.7,,108815816,2191,,,1
2017-12-11,4952,凌通,twse,52.90,54.20,52.50,53.80,1838192,98191971,0.3,,108815816,1259,,,1
2017-12-12,4952,凌通,twse,53.80,53.80,52.00,52.90,1323974,69838823,-0.9,,108815816,901,,,1
2017-12-13,4952,凌通,twse,54.60,57.20,54.60,55.50,5381590,301961260,2.6,,108815816,3650,,,1
2017-12-14,4952,凌通,twse,56.70,57.20,55.20,55.30,3320448,186974964,-0.2,,108815816,2173,,,1
2017-12-15,4952,凌通,twse,55.50,55.60,53.80,54.60,1406272,76492049,-0.7,,108815816,899,,,1
2017-12-18,4952,凌通,twse,54.90,54.90,53.90,54.00,857200,46559300,-0.6,,108815816,580,,,1
2017-12-19,4952,凌通,twse,54.90,54.90,52.80,52.80,1208516,65115298,-1.2,,108815816,775,,,1
2017-12-20,4952,凌通,twse,52.80,54.90,52.60,54.90,1132565,61026305,2.1,,108815816,723,,,1
2017-12-21,4952,凌通,twse,54.90,54.90,53.50,54.00,1435065,77697910,-0.9,,108815816,923,,,1
2017-12-22,4952,凌通,twse,54.10,54.80,53.60,53.60,1044160,56503240,-0.4,,108815816,693,,,1
2017-12-25,4952,凌通,twse,54.20,54.70,53.40,53.50,1021489,55108106,-0.1,,108815816,647,,,1
2017-12-26,4952,凌通,twse,53.90,53.90,51.80,51.90,966440,50511311,-1.6,,108815816,678,,,1
2017-12-27,4952,凌通,twse,52.00,52.80,51.80,52.10,575100,30037550,0.2,,108815816,438,,,1
2017-12-28,4952,凌通,twse,52.60,54.60,52.50,53.70,1914370,103104291,1.6,,108815816,1280,,,1
2017-12-29,4952,凌通,twse,53.90,54.30,53.20,53.90,602500,32296050,0.2,,108815816,426,,,1
2018-01-02,4952,凌通,twse,54.00,54.50,53.30,54.50,855400,46258700,0.6,,108815816,508,,,1
2018-01-03,4952,凌通,twse,54.90,55.70,54.60,54.70,1795000,98920500,0.2,,108815816,1127,,,1
2018-01-04,4952,凌通,twse,54.70,55.60,54.00,55.60,1626570,89622806,0.9,,108815816,1107,,,1
2018-01-05,4952,凌通,twse,55.90,56.30,54.60,55.00,1177505,65152700,-0.6,,108815816,768,,,1
2018-01-08,4952,凌通,twse,55.70,55.70,53.30,53.50,1022510,55425840,-1.5,,108815816,652,,,1
2018-01-09,4952,凌通,twse,53.00,53.40,51.10,51.50,1814300,94528990,-2.0,,108815816,1274,,,1
2018-01-10,4952,凌通,twse,51.50,51.90,50.60,50.90,1213250,61996775,-0.6,,108815816,798,,,1
2018-01-11,4952,凌通,twse,50.90,51.60,50.90,51.10,513200,26262300,0.2,,108815816,384,,,1
2018-01-12,4952,凌通,twse,51.60,52.50,51.40,52.00,583290,30298309,0.9,,108815816,407,,,1
2018-01-15,4952,凌通,twse,52.30,52.90,51.30,52.80,856380,44658340,0.8,,108815816,539,,,1
2018-01-16,4952,凌通,twse,52.80,53.00,52.20,52.80,790250,41681675,0.0,,108815816,508,,,1
2018-01-17,4952,凌通,twse,52.00,52.20,51.40,52.00,939000,48659200,-0.8,,108815816,653,,,1
2018-01-18,4952,凌通,twse,52.30,52.40,51.50,51.70,884000,45778300,-0.3,,108815816,534,,,1
2018-01-19,4952,凌通,twse,52.00,52.50,51.70,52.30,1426116,74432966,0.6,,108815816,842,,,1
2018-01-22,4952,凌通,twse,52.30,52.30,51.30,51.80,1221010,63125324,-0.5,,108815816,858,,,1
2018-01-23,4952,凌通,twse,51.90,52.30,51.30,51.30,1040500,53846700,-0.5,,108815816,655,,,1
2018-01-24,4952,凌通,twse,51.60,51.80,51.10,51.40,455000,23422300,0.1,,108815816,328,,,1
2018-01-25,4952,凌通,twse,51.30,52.10,51.20,51.20,628567,32443942,-0.2,,108815816,422,,,1
2018-01-26,4952,凌通,twse,51.40,51.50,51.00,51.00,632050,32332300,-0.2,,108815816,422,,,1
2018-01-29,4952,凌通,twse,51.90,54.80,51.50,54.80,3408744,181573837,3.8,,108815816,2186,,,1
2018-01-30,4952,凌通,twse,54.00,54.40,52.20,52.30,2284300,121833180,-2.5,,108815816,1535,,,1
2018-01-31,4952,凌通,twse,51.50,53.10,51.30,52.10,1110711,58016143,-0.2,,108815816,744,,,1
2018-02-01,4952,凌通,twse,53.00,53.80,51.70,52.00,1024100,54036210,-0.1,,108815816,708,,,1
2018-02-02,4952,凌通,twse,51.70,52.40,51.70,51.90,318001,16545052,-0.1,,108815816,230,,,1
2018-02-05,4952,凌通,twse,48.60,50.70,48.60,50.40,891000,44389050,-1.5,,108815816,717,,,1
2018-02-06,4952,凌通,twse,48.60,49.75,45.40,46.25,2980395,139059617,-4.15,,108815816,1678,,,1
2018-02-07,4952,凌通,twse,47.30,48.20,45.80,46.25,1098496,51918862,0.0,,108815816,821,,,1
2018-02-08,4952,凌通,twse,46.60,46.60,45.50,46.00,651600,29887250,-0.25,,108815816,456,,,1
2018-02-09,4952,凌通,twse,43.00,45.20,43.00,45.00,882500,38830024,-1.0,,108815816,591,,,1
2018-02-12,4952,凌通,twse,45.55,46.00,45.05,45.45,566441,25736886,0.45,,108815816,383,,,1
2018-02-21,4952,凌通,twse,46.80,47.50,46.50,47.25,588024,27686147,1.8,,108815816,428,,,1
2018-02-22,4952,凌通,twse,47.25,48.00,46.50,47.70,473000,22518900,0.45,,108815816,343,,,1
2018-02-23,4952,凌通,twse,48.00,48.60,48.00,48.35,597000,28778500,0.65,,108815816,413,,,1
2018-02-26,4952,凌通,twse,50.00,52.30,49.80,50.80,3821160,196498263,2.45,,108815816,2526,,,1
2018-02-27,4952,凌通,twse,51.70,51.90,50.00,50.00,1096100,55630850,-0.8,,108815816,783,,,1
2018-03-01,4952,凌通,twse,50.00,51.70,49.50,51.30,957715,48785929,1.3,,108815816,693,,,1
2018-03-02,4952,凌通,twse,51.20,51.30,50.50,50.80,784115,39977399,-0.5,,108815816,523,,,1
2018-03-05,4952,凌通,twse,51.70,51.90,51.00,51.00,1281111,65948416,0.2,,108815816,890,,,1
2018-03-06,4952,凌通,twse,52.40,52.80,51.40,51.40,1051000,54468400,0.4,,108815816,651,,,1
2018-03-07,4952,凌通,twse,51.10,51.50,50.10,50.20,690069,35019046,-1.2,,108815816,458,,,1
2018-03-08,4952,凌通,twse,49.15,50.60,49.15,50.20,964097,48287427,0.0,,108815816,546,,,1
2018-03-09,4952,凌通,twse,50.50,50.60,50.00,50.30,329332,16538166,0.1,,108815816,234,,,1
2018-03-12,4952,凌通,twse,50.40,50.90,50.30,50.30,421320,21272093,0.0,,108815816,301,,,1
2018-03-13,4952,凌通,twse,50.70,50.90,50.20,50.60,434000,21929600,0.3,,108815816,308,,,1
2018-03-14,4952,凌通,twse,50.60,51.30,50.30,50.90,307100,15596600,0.3,,108815816,242,,,1
2018-03-15,4952,凌通,twse,50.90,52.20,50.50,52.20,1243100,64318030,1.3,,108815816,785,,,1
2018-03-16,4952,凌通,twse,52.60,52.70,51.00,51.00,1333200,69158960,-1.2,,108815816,906,,,1
2018-03-19,4952,凌通,twse,51.10,51.30,50.60,50.80,264000,13451000,-0.2,,108815816,175,,,1
2018-03-20,4952,凌通,twse,50.40,51.00,50.40,50.70,351000,17773100,-0.1,,108815816,201,,,1
2018-03-21,4952,凌通,twse,50.70,51.20,50.70,51.20,313181,15973665,0.5,,108815816,229,,,1
2018-03-22,4952,凌通,twse,51.30,51.30,50.20,50.20,632000,32110400,-1.0,,108815816,388,,,1
2018-03-23,4952,凌通,twse,49.00,49.60,48.50,49.00,867005,42479350,-1.2,,108815816,486,,,1
2018-03-26,4952,凌通,twse,49.10,49.40,48.65,49.15,436161,21403312,0.15,,108815816,327,,,1
2018-03-27,4952,凌通,twse,49.65,50.20,49.60,50.20,358000,17850300,1.05,,108815816,215,,,1
2018-03-28,4952,凌通,twse,50.30,50.30,49.10,49.10,344000,17040750,-1.1,,108815816,287,,,1
2018-03-29,4952,凌通,twse,49.60,49.60,48.70,48.95,269500,13236150,-0.15,,108815816,189,,,1
2018-03-30,4952,凌通,twse,49.30,49.90,49.10,49.20,409000,20220700,0.25,,108815816,287,,,1
2018-03-31,4952,凌通,twse,49.20,49.55,48.90,49.05,169000,8306450,-0.15,,108815816,123,,,1
2018-04-02,4952,凌通,twse,49.00,49.40,48.85,48.90,361000,17677200,-0.15,,108815816,216,,,1
2018-04-03,4952,凌通,twse,48.50,48.50,47.65,47.75,547530,26226590,-1.15,,108815816,360,,,1
2018-04-09,4952,凌通,twse,47.55,47.75,46.65,46.70,488928,22936570,-1.05,,108815816,340,,,1
2018-04-10,4952,凌通,twse,46.70,47.05,46.00,46.15,547085,25368653,-0.55,,108815816,355,,,1
2018-04-11,4952,凌通,twse,46.50,47.30,46.45,46.95,490400,22997369,0.8,,108815816,282,,,1
2018-04-12,4952,凌通,twse,47.00,47.60,47.00,47.45,313000,14808750,0.5,,108815816,226,,,1
2018-04-13,4952,凌通,twse,47.50,48.10,47.20,47.20,274100,13046870,-0.25,,108815816,198,,,1
2018-04-16,4952,凌通,twse,47.20,47.20,46.35,46.45,425009,19807665,-0.75,,108815816,256,,,1
2018-04-17,4952,凌通,twse,46.50,46.50,45.90,46.10,535305,24727099,-0.35,,108815816,326,,,1
2018-04-18,4952,凌通,twse,46.40,46.80,45.20,46.05,485587,22381233,-0.05,,108815816,283,,,1
2018-04-19,4952,凌通,twse,46.60,46.60,46.00,46.10,463000,21422750,0.05,,108815816,248,,,1
2018-04-20,4952,凌通,twse,46.40,46.40,45.70,46.00,464290,21364540,-0.1,,108815816,271,,,1
2018-04-23,4952,凌通,twse,45.70,46.10,45.05,45.05,561100,25421730,-0.95,,108815816,320,,,1
2018-04-24,4952,凌通,twse,45.10,45.10,42.50,42.90,747594,32341192,-2.15,,108815816,477,,,1
2018-04-25,4952,凌通,twse,42.30,43.50,42.30,43.40,370400,15895740,0.5,,108815816,287,,,1
2018-04-26,4952,凌通,twse,43.75,43.75,42.00,42.20,507132,21552923,-1.2,,108815816,323,,,1
2018-04-27,4952,凌通,twse,42.35,42.60,41.80,42.20,308071,12950803,0.0,,108815816,244,,,1
2018-04-30,4952,凌通,twse,42.20,42.80,42.20,42.80,224033,9516862,0.6,,108815816,123,,,1
2018-05-02,4952,凌通,twse,42.80,42.90,42.40,42.70,192038,8185437,-0.1,,108815816,132,,,1
2018-05-03,4952,凌通,twse,42.80,42.80,42.30,42.30,251000,10651000,-0.4,,108815816,177,,,1
2018-05-04,4952,凌通,twse,43.20,43.35,42.80,43.00,221408,9533544,0.7,,108815816,185,,,1
2018-05-07,4952,凌通,twse,43.50,43.75,43.40,43.70,237000,10317550,0.7,,108815816,151,,,1
2018-05-08,4952,凌通,twse,43.70,44.30,43.50,43.95,146123,6420448,0.25,,108815816,123,,,1
2018-05-09,4952,凌通,twse,43.90,44.05,43.35,43.35,230900,10102775,-0.6,,108815816,163,,,1
2018-05-10,4952,凌通,twse,43.35,43.90,43.35,43.85,147060,6415902,0.5,,108815816,102,,,1
2018-05-11,4952,凌通,twse,44.00,44.05,43.10,43.10,329030,14286123,-0.75,,108815816,247,,,1
2018-05-14,4952,凌通,twse,43.10,43.35,42.70,43.00,277110,11882612,-0.1,,108815816,168,,,1
2018-05-15,4952,凌通,twse,43.00,43.00,42.40,42.40,304100,12949364,-0.6,,108815816,194,,,1
2018-05-16,4952,凌通,twse,42.40,43.30,42.40,43.20,269000,11578400,0.8,,108815816,195,,,1
2018-05-17,4952,凌通,twse,43.40,43.45,42.85,42.95,205150,8835065,-0.25,,108815816,125,,,1
2018-05-18,4952,凌通,twse,43.20,43.60,42.90,43.00,187000,8055700,0.05,,108815816,130,,,1
2018-05-21,4952,凌通,twse,43.20,44.80,43.20,44.30,444398,19551056,1.3,,108815816,322,,,1
2018-05-22,4952,凌通,twse,45.20,45.30,44.70,44.80,783023,35184458,0.5,,108815816,531,,,1
2018-05-23,4952,凌通,twse,45.00,45.10,44.30,44.40,424130,18922573,-0.4,,108815816,307,,,1
2018-05-24,4952,凌通,twse,44.50,45.75,44.50,45.65,687000,31068350,1.25,,108815816,424,,,1
2018-05-25,4952,凌通,twse,45.85,46.00,45.10,45.45,332003,15102888,-0.2,,108815816,207,,,1
2018-05-28,4952,凌通,twse,45.55,46.10,45.25,46.05,441050,20165105,0.6,,108815816,265,,,1
2018-05-29,4952,凌通,twse,45.85,46.15,45.50,45.50,289040,13212582,-0.55,,108815816,178,,,1
2018-05-30,4952,凌通,twse,45.00,45.25,44.80,45.10,191395,8613225,-0.4,,108815816,124,,,1
2018-05-31,4952,凌通,twse,45.10,47.20,45.10,45.95,639000,29550350,0.85,,108815816,406,,,1
2018-06-01,4952,凌通,twse,45.95,46.70,45.60,45.60,395000,18200350,-0.35,,108815816,259,,,1
2018-06-04,4952,凌通,twse,45.80,46.20,45.70,45.95,208150,9560502,0.35,,108815816,163,,,1
2018-06-05,4952,凌通,twse,46.20,46.80,45.80,45.80,284000,13123200,-0.15,,108815816,201,,,1
2018-06-06,4952,凌通,twse,45.90,46.30,45.80,46.20,287000,13210150,0.4,,108815816,220,,,1
2018-06-07,4952,凌通,twse,46.70,46.70,45.90,45.95,254378,11749967,-0.25,,108815816,172,,,1
2018-06-08,4952,凌通,twse,46.00,46.00,45.00,45.05,426000,19286650,-0.9,,108815816,313,,,1
2018-06-11,4952,凌通,twse,44.80,45.00,44.25,44.60,311000,13853150,-0.45,,108815816,214,,,1
2018-06-12,4952,凌通,twse,45.00,45.65,44.60,45.20,389040,17539446,0.6,,108815816,282,,,1
2018-06-13,4952,凌通,twse,44.95,45.70,44.95,45.65,310400,14091240,0.45,,108815816,187,,,1
2018-06-14,4952,凌通,twse,45.65,45.65,44.70,44.70,372000,16747850,-0.95,,108815816,284,,,1
2018-06-15,4952,凌通,twse,45.00,45.15,44.30,44.30,263000,11699600,-0.4,,108815816,221,,,1
2018-06-19,4952,凌通,twse,44.30,44.30,43.45,43.45,202000,8812800,-0.85,,108815816,166,,,1
2018-06-20,4952,凌通,twse,43.65,43.65,42.80,43.20,289043,12453752,-0.25,,108815816,174,,,1
2018-06-21,4952,凌通,twse,43.80,43.85,43.25,43.55,148925,6479186,0.35,,108815816,108,,,1
2018-06-22,4952,凌通,twse,43.60,43.90,43.25,43.50,169118,7356568,-0.05,,108815816,115,,,1
2018-06-25,4952,凌通,twse,43.60,43.60,43.00,43.05,233000,10038900,-0.45,,108815816,146,,,1
2018-06-26,4952,凌通,twse,43.00,43.00,42.25,42.50,229000,9725900,-0.55,,108815816,162,,,1
2018-06-27,4952,凌通,twse,42.65,43.30,42.65,42.70,218100,9350440,0.2,,108815816,153,,,1
2018-06-28,4952,凌通,twse,42.35,42.70,42.30,42.30,179000,7592350,-0.4,,108815816,118,,,1
2018-06-29,4952,凌通,twse,42.55,42.80,42.50,42.80,173050,7382591,0.5,,108815816,110,,,1
2018-07-02,4952,凌通,twse,42.80,43.30,42.70,42.80,242006,10404470,0.0,,108815816,148,,,1
2018-07-03,4952,凌通,twse,43.00,43.05,42.10,42.10,274000,11636650,-0.7,,108815816,204,,,1
2018-07-04,4952,凌通,twse,41.75,41.90,41.40,41.45,528100,21984710,-0.65,,108815816,270,,,1
2018-07-05,4952,凌通,twse,41.35,41.80,40.80,40.90,577180,23819674,-0.55,,108815816,294,,,1
2018-07-06,4952,凌通,twse,41.20,41.30,40.55,40.80,826080,33736793,-0.1,,108815816,398,,,1
2018-07-09,4952,凌通,twse,38.00,38.45,37.90,38.30,622468,23704588,0.0,,108815816,243,,,1
2018-07-10,4952,凌通,twse,37.60,37.70,37.20,37.40,464000,17354750,-0.9,,108815816,349,,,1
2018-07-11,4952,凌通,twse,37.40,37.40,37.05,37.10,181500,6742149,-0.3,,108815816,131,,,1
2018-07-12,4952,凌通,twse,37.30,37.65,37.10,37.50,128000,4800800,0.4,,108815816,95,,,1
2018-07-13,4952,凌通,twse,37.85,38.20,37.70,38.10,116020,4407080,0.6,,108815816,88,,,1
2018-07-16,4952,凌通,twse,38.30,39.00,38.30,38.50,158250,6089025,0.4,,108815816,118,,,1
2018-07-17,4952,凌通,twse,38.55,38.55,37.90,37.90,179000,6821650,-0.6,,108815816,129,,,1
2018-07-18,4952,凌通,twse,37.75,38.35,37.70,37.85,111020,4214662,-0.05,,108815816,81,,,1
2018-07-19,4952,凌通,twse,38.00,38.00,37.65,37.65,205000,7747700,-0.2,,108815816,121,,,1
2018-07-20,4952,凌通,twse,37.90,38.25,37.25,37.25,223000,8381050,-0.4,,108815816,145,,,1
2018-07-23,4952,凌通,twse,37.25,37.25,36.70,36.75,333004,12310054,-0.5,,108815816,198,,,1
2018-07-24,4952,凌通,twse,36.75,37.30,36.75,37.10,268000,9900600,0.35,,108815816,154,,,1
2018-07-25,4952,凌通,twse,37.30,37.70,37.30,37.55,158000,5935750,0.45,,108815816,124,,,1
2018-07-26,4952,凌通,twse,37.75,38.10,37.75,37.90,160000,6067350,0.35,,108815816,128,,,1
2018-07-27,4952,凌通,twse,38.00,38.20,37.90,38.15,159330,6063807,0.25,,108815816,122,,,1
2018-07-30,4952,凌通,twse,38.30,38.30,38.00,38.00,133229,5082620,-0.15,,108815816,107,,,1
2018-07-31,4952,凌通,twse,37.90,38.30,37.80,38.05,85000,3232500,0.05,,108815816,64,,,1
2018-08-01,4952,凌通,twse,38.25,40.90,38.10,40.05,994100,39335795,2.0,,108815816,679,,,1
2018-08-02,4952,凌通,twse,40.20,40.25,39.00,39.10,502050,19825452,-0.95,,108815816,341,,,1
2018-08-03,4952,凌通,twse,39.15,39.45,38.10,39.35,243000,9465450,0.25,,108815816,179,,,1
2018-08-06,4952,凌通,twse,39.25,39.80,39.10,39.55,148522,5857602,0.2,,108815816,109,,,1
2018-08-07,4952,凌通,twse,39.60,39.60,38.95,39.00,154000,6015000,-0.55,,108815816,116,,,1
2018-08-08,4952,凌通,twse,39.25,39.30,39.00,39.00,93500,3653799,0.0,,108815816,70,,,1
2018-08-09,4952,凌通,twse,39.00,39.05,38.50,38.75,132000,5114600,-0.25,,108815816,101,,,1
2018-08-10,4952,凌通,twse,38.80,39.20,38.80,38.90,96000,3740050,0.15,,108815816,71,,,1
2018-08-13,4952,凌通,twse,38.90,38.90,37.20,38.05,300050,11357245,-0.85,,108815816,238,,,1
2018-08-14,4952,凌通,twse,38.00,38.25,37.45,38.25,234020,8830930,0.2,,108815816,163,,,1
2018-08-15,4952,凌通,twse,38.10,38.15,37.35,37.40,260000,9748200,-0.85,,108815816,168,,,1
2018-08-16,4952,凌通,twse,37.00,37.75,37.00,37.75,163000,6095850,0.35,,108815816,139,,,1
2018-08-17,4952,凌通,twse,38.00,38.15,37.50,37.50,158500,6005400,-0.25,,108815816,107,,,1
2018-08-20,4952,凌通,twse,37.50,37.60,36.90,37.05,164000,6111350,-0.45,,108815816,112,,,1
2018-08-21,4952,凌通,twse,37.50,37.50,37.00,37.15,112052,4164328,0.1,,108815816,92,,,1
2018-08-22,4952,凌通,twse,37.10,37.15,36.90,37.00,102000,3778050,-0.15,,108815816,80,,,1
2018-08-23,4952,凌通,twse,37.00,37.15,36.85,37.15,150400,5565990,0.15,,108815816,115,,,1
2018-08-24,4952,凌通,twse,37.15,37.15,36.80,36.80,125000,4608500,-0.35,,108815816,92,,,1
2018-08-27,4952,凌通,twse,37.00,37.60,37.00,37.50,108000,4032700,0.7,,108815816,79,,,1
2018-08-28,4952,凌通,twse,37.65,38.10,37.60,37.70,166000,6267100,0.2,,108815816,145,,,1
2018-08-29,4952,凌通,twse,37.50,37.80,37.45,37.70,79101,2976286,0.0,,108815816,60,,,1
2018-08-30,4952,凌通,twse,37.50,37.75,37.40,37.60,91100,3419825,-0.1,,108815816,79,,,1
2018-08-31,4952,凌通,twse,37.60,37.60,37.20,37.30,102200,3809150,-0.3,,108815816,86,,,1
2018-09-03,4952,凌通,twse,37.40,37.40,36.75,36.75,168000,6225100,-0.55,,108815816,115,,,1
2018-09-04,4952,凌通,twse,36.95,37.00,36.80,36.95,80300,2963500,0.2,,108815816,55,,,1
2018-09-05,4952,凌通,twse,36.90,37.10,36.60,36.70,120300,4429450,-0.25,,108815816,79,,,1
2018-09-06,4952,凌通,twse,36.95,36.95,36.75,36.95,99000,3645350,0.25,,108815816,74,,,1
2018-09-07,4952,凌通,twse,36.95,36.95,35.25,35.30,423350,15196255,-1.65,,108815816,292,,,1
2018-09-10,4952,凌通,twse,35.30,35.75,33.00,33.20,507000,17197992,-2.1,,108815816,371,,,1
2018-09-11,4952,凌通,twse,33.30,33.75,33.30,33.40,321420,10771326,0.2,,108815816,223,,,1
2018-09-12,4952,凌通,twse,33.50,33.55,33.20,33.40,184120,6131719,0.0,,108815816,151,,,1
2018-09-13,4952,凌通,twse,33.30,34.00,33.30,33.80,129000,4363000,0.4,,108815816,112,,,1
2018-09-14,4952,凌通,twse,33.95,34.80,33.90,34.50,195410,6739300,0.7,,108815816,146,,,1
2018-09-17,4952,凌通,twse,34.65,34.65,34.25,34.30,49210,1691655,-0.2,,108815816,39,,,1
2018-09-18,4952,凌通,twse,34.35,34.80,34.35,34.70,340523,11752445,0.4,,108815816,102,,,1
2018-09-19,4952,凌通,twse,34.50,35.95,34.40,35.75,446150,15610207,1.05,,108815816,177,,,1
2018-09-20,4952,凌通,twse,35.50,35.80,35.00,35.00,105300,3717800,-0.75,,108815816,90,,,1
2018-09-21,4952,凌通,twse,35.20,35.40,34.70,34.70,72000,2520900,-0.3,,108815816,59,,,1
2018-09-25,4952,凌通,twse,34.70,34.80,34.00,34.30,103000,3534500,-0.4,,108815816,81,,,1
2018-09-26,4952,凌通,twse,34.35,34.50,34.10,34.20,93000,3193750,-0.1,,108815816,77,,,1
2018-09-27,4952,凌通,twse,34.20,34.30,33.85,33.90,97000,3298800,-0.3,,108815816,72,,,1
2018-09-28,4952,凌通,twse,34.05,34.15,33.90,33.90,107050,3635700,0.0,,108815816,76,,,1
2018-10-01,4952,凌通,twse,33.95,34.45,33.80,34.45,81000,2763350,0.55,,108815816,64,,,1
2018-10-02,4952,凌通,twse,34.45,34.45,34.05,34.05,80000,2732350,-0.4,,108815816,57,,,1
2018-10-03,4952,凌通,twse,34.00,34.05,33.80,33.85,95000,3220850,-0.2,,108815816,72,,,1
2018-10-04,4952,凌通,twse,33.85,33.85,33.40,33.50,107001,3589134,-0.35,,108815816,85,,,1
2018-10-05,4952,凌通,twse,33.20,33.30,31.50,32.10,448049,14519550,-1.4,,108815816,285,,,1
2018-10-08,4952,凌通,twse,32.05,32.10,31.50,31.65,243008,7686358,-0.45,,108815816,175,,,1
2018-10-09,4952,凌通,twse,31.65,31.65,30.55,30.70,398789,12301709,-0.95,,108815816,284,,,1
2018-10-11,4952,凌通,twse,28.40,29.00,27.65,27.65,1140004,31739312,-3.05,,108815816,637,,,1
2018-10-12,4952,凌通,twse,27.45,28.45,27.05,28.30,337000,9402200,0.65,,108815816,230,,,1
2018-10-15,4952,凌通,twse,28.90,29.25,28.35,29.15,364155,10531976,0.85,,108815816,237,,,1
2018-10-16,4952,凌通,twse,29.15,30.20,29.15,30.05,321200,9578900,0.9,,108815816,219,,,1
2018-10-17,4952,凌通,twse,30.40,30.95,30.10,30.25,258000,7883900,0.2,,108815816,201,,,1
2018-10-18,4952,凌通,twse,30.30,30.50,30.25,30.45,125000,3799050,0.2,,108815816,73,,,1
2018-10-19,4952,凌通,twse,30.00,30.30,29.45,30.30,206037,6142534,-0.15,,108815816,129,,,1
2018-10-22,4952,凌通,twse,30.30,30.75,30.05,30.65,39000,1185700,0.35,,108815816,36,,,1
2018-10-23,4952,凌通,twse,30.60,30.75,30.10,30.20,103000,3124300,-0.45,,108815816,64,,,1
2018-10-24,4952,凌通,twse,29.80,30.20,29.65,30.20,93000,2780950,0.0,,108815816,67,,,1
2018-10-25,4952,凌通,twse,29.15,29.20,28.85,28.90,249106,7237782,-1.3,,108815816,181,,,1
2018-10-26,4952,凌通,twse,29.00,29.45,28.50,28.55,131050,3766405,-0.35,,108815816,91,,,1
2018-10-29,4952,凌通,twse,28.65,29.00,28.40,28.70,65000,1860200,0.15,,108815816,57,,,1
2018-10-30,4952,凌通,twse,28.60,29.20,28.60,28.85,456000,13241550,0.15,,108815816,134,,,1
2018-10-31,4952,凌通,twse,29.30,29.70,29.30,29.55,109000,3210800,0.7,,108815816,84,,,1
2018-11-01,4952,凌通,twse,29.75,30.20,29.75,30.00,125000,3754750,0.45,,108815816,111,,,1
2018-11-02,4952,凌通,twse,30.30,30.75,30.10,30.35,155000,4719650,0.35,,108815816,129,,,1
2018-11-05,4952,凌通,twse,30.45,30.45,29.95,30.10,97000,2927300,-0.25,,108815816,73,,,1
2018-11-06,4952,凌通,twse,30.15,30.35,29.00,29.20,169000,4980850,-0.9,,108815816,124,,,1
2018-11-07,4952,凌通,twse,29.55,30.45,29.55,30.30,656132,19856737,1.1,,108815816,162,,,1
2018-11-08,4952,凌通,twse,30.90,30.90,30.35,30.35,181110,5551142,0.05,,108815816,117,,,1
2018-11-09,4952,凌通,twse,30.50,30.50,30.05,30.35,75000,2270850,0.0,,108815816,56,,,1
2018-11-12,4952,凌通,twse,30.50,30.60,30.35,30.35,46350,1409950,0.0,,108815816,44,,,1
2018-11-13,4952,凌通,twse,29.30,30.20,29.30,30.00,71000,2119900,-0.35,,108815816,60,,,1
2018-11-14,4952,凌通,twse,30.10,30.45,30.10,30.15,62000,1878350,0.15,,108815816,55,,,1
2018-11-15,4952,凌通,twse,30.20,30.50,30.05,30.20,122500,3706198,0.05,,108815816,80,,,1
2018-11-16,4952,凌通,twse,30.40,30.60,30.40,30.40,102000,3111300,0.2,,108815816,81,,,1
2018-11-19,4952,凌通,twse,30.75,31.30,30.75,31.20,202000,6283100,0.8,,108815816,156,,,1
2018-11-20,4952,凌通,twse,31.40,31.40,31.00,31.05,181000,5645850,-0.15,,108815816,120,,,1
2018-11-21,4952,凌通,twse,30.70,31.05,30.60,30.90,66000,2035700,-0.15,,108815816,55,,,1
2018-11-22,4952,凌通,twse,30.90,30.90,30.55,30.60,208010,6384309,-0.3,,108815816,149,,,1
2018-11-23,4952,凌通,twse,30.60,30.60,30.10,30.40,115000,3482750,-0.2,,108815816,98,,,1
2018-11-26,4952,凌通,twse,30.40,30.75,30.15,30.30,103400,3149279,-0.1,,108815816,81,,,1
2018-11-27,4952,凌通,twse,30.65,30.65,30.20,30.60,158000,4801000,0.3,,108815816,84,,,1
2018-11-28,4952,凌通,twse,30.75,31.60,30.75,31.60,214144,6685978,1.0,,108815816,165,,,1
2018-11-29,4952,凌通,twse,32.15,32.15,31.60,31.60,220100,6978100,0.0,,108815816,141,,,1
2018-11-30,4952,凌通,twse,31.95,32.65,31.90,32.50,269135,8699032,0.9,,108815816,197,,,1
2018-12-03,4952,凌通,twse,33.15,33.60,32.75,33.50,398210,13269690,1.0,,108815816,233,,,1
2018-12-04,4952,凌通,twse,33.30,33.30,33.10,33.30,159120,5284568,-0.2,,108815816,101,,,1
2018-12-05,4952,凌通,twse,32.80,32.80,32.05,32.40,138010,4466689,-0.9,,108815816,100,,,1
2018-12-06,4952,凌通,twse,32.40,32.40,31.10,31.25,269100,8485800,-1.15,,108815816,191,,,1
2018-12-07,4952,凌通,twse,31.25,31.60,31.25,31.40,83000,2603650,0.15,,108815816,56,,,1
2018-12-10,4952,凌通,twse,31.35,31.35,30.05,30.35,180000,5496750,-1.05,,108815816,107,,,1
2018-12-11,4952,凌通,twse,30.90,30.90,30.40,30.70,65300,1997269,0.35,,108815816,49,,,1
2018-12-12,4952,凌通,twse,30.80,31.20,30.80,31.15,71000,2206100,0.45,,108815816,56,,,1
2018-12-13,4952,凌通,twse,31.30,31.30,31.00,31.05,93300,2905900,-0.1,,108815816,56,,,1
2018-12-14,4952,凌通,twse,31.00,31.00,30.60,30.95,79000,2435400,-0.1,,108815816,61,,,1
2018-12-17,4952,凌通,twse,31.20,31.20,30.65,30.70,81000,2493150,-0.25,,108815816,64,,,1
2018-12-18,4952,凌通,twse,30.50,30.60,30.30,30.30,52000,1582150,-0.4,,108815816,44,,,1
2018-12-19,4952,凌通,twse,30.40,30.45,30.30,30.35,82327,2500287,0.05,,108815816,60,,,1
2018-12-20,4952,凌通,twse,30.10,30.20,29.65,29.75,174132,5210789,-0.6,,108815816,137,,,1
2018-12-21,4952,凌通,twse,29.55,29.90,29.40,29.90,111000,3284400,0.15,,108815816,70,,,1
2018-12-22,4952,凌通,twse,29.80,30.00,29.80,29.80,54332,1622542,-0.1,,108815816,39,,,1
2018-12-24,4952,凌通,twse,29.85,30.05,29.80,30.05,61000,1825900,0.25,,108815816,34,,,1
2018-12-25,4952,凌通,twse,30.15,30.15,29.80,29.90,85000,2542200,-0.15,,108815816,64,,,1
2018-12-26,4952,凌通,twse,30.00,30.20,29.70,29.80,75000,2244400,-0.1,,108815816,55,,,1
2018-12-27,4952,凌通,twse,30.20,30.55,29.85,30.10,334100,10117350,0.3,,108815816,103,,,1
2018-12-28,4952,凌通,twse,30.05,30.25,30.00,30.05,65000,1956200,-0.05,,108815816,36,,,1
2019-01-02,4952,凌通,twse,30.10,30.10,29.75,29.75,86003,2567940,-0.3,,108815816,64,,,1
2019-01-03,4952,凌通,twse,29.75,29.75,29.40,29.45,63020,1861500,-0.3,,108815816,51,,,1
2019-01-04,4952,凌通,twse,29.45,29.45,28.55,29.15,190000,5501200,-0.3,,108815816,144,,,1
2019-01-07,4952,凌通,twse,29.80,29.80,29.50,29.75,57000,1690900,0.6,,108815816,41,,,1
2019-01-08,4952,凌通,twse,29.90,29.90,29.70,29.75,46034,1370754,0.0,,108815816,36,,,1
2019-01-09,4952,凌通,twse,29.90,31.80,29.80,30.60,516000,15965400,0.85,,108815816,357,,,1
2019-01-10,4952,凌通,twse,30.75,30.75,30.25,30.35,149000,4532800,-0.25,,108815816,106,,,1
2019-01-11,4952,凌通,twse,30.50,30.60,30.10,30.30,96441,2922521,-0.05,,108815816,74,,,1
2019-01-14,4952,凌通,twse,30.30,30.30,29.85,30.00,85300,2558840,-0.3,,108815816,68,,,1
2019-01-15,4952,凌通,twse,30.00,30.20,30.00,30.05,67000,2015000,0.05,,108815816,46,,,1
2019-01-16,4952,凌通,twse,30.10,31.30,30.10,31.10,320001,9839231,1.05,,108815816,220,,,1
2019-01-17,4952,凌通,twse,31.30,31.45,30.95,30.95,223100,6968700,-0.15,,108815816,175,,,1
2019-01-18,4952,凌通,twse,31.60,34.00,31.60,34.00,3852148,130086182,3.05,,108815816,1871,,,1
2019-01-21,4952,凌通,twse,35.00,35.50,34.15,34.50,3204503,111276101,0.5,,108815816,2077,,,1
2019-01-22,4952,凌通,twse,34.50,34.50,33.55,34.10,607100,20650990,-0.4,,108815816,420,,,1
2019-01-23,4952,凌通,twse,33.75,34.40,33.55,34.20,395000,13469950,0.1,,108815816,294,,,1
2019-01-24,4952,凌通,twse,34.45,34.65,33.85,33.90,404000,13797450,-0.3,,108815816,284,,,1
2019-01-25,4952,凌通,twse,33.95,34.25,33.75,34.00,275500,9346550,0.1,,108815816,188,,,1
2019-01-28,4952,凌通,twse,34.10,34.15,34.00,34.05,232007,7896595,0.05,,108815816,158,,,1
2019-01-29,4952,凌通,twse,34.20,34.80,33.70,34.50,742300,25593950,0.45,,108815816,543,,,1
2019-01-30,4952,凌通,twse,34.75,34.75,34.25,34.40,212772,7313705,-0.1,,108815816,154,,,1
2019-02-11,4952,凌通,twse,34.70,34.70,34.15,34.15,206000,7068750,-0.25,,108815816,145,,,1
2019-02-12,4952,凌通,twse,34.50,36.45,34.20,36.00,760395,27013520,1.85,,108815816,534,,,1
2019-02-13,4952,凌通,twse,36.50,37.95,36.50,36.90,1831100,68372245,0.9,,108815816,1280,,,1
2019-02-14,4952,凌通,twse,37.00,37.20,36.50,36.50,506000,18622500,-0.4,,108815816,359,,,1
2019-02-15,4952,凌通,twse,36.00,36.10,34.50,35.10,1221099,42988233,-1.4,,108815816,806,,,1
2019-02-18,4952,凌通,twse,35.10,36.50,34.70,36.00,783500,28067400,0.9,,108815816,593,,,1
2019-02-19,4952,凌通,twse,36.45,36.45,35.50,35.55,298000,10658800,-0.45,,108815816,221,,,1
2019-02-20,4952,凌通,twse,35.55,35.90,35.15,35.45,299200,10629930,-0.1,,108815816,221,,,1
2019-02-21,4952,凌通,twse,35.70,35.70,35.25,35.35,200055,7078130,-0.1,,108815816,204,,,1
2019-02-22,4952,凌通,twse,35.30,35.30,34.95,35.15,159482,5605902,-0.2,,108815816,173,,,1
2019-02-25,4952,凌通,twse,35.00,35.60,35.00,35.25,224075,7934994,0.1,,108815816,203,,,1
2019-02-26,4952,凌通,twse,35.45,35.70,35.25,35.35,251437,8915334,0.1,,108815816,206,,,1
2019-02-27,4952,凌通,twse,35.50,35.50,35.05,35.15,156191,5496486,-0.2,,108815816,144,,,1
2019-03-04,4952,凌通,twse,35.80,36.10,35.55,35.95,404939,14522534,0.8,,108815816,375,,,1
2019-03-05,4952,凌通,twse,36.15,36.25,35.85,35.85,242080,8716532,-0.1,,108815816,223,,,1
2019-03-06,4952,凌通,twse,35.85,36.05,35.85,36.00,173009,6217926,0.15,,108815816,152,,,1
2019-03-07,4952,凌通,twse,36.00,36.00,35.00,35.00,229151,8114121,-1.0,,108815816,219,,,1
2019-03-08,4952,凌通,twse,35.00,35.35,34.45,35.20,182054,6342390,0.2,,108815816,190,,,1
2019-03-11,4952,凌通,twse,35.10,36.65,35.00,36.00,590100,21275913,0.8,,108815816,444,,,1
2019-03-12,4952,凌通,twse,36.50,36.50,35.70,35.75,253023,9099481,-0.25,,108815816,193,,,1
2019-03-13,4952,凌通,twse,35.75,36.20,35.60,35.85,93646,3354435,0.1,,108815816,72,,,1
2019-03-14,4952,凌通,twse,36.10,36.15,35.55,35.55,168010,5999570,-0.3,,108815816,147,,,1
2019-03-15,4952,凌通,twse,36.00,36.00,35.50,35.50,167947,5979129,-0.05,,108815816,143,,,1
2019-03-18,4952,凌通,twse,35.50,35.95,35.50,35.80,229410,8198670,0.3,,108815816,187,,,1
2019-03-19,4952,凌通,twse,35.95,38.90,35.95,37.90,1903410,71489780,2.1,,108815816,1383,,,1
2019-03-20,4952,凌通,twse,38.25,38.70,37.30,38.00,1936017,73658496,0.1,,108815816,1301,,,1
2019-03-21,4952,凌通,twse,38.25,39.20,37.90,38.25,1682756,65013052,0.25,,108815816,1205,,,1
2019-03-22,4952,凌通,twse,38.75,38.75,37.60,37.65,591352,22501876,-0.6,,108815816,391,,,1
2019-03-25,4952,凌通,twse,37.10,37.10,36.30,36.85,439300,16088957,-0.8,,108815816,340,,,1
2019-03-26,4952,凌通,twse,37.00,37.65,36.60,36.60,311366,11548686,-0.25,,108815816,193,,,1
2019-03-27,4952,凌通,twse,36.90,37.30,36.80,37.25,245002,9065674,0.65,,108815816,168,,,1
2019-03-28,4952,凌通,twse,37.00,37.00,36.50,36.60,207611,7619994,-0.65,,108815816,187,,,1
2019-03-29,4952,凌通,twse,36.65,36.90,36.50,36.60,170592,6246266,0.0,,108815816,124,,,1
2019-04-01,4952,凌通,twse,36.35,36.35,35.80,35.90,437080,15733612,-0.7,,108815816,343,,,1
2019-04-02,4952,凌通,twse,35.95,36.00,35.35,35.40,585062,20787732,-0.5,,108815816,464,,,1
2019-04-03,4952,凌通,twse,35.95,36.45,35.85,36.40,326200,11811157,1.0,,108815816,260,,,1
2019-04-08,4952,凌通,twse,36.80,37.00,36.60,36.85,205618,7566466,0.45,,108815816,162,,,1
2019-04-09,4952,凌通,twse,37.15,37.15,36.30,36.35,256040,9380780,-0.5,,108815816,199,,,1
2019-04-10,4952,凌通,twse,36.20,36.55,35.85,36.10,228005,8228580,-0.25,,108815816,179,,,1
2019-04-11,4952,凌通,twse,36.15,36.40,35.80,35.90,198353,7143894,-0.2,,108815816,132,,,1
2019-04-12,4952,凌通,twse,35.70,35.75,35.35,35.35,271053,9628535,-0.55,,108815816,179,,,1
2019-04-15,4952,凌通,twse,36.75,37.00,36.35,36.40,512200,18799450,1.05,,108815816,378,,,1
2019-04-16,4952,凌通,twse,36.80,36.95,36.25,36.95,370785,13611451,0.55,,108815816,262,,,1
2019-04-17,4952,凌通,twse,37.20,37.20,36.60,36.70,263200,9702718,-0.25,,108815816,187,,,1
2019-04-18,4952,凌通,twse,36.90,36.90,35.75,35.80,366308,13239538,-0.9,,108815816,273,,,1
2019-04-19,4952,凌通,twse,36.15,36.80,36.00,36.80,330000,11984350,1.0,,108815816,216,,,1
2019-04-22,4952,凌通,twse,37.10,37.15,36.55,36.75,258300,9486175,-0.05,,108815816,173,,,1
2019-04-23,4952,凌通,twse,36.95,36.95,36.45,36.70,126086,4623143,-0.05,,108815816,106,,,1
2019-04-24,4952,凌通,twse,36.80,36.90,36.50,36.60,214002,7856123,-0.1,,108815816,151,,,1
2019-04-25,4952,凌通,twse,36.80,37.30,36.80,37.10,395539,14657513,0.5,,108815816,358,,,1
2019-04-26,4952,凌通,twse,37.30,37.30,36.30,36.55,305001,11186687,-0.55,,108815816,208,,,1
2019-04-29,4952,凌通,twse,36.65,36.65,35.65,35.75,292079,10483241,-0.8,,108815816,196,,,1
2019-04-30,4952,凌通,twse,35.60,35.80,35.50,35.80,151000,5387200,0.05,,108815816,106,,,1
2019-05-02,4952,凌通,twse,36.05,36.40,36.05,36.40,180000,6528800,0.6,,108815816,134,,,1
2019-05-03,4952,凌通,twse,36.40,37.00,36.40,36.90,222000,8177300,0.5,,108815816,175,,,1
2019-05-06,4952,凌通,twse,36.85,36.85,35.90,35.90,270001,9767736,-1.0,,108815816,212,,,1
2019-05-07,4952,凌通,twse,36.40,36.40,36.00,36.25,113182,4100961,0.35,,108815816,93,,,1
2019-05-08,4952,凌通,twse,36.00,36.00,35.70,35.85,114000,4091200,-0.4,,108815816,96,,,1
2019-05-09,4952,凌通,twse,36.00,36.00,35.35,35.40,303500,10805474,-0.45,,108815816,206,,,1
2019-05-10,4952,凌通,twse,35.30,35.95,35.05,35.05,277000,9790650,-0.35,,108815816,194,,,1
2019-05-13,4952,凌通,twse,35.30,35.30,34.30,34.30,243000,8422400,-0.75,,108815816,171,,,1
2019-05-14,4952,凌通,twse,33.70,34.30,33.05,34.25,245000,8292800,-0.05,,108815816,161,,,1
2019-05-15,4952,凌通,twse,34.80,35.05,34.60,34.95,168000,5858850,0.7,,108815816,128,,,1
2019-05-16,4952,凌通,twse,35.10,35.10,34.75,34.75,122501,4273659,-0.2,,108815816,81,,,1
2019-05-17,4952,凌通,twse,34.85,34.85,34.10,34.25,213236,7325619,-0.5,,108815816,130,,,1
2019-05-20,4952,凌通,twse,34.20,34.25,33.75,33.80,174000,5907050,-0.45,,108815816,122,,,1
2019-05-21,4952,凌通,twse,33.95,34.30,33.60,34.15,75000,2547700,0.35,,108815816,53,,,1
2019-05-22,4952,凌通,twse,34.15,34.55,34.15,34.35,37000,1272700,0.2,,108815816,30,,,1
2019-05-23,4952,凌通,twse,34.25,34.25,33.70,33.80,114000,3862450,-0.55,,108815816,81,,,1
2019-05-24,4952,凌通,twse,33.85,34.00,33.85,34.00,91000,3086850,0.2,,108815816,60,,,1
2019-05-27,4952,凌通,twse,35.15,35.50,35.00,35.05,445004,15682894,1.05,,108815816,323,,,1
2019-05-28,4952,凌通,twse,35.05,35.20,34.80,35.05,118000,4118300,0.0,,108815816,87,,,1
2019-05-29,4952,凌通,twse,35.00,35.00,34.50,34.75,107000,3709750,-0.3,,108815816,86,,,1
2019-05-30,4952,凌通,twse,34.70,35.40,34.70,35.35,123100,4323790,0.6,,108815816,95,,,1
2019-05-31,4952,凌通,twse,35.40,35.85,35.35,35.50,156001,5546785,0.15,,108815816,107,,,1
2019-06-03,4952,凌通,twse,35.30,35.45,35.00,35.25,94200,3319689,-0.25,,108815816,80,,,1
2019-06-04,4952,凌通,twse,35.70,36.15,35.30,35.35,153002,5454520,0.1,,108815816,99,,,1
2019-06-05,4952,凌通,twse,35.80,35.90,35.30,35.30,61032,2164343,-0.05,,108815816,53,,,1
2019-06-06,4952,凌通,twse,35.20,35.20,34.75,34.85,55000,1921050,-0.45,,108815816,42,,,1
2019-06-10,4952,凌通,twse,35.00,35.05,34.75,34.75,105001,3661385,-0.1,,108815816,74,,,1
2019-06-11,4952,凌通,twse,34.70,35.25,34.60,35.05,70000,2446200,0.3,,108815816,56,,,1
2019-06-12,4952,凌通,twse,34.90,35.10,34.85,35.00,38001,1327585,-0.05,,108815816,33,,,1
2019-06-13,4952,凌通,twse,35.25,35.25,34.85,34.95,37000,1296300,-0.05,,108815816,29,,,1
2019-06-14,4952,凌通,twse,35.10,35.45,34.85,34.90,134000,4697200,-0.05,,108815816,69,,,1
2019-06-17,4952,凌通,twse,35.10,35.10,34.75,35.00,69001,2411435,0.1,,108815816,34,,,1
2019-06-18,4952,凌通,twse,35.15,35.15,34.95,35.10,62000,2171600,0.1,,108815816,44,,,1
2019-06-19,4952,凌通,twse,35.35,35.55,35.25,35.45,127001,4500685,0.35,,108815816,90,,,1
2019-06-20,4952,凌通,twse,35.45,35.90,35.45,35.85,190000,6787500,0.4,,108815816,125,,,1
2019-06-21,4952,凌通,twse,36.10,36.10,35.70,35.85,121000,4342500,0.0,,108815816,90,,,1
2019-06-24,4952,凌通,twse,35.90,35.90,35.70,35.85,87009,3113497,0.0,,108815816,66,,,1
2019-06-25,4952,凌通,twse,36.00,36.00,35.70,35.70,98008,3510615,-0.15,,108815816,66,,,1
2019-06-26,4952,凌通,twse,35.75,35.85,35.70,35.70,102001,3648888,0.0,,108815816,67,,,1
2019-06-27,4952,凌通,twse,35.80,36.10,35.75,36.10,242001,8703236,0.4,,108815816,145,,,1
2019-06-28,4952,凌通,twse,36.10,36.15,36.00,36.10,87000,3136550,0.0,,108815816,53,,,1
2019-07-01,4952,凌通,twse,36.45,36.95,36.45,36.80,388000,14239500,0.7,,108815816,223,,,1
2019-07-02,4952,凌通,twse,37.20,37.20,36.60,36.80,655324,24098470,0.0,,108815816,417,,,1
2019-07-03,4952,凌通,twse,34.55,34.70,34.40,34.50,338000,11668250,0.0,,108815816,244,,,1
2019-07-04,4952,凌通,twse,34.80,34.85,34.45,34.55,182000,6292950,0.05,,108815816,112,,,1
2019-07-05,4952,凌通,twse,34.70,34.70,34.50,34.65,117100,4049290,0.1,,108815816,71,,,1
2019-07-08,4952,凌通,twse,34.65,34.80,34.50,34.65,107200,3712350,0.0,,108815816,71,,,1
2019-07-09,4952,凌通,twse,34.75,34.75,33.90,34.00,399000,13619200,-0.65,,108815816,206,,,1
2019-07-10,4952,凌通,twse,34.35,34.35,33.95,34.00,162082,5519079,0.0,,108815816,106,,,1
2019-07-11,4952,凌通,twse,34.05,34.15,34.00,34.15,109000,3714200,0.15,,108815816,74,,,1
2019-07-12,4952,凌通,twse,34.30,34.55,34.30,34.40,166000,5714200,0.25,,108815816,123,,,1
2019-07-15,4952,凌通,twse,34.45,34.70,34.45,34.70,100000,3458350,0.3,,108815816,72,,,1
2019-07-16,4952,凌通,twse,34.90,34.90,34.75,34.80,101423,3530774,0.1,,108815816,76,,,1
2019-07-17,4952,凌通,twse,34.80,34.80,34.30,34.40,135300,4659300,-0.4,,108815816,84,,,1
2019-07-18,4952,凌通,twse,34.30,34.30,34.15,34.15,115000,3934400,-0.25,,108815816,60,,,1
2019-07-19,4952,凌通,twse,34.30,34.60,34.25,34.60,119000,4094300,0.45,,108815816,72,,,1
2019-07-22,4952,凌通,twse,34.75,34.90,34.45,34.45,271000,9400700,-0.15,,108815816,178,,,1
2019-07-23,4952,凌通,twse,34.80,34.80,34.35,34.45,88000,3035550,0.0,,108815816,66,,,1
2019-07-24,4952,凌通,twse,34.65,35.30,34.60,35.10,690010,24153453,0.65,,108815816,273,,,1
2019-07-25,4952,凌通,twse,35.45,35.55,35.20,35.50,223024,7888454,0.4,,108815816,162,,,1
2019-07-26,4952,凌通,twse,35.75,35.75,35.35,35.55,159000,5661400,0.05,,108815816,131,,,1
2019-07-29,4952,凌通,twse,35.55,35.55,35.00,35.10,146100,5132000,-0.45,,108815816,118,,,1
2019-07-30,4952,凌通,twse,35.45,35.45,34.30,34.45,229000,7917450,-0.65,,108815816,169,,,1
2019-07-31,4952,凌通,twse,34.45,34.45,34.05,34.20,128001,4373834,-0.25,,108815816,75,,,1
2019-08-01,4952,凌通,twse,34.20,34.20,33.85,34.00,155000,5263500,-0.2,,108815816,99,,,1
2019-08-02,4952,凌通,twse,34.00,34.00,33.30,33.40,152008,5085219,-0.6,,108815816,116,,,1
2019-08-05,4952,凌通,twse,33.30,33.30,32.60,32.65,194000,6396200,-0.75,,108815816,139,,,1
2019-08-06,4952,凌通,twse,31.00,32.25,31.00,32.05,116000,3683750,-0.6,,108815816,87,,,1
2019-08-07,4952,凌通,twse,32.45,33.30,32.45,33.20,148000,4871900,1.15,,108815816,122,,,1
2019-08-08,4952,凌通,twse,33.95,33.95,33.55,33.75,141100,4761400,0.55,,108815816,107,,,1
2019-08-12,4952,凌通,twse,33.90,34.40,33.60,34.10,153200,5228600,0.35,,108815816,107,,,1
2019-08-13,4952,凌通,twse,34.50,34.50,33.85,34.00,72000,2447300,-0.1,,108815816,58,,,1
2019-08-14,4952,凌通,twse,34.15,34.40,34.00,34.15,163000,5571100,0.15,,108815816,97,,,1
2019-08-15,4952,凌通,twse,34.15,34.15,33.65,33.75,165000,5582700,-0.4,,108815816,121,,,1
2019-08-16,4952,凌通,twse,34.15,34.45,33.95,34.30,128100,4376589,0.55,,108815816,95,,,1
2019-08-19,4952,凌通,twse,34.50,34.70,34.30,34.60,186000,6416100,0.3,,108815816,129,,,1
2019-08-20,4952,凌通,twse,35.15,35.15,34.55,34.60,210000,7329350,0.0,,108815816,144,,,1
2019-08-21,4952,凌通,twse,35.00,35.00,34.65,34.80,75000,2606500,0.2,,108815816,53,,,1
2019-08-22,4952,凌通,twse,34.80,35.15,34.60,34.75,156000,5441100,-0.05,,108815816,88,,,1
2019-08-23,4952,凌通,twse,34.95,34.95,34.50,34.60,123000,4259350,-0.15,,108815816,83,,,1
2019-08-26,4952,凌通,twse,34.45,34.45,33.85,34.25,119205,4055809,-0.35,,108815816,102,,,1
2019-08-27,4952,凌通,twse,34.35,34.50,34.30,34.40,92275,3176268,0.15,,108815816,73,,,1
2019-08-28,4952,凌通,twse,34.40,34.60,34.00,34.45,211220,7278262,0.05,,108815816,115,,,1
2019-08-29,4952,凌通,twse,34.45,34.85,34.45,34.85,111301,3866460,0.4,,108815816,88,,,1
2019-08-30,4952,凌通,twse,35.10,35.50,35.10,35.35,403300,14232240,0.5,,108815816,263,,,1
2019-09-02,4952,凌通,twse,35.50,36.80,35.50,36.30,936620,34116744,0.95,,108815816,569,,,1
2019-09-03,4952,凌通,twse,36.70,36.85,36.05,36.10,336070,12212646,-0.2,,108815816,227,,,1
2019-09-04,4952,凌通,twse,36.10,36.65,36.10,36.45,220000,8008400,0.35,,108815816,147,,,1
2019-09-05,4952,凌通,twse,36.70,37.40,36.50,36.70,783500,28953350,0.25,,108815816,447,,,1
2019-09-06,4952,凌通,twse,37.25,37.25,36.30,36.40,307000,11279700,-0.3,,108815816,195,,,1
2019-09-09,4952,凌通,twse,35.40,35.60,34.00,34.45,866060,30162925,-1.95,,108815816,601,,,1
2019-09-10,4952,凌通,twse,34.80,34.80,34.30,34.60,141000,4862900,0.15,,108815816,92,,,1
2019-09-11,4952,凌通,twse,34.80,34.80,34.50,34.50,121200,4194659,-0.1,,108815816,69,,,1
2019-09-12,4952,凌通,twse,34.85,34.85,34.55,34.70,132115,4574737,0.2,,108815816,94,,,1
2019-09-16,4952,凌通,twse,34.70,34.70,34.30,34.70,73000,2516600,0.0,,108815816,57,,,1
2019-09-17,4952,凌通,twse,34.75,34.75,34.40,34.65,96000,3314450,-0.05,,108815816,67,,,1
2019-09-18,4952,凌通,twse,34.65,34.75,34.45,34.65,116000,4020750,0.0,,108815816,75,,,1
2019-09-19,4952,凌通,twse,34.70,34.70,34.45,34.55,135000,4668250,-0.1,,108815816,61,,,1
2019-09-20,4952,凌通,twse,34.60,34.65,34.50,34.60,125000,4320750,0.05,,108815816,81,,,1
2019-09-23,4952,凌通,twse,34.70,34.90,34.50,34.80,116130,4026300,0.2,,108815816,83,,,1
2019-09-24,4952,凌通,twse,34.60,35.25,34.60,35.00,172540,6039843,0.2,,108815816,126,,,1
2019-09-25,4952,凌通,twse,35.25,35.25,34.45,34.45,147000,5080700,-0.55,,108815816,101,,,1
2019-09-26,4952,凌通,twse,34.50,34.60,34.25,34.25,142000,4891900,-0.2,,108815816,88,,,1
2019-09-27,4952,凌通,twse,34.15,34.30,33.90,33.90,151000,5140950,-0.35,,108815816,113,,,1
2019-10-01,4952,凌通,twse,33.60,33.95,33.60,33.90,82000,2772800,0.0,,108815816,52,,,1
2019-10-02,4952,凌通,twse,33.90,34.20,33.75,34.10,104000,3537500,0.2,,108815816,73,,,1
2019-10-03,4952,凌通,twse,34.20,34.20,33.55,33.85,133000,4491850,-0.25,,108815816,105,,,1
2019-10-04,4952,凌通,twse,33.80,33.80,33.55,33.75,208000,7000100,-0.1,,108815816,102,,,1
2019-10-07,4952,凌通,twse,33.85,33.85,33.40,33.70,131000,4396500,-0.05,,108815816,74,,,1
2019-10-08,4952,凌通,twse,33.70,33.70,33.20,33.20,197000,6559150,-0.5,,108815816,138,,,1
2019-10-09,4952,凌通,twse,33.20,33.20,32.60,32.75,156000,5104350,-0.45,,108815816,126,,,1
2019-10-14,4952,凌通,twse,33.30,33.30,32.80,33.00,102536,3390938,0.25,,108815816,83,,,1
2019-10-15,4952,凌通,twse,33.05,33.05,32.80,32.95,88064,2900731,-0.05,,108815816,76,,,1
2019-10-16,4952,凌通,twse,33.00,33.25,32.80,33.00,125000,4129400,0.05,,108815816,99,,,1
2019-10-17,4952,凌通,twse,33.00,33.45,33.00,33.45,122026,4064113,0.45,,108815816,68,,,1
2019-10-18,4952,凌通,twse,33.50,33.50,33.10,33.45,116000,3853700,0.0,,108815816,60,,,1
2019-10-21,4952,凌通,twse,33.60,33.60,33.25,33.30,138336,4606987,-0.15,,108815816,60,,,1
2019-10-22,4952,凌通,twse,33.30,33.70,33.30,33.50,61000,2041700,0.2,,108815816,50,,,1
2019-10-23,4952,凌通,twse,33.80,33.80,33.50,33.55,79814,2684708,0.05,,108815816,61,,,1
2019-10-24,4952,凌通,twse,33.55,33.80,33.55,33.60,109100,3669510,0.05,,108815816,65,,,1
2019-10-25,4952,凌通,twse,33.80,33.95,33.60,33.60,127082,4280038,0.0,,108815816,67,,,1
2019-10-28,4952,凌通,twse,33.80,33.80,33.65,33.70,36000,1212550,0.1,,108815816,25,,,1
2019-10-29,4952,凌通,twse,33.80,33.80,33.30,33.45,100150,3358905,-0.25,,108815816,73,,,1
2019-10-30,4952,凌通,twse,33.40,33.45,33.30,33.30,71100,2370494,-0.15,,108815816,56,,,1
2019-10-31,4952,凌通,twse,33.50,33.50,32.95,33.05,153000,5064100,-0.25,,108815816,97,,,1
2019-11-01,4952,凌通,twse,33.00,33.00,32.80,32.95,102000,3356700,-0.1,,108815816,62,,,1
2019-11-04,4952,凌通,twse,32.95,33.20,32.85,33.20,74001,2447583,0.25,,108815816,55,,,1
2019-11-05,4952,凌通,twse,33.15,33.35,33.00,33.20,135000,4474400,0.0,,108815816,82,,,1
2019-11-06,4952,凌通,twse,33.20,33.95,33.20,33.75,193160,6502915,0.55,,108815816,149,,,1
2019-11-07,4952,凌通,twse,33.75,33.75,33.30,33.35,163467,5464823,-0.4,,108815816,102,,,1
2019-11-08,4952,凌通,twse,33.35,33.40,33.15,33.30,89000,2962350,-0.05,,108815816,65,,,1
2019-11-11,4952,凌通,twse,33.00,33.05,32.65,32.70,194720,6385360,-0.6,,108815816,143,,,1
2019-11-12,4952,凌通,twse,32.60,32.85,32.40,32.40,211150,6867870,-0.3,,108815816,139,,,1
2019-11-13,4952,凌通,twse,32.40,32.40,32.00,32.20,203000,6518400,-0.2,,108815816,125,,,1
2019-11-14,4952,凌通,twse,32.15,32.35,32.00,32.35,123200,3960880,0.15,,108815816,79,,,1
2019-11-15,4952,凌通,twse,32.45,32.60,32.35,32.55,53000,1720800,0.2,,108815816,39,,,1
2019-11-18,4952,凌通,twse,32.50,33.05,32.50,32.75,96410,3166475,0.2,,108815816,65,,,1
2019-11-19,4952,凌通,twse,33.20,33.20,32.75,32.90,49000,1609250,0.15,,108815816,31,,,1
2019-11-20,4952,凌通,twse,32.90,32.90,32.50,32.80,85000,2773800,-0.1,,108815816,63,,,1
2019-11-21,4952,凌通,twse,32.80,32.80,32.15,32.55,58000,1880500,-0.25,,108815816,45,,,1
2019-11-22,4952,凌通,twse,32.25,32.70,32.25,32.40,113000,3667400,-0.15,,108815816,68,,,1
2019-11-25,4952,凌通,twse,32.85,32.85,32.45,32.45,95235,3105658,0.05,,108815816,74,,,1
2019-11-26,4952,凌通,twse,32.55,32.60,32.40,32.50,61640,2000297,0.05,,108815816,48,,,1
2019-11-27,4952,凌通,twse,32.50,32.65,32.50,32.60,57290,1864889,0.1,,108815816,45,,,1
2019-11-28,4952,凌通,twse,32.60,33.35,32.55,32.95,134150,4422874,0.35,,108815816,102,,,1
2019-11-29,4952,凌通,twse,33.05,33.05,32.65,32.65,99285,3249661,-0.3,,108815816,74,,,1
2019-12-02,4952,凌通,twse,32.50,33.70,32.20,33.50,353550,11748330,0.85,,108815816,244,,,1
2019-12-03,4952,凌通,twse,33.75,34.65,33.65,34.00,1606430,54868333,0.5,,108815816,1038,,,1
2019-12-04,4952,凌通,twse,33.85,33.85,33.30,33.30,275350,9211024,-0.7,,108815816,204,,,1
2019-12-05,4952,凌通,twse,33.40,33.75,33.25,33.35,182100,6082384,0.05,,108815816,134,,,1
2019-12-06,4952,凌通,twse,33.35,33.45,33.10,33.10,150000,4976850,-0.25,,108815816,111,,,1
2019-12-09,4952,凌通,twse,33.40,33.50,32.90,33.15,97000,3222800,0.05,,108815816,73,,,1
2019-12-10,4952,凌通,twse,33.10,33.40,32.90,33.40,143500,4747199,0.25,,108815816,100,,,1
2019-12-11,4952,凌通,twse,33.20,33.20,33.05,33.05,95000,3145950,-0.35,,108815816,67,,,1
2019-12-12,4952,凌通,twse,32.95,33.25,32.95,33.00,135000,4470350,-0.05,,108815816,95,,,1
2019-12-13,4952,凌通,twse,33.00,33.25,33.00,33.10,104141,3447566,0.1,,108815816,70,,,1
2019-12-16,4952,凌通,twse,33.10,33.45,33.00,33.45,153000,5091600,0.35,,108815816,110,,,1
2019-12-17,4952,凌通,twse,33.45,33.80,33.45,33.65,196000,6600650,0.2,,108815816,138,,,1
2019-12-18,4952,凌通,twse,33.70,33.95,33.70,33.80,183000,6193750,0.15,,108815816,120,,,1
2019-12-19,4952,凌通,twse,34.00,34.00,33.60,33.60,119000,4015250,-0.2,,108815816,87,,,1
2019-12-20,4952,凌通,twse,33.70,33.85,33.65,33.70,71303,2408336,0.1,,108815816,53,,,1
2019-12-23,4952,凌通,twse,33.70,33.90,33.40,33.60,94034,3160154,-0.1,,108815816,69,,,1
2019-12-24,4952,凌通,twse,33.60,33.60,33.45,33.50,77000,2582500,-0.1,,108815816,61,,,1
2019-12-25,4952,凌通,twse,33.60,33.65,33.40,33.50,99000,3316300,0.0,,108815816,65,,,1
2019-12-26,4952,凌通,twse,33.50,33.55,33.45,33.45,53000,1774250,-0.05,,108815816,36,,,1
2019-12-27,4952,凌通,twse,33.55,34.00,33.55,33.80,218000,7373300,0.35,,108815816,147,,,1
2019-12-30,4952,凌通,twse,33.95,34.10,33.80,33.95,238000,8077600,0.15,,108815816,125,,,1
2019-12-31,4952,凌通,twse,34.00,34.00,33.55,33.65,177000,5966400,-0.3,,108815816,110,,,1
2020-01-02,4952,凌通,twse,33.70,33.85,33.60,33.80,94001,3167283,0.15,,108815816,66,,,1
2020-01-03,4952,凌通,twse,33.70,33.80,33.40,33.45,205285,6891683,-0.35,,108815816,149,,,1
2020-01-06,4952,凌通,twse,33.40,33.40,33.00,33.00,175097,5797798,-0.45,,108815816,134,,,1
2020-01-07,4952,凌通,twse,33.05,33.05,32.50,32.65,187000,6121400,-0.35,,108815816,142,,,1
2020-01-08,4952,凌通,twse,32.65,32.75,32.25,32.35,179000,5801450,-0.3,,108815816,120,,,1
2020-01-09,4952,凌通,twse,32.55,32.80,32.35,32.45,138000,4485700,0.1,,108815816,96,,,1
2020-01-10,4952,凌通,twse,32.45,32.50,32.20,32.30,167000,5401850,-0.15,,108815816,91,,,1
2020-01-13,4952,凌通,twse,32.35,32.90,32.35,32.90,90000,2939700,0.6,,108815816,57,,,1
2020-01-14,4952,凌通,twse,32.90,33.35,32.70,32.90,127000,4178350,0.0,,108815816,87,,,1
2020-01-15,4952,凌通,twse,32.85,32.90,32.70,32.80,57000,1868850,-0.1,,108815816,48,,,1
2020-01-16,4952,凌通,twse,32.85,32.85,32.65,32.75,79185,2592155,-0.05,,108815816,52,,,1
2020-01-17,4952,凌通,twse,32.75,32.85,32.60,32.75,71001,2324932,0.0,,108815816,41,,,1
2020-01-20,4952,凌通,twse,32.80,32.80,32.60,32.75,64000,2093200,0.0,,108815816,45,,,1
2020-01-30,4952,凌通,twse,31.45,31.45,30.50,30.50,453050,13975585,-2.25,,108815816,306,,,1
2020-01-31,4952,凌通,twse,30.60,30.85,30.50,30.55,165428,5068759,0.05,,108815816,121,,,1
2020-02-03,4952,凌通,twse,30.00,30.05,28.90,30.00,282451,8333940,-0.55,,108815816,178,,,1
2020-02-04,4952,凌通,twse,30.00,30.55,30.00,30.45,121000,3669100,0.45,,108815816,94,,,1
2020-02-05,4952,凌通,twse,30.65,30.75,30.40,30.50,106000,3238500,0.05,,108815816,78,,,1
2020-02-06,4952,凌通,twse,30.55,31.00,30.55,30.85,122000,3753400,0.35,,108815816,92,,,1
2020-02-07,4952,凌通,twse,30.80,30.80,30.30,30.40,133000,4044600,-0.45,,108815816,98,,,1
2020-02-10,4952,凌通,twse,30.25,30.25,29.60,30.05,112000,3358750,-0.35,,108815816,81,,,1
2020-02-11,4952,凌通,twse,30.05,30.25,29.90,30.00,171000,5130000,-0.05,,108815816,128,,,1
2020-02-12,4952,凌通,twse,30.00,30.30,30.00,30.20,128000,3857050,0.2,,108815816,80,,,1
2020-02-13,4952,凌通,twse,30.10,30.60,30.10,30.40,128005,3888815,0.2,,108815816,81,,,1
2020-02-14,4952,凌通,twse,31.00,31.00,30.50,30.90,128000,3946450,0.5,,108815816,100,,,1
2020-02-17,4952,凌通,twse,30.70,30.85,30.60,30.80,80065,2455730,-0.1,,108815816,57,,,1
2020-02-18,4952,凌通,twse,30.65,30.80,30.55,30.55,137100,4197850,-0.25,,108815816,67,,,1
2020-02-19,4952,凌通,twse,30.70,30.80,30.55,30.65,63000,1932950,0.1,,108815816,43,,,1
2020-02-20,4952,凌通,twse,30.70,30.75,30.45,30.50,133006,4065680,-0.15,,108815816,99,,,1
2020-02-21,4952,凌通,twse,30.50,30.80,30.45,30.50,111002,3389012,0.0,,108815816,85,,,1
2020-02-24,4952,凌通,twse,30.45,30.45,30.25,30.40,86000,2607450,-0.1,,108815816,57,,,1
2020-02-25,4952,凌通,twse,30.00,30.30,29.95,30.30,119000,3579150,-0.1,,108815816,89,,,1
2020-02-26,4952,凌通,twse,30.30,30.75,30.10,30.65,145001,4412182,0.35,,108815816,116,,,1
2020-02-27,4952,凌通,twse,30.75,30.90,30.25,30.75,269000,8215200,0.1,,108815816,179,,,1
2020-03-02,4952,凌通,twse,29.90,31.15,29.90,30.75,269100,8254500,0.0,,108815816,175,,,1
2020-03-03,4952,凌通,twse,30.85,30.90,30.65,30.70,86008,2648308,-0.05,,108815816,65,,,1
2020-03-04,4952,凌通,twse,30.70,30.70,30.15,30.55,85010,2580610,-0.15,,108815816,72,,,1
2020-03-05,4952,凌通,twse,30.65,30.90,30.65,30.80,72001,2212131,0.25,,108815816,57,,,1
2020-03-06,4952,凌通,twse,30.55,33.25,30.55,32.50,532681,17140245,1.7,,108815816,440,,,1
2020-03-09,4952,凌通,twse,35.75,35.75,34.30,35.75,6041578,214763503,3.25,,108815816,2644,,,1
2020-03-10,4952,凌通,twse,35.20,35.20,32.20,32.30,2934788,95971037,-3.45,,108815816,1651,,,1
2020-03-11,4952,凌通,twse,32.65,32.95,31.45,32.35,759782,24552378,0.05,,108815816,527,,,1
2020-03-12,4952,凌通,twse,31.50,31.50,29.60,29.75,966890,29136140,-2.6,,108815816,651,,,1
2020-03-13,4952,凌通,twse,26.80,28.00,26.80,28.00,1582502,42634155,-1.75,,108815816,838,,,1
2020-03-16,4952,凌通,twse,27.50,29.00,27.00,27.25,520600,14480500,-0.75,,108815816,363,,,1
2020-03-17,4952,凌通,twse,26.20,27.00,26.15,26.45,361713,9606085,-0.8,,108815816,296,,,1
2020-03-18,4952,凌通,twse,26.90,26.90,25.95,26.05,412708,10820491,-0.4,,108815816,259,,,1
2020-03-19,4952,凌通,twse,25.50,25.50,23.45,23.50,799250,19036224,-2.55,,108815816,452,,,1
2020-03-20,4952,凌通,twse,23.90,25.60,23.90,25.20,372300,9329260,1.7,,108815816,260,,,1
2020-03-23,4952,凌通,twse,24.10,24.80,23.65,24.50,120000,2914150,-0.7,,108815816,91,,,1
2020-03-24,4952,凌通,twse,24.70,25.50,24.70,25.00,213224,5342754,0.5,,108815816,154,,,1
2020-03-25,4952,凌通,twse,25.70,26.40,25.70,25.80,365100,9477135,0.8,,108815816,224,,,1
2020-03-26,4952,凌通,twse,25.80,26.00,25.05,25.90,177000,4533250,0.1,,108815816,134,,,1
2020-03-27,4952,凌通,twse,26.55,26.55,26.05,26.05,248250,6517175,0.15,,108815816,152,,,1
2020-03-30,4952,凌通,twse,25.95,26.05,25.35,26.05,116100,2993180,0.0,,108815816,85,,,1
2020-03-31,4952,凌通,twse,26.85,26.85,26.10,26.30,184149,4840963,0.25,,108815816,102,,,1
2020-04-01,4952,凌通,twse,26.20,27.10,26.00,26.75,276000,7389950,0.45,,108815816,174,,,1
2020-04-06,4952,凌通,twse,27.15,27.80,26.75,27.75,339000,9312100,1.0,,108815816,247,,,1
2020-04-07,4952,凌通,twse,27.90,28.40,27.50,27.75,437200,12203899,0.0,,108815816,285,,,1
2020-04-08,4952,凌通,twse,27.75,28.20,27.70,28.10,248001,6933729,0.35,,108815816,176,,,1
2020-04-09,4952,凌通,twse,28.50,28.50,27.90,28.10,276112,7761258,0.0,,108815816,165,,,1
2020-04-10,4952,凌通,twse,28.00,28.00,27.60,27.80,214200,5940369,-0.3,,108815816,147,,,1
2020-04-13,4952,凌通,twse,27.80,27.95,27.60,27.65,116006,3220070,-0.15,,108815816,76,,,1
2020-04-14,4952,凌通,twse,27.80,28.30,27.80,28.20,126200,3545440,0.55,,108815816,110,,,1
2020-04-15,4952,凌通,twse,28.20,28.80,28.20,28.35,264050,7506150,0.15,,108815816,182,,,1
2020-04-16,4952,凌通,twse,28.25,28.60,27.95,28.55,156051,4421229,0.2,,108815816,133,,,1
2020-04-17,4952,凌通,twse,29.00,29.00,28.35,28.45,265350,7630475,-0.1,,108815816,180,,,1
2020-04-20,4952,凌通,twse,28.70,28.70,28.15,28.30,115050,3255745,-0.15,,108815816,87,,,1
2020-04-21,4952,凌通,twse,28.35,28.35,27.30,27.45,303050,8393850,-0.85,,108815816,217,,,1
2020-04-22,4952,凌通,twse,27.40,27.85,27.20,27.80,126050,3457345,0.35,,108815816,74,,,1
2020-04-23,4952,凌通,twse,28.00,28.25,27.80,27.90,105050,2941345,0.1,,108815816,58,,,1
2020-04-24,4952,凌通,twse,28.00,28.45,28.00,28.10,245000,6917000,0.2,,108815816,154,,,1
2020-04-27,4952,凌通,twse,29.50,30.40,29.10,30.00,1509370,45262400,1.9,,108815816,915,,,1
2020-04-28,4952,凌通,twse,30.00,30.05,29.10,29.50,549500,16185749,-0.5,,108815816,348,,,1
2020-04-29,4952,凌通,twse,29.60,30.00,29.50,29.70,315300,9382959,0.2,,108815816,212,,,1
2020-04-30,4952,凌通,twse,29.90,29.90,29.60,29.70,387000,11509600,0.0,,108815816,224,,,1
2020-05-04,4952,凌通,twse,29.35,29.35,29.10,29.20,239000,6975200,-0.5,,108815816,151,,,1
2020-05-05,4952,凌通,twse,29.20,29.50,29.05,29.45,239259,6985690,0.25,,108815816,168,,,1
2020-05-06,4952,凌通,twse,29.60,30.30,29.60,29.70,671020,20160413,0.25,,108815816,418,,,1
2020-05-07,4952,凌通,twse,29.35,30.10,29.20,29.95,384000,11397000,0.25,,108815816,246,,,1
2020-05-08,4952,凌通,twse,30.15,30.15,29.70,29.80,240974,7196423,-0.15,,108815816,172,,,1
2020-05-11,4952,凌通,twse,30.10,30.10,29.60,29.65,271040,8054460,-0.15,,108815816,176,,,1
2020-05-12,4952,凌通,twse,29.40,29.75,29.35,29.40,237129,6993220,-0.25,,108815816,158,,,1
2020-05-13,4952,凌通,twse,29.10,29.45,29.10,29.40,150030,4391085,0.0,,108815816,94,,,1
2020-05-14,4952,凌通,twse,29.20,29.45,28.70,28.80,214498,6232366,-0.6,,108815816,172,,,1
2020-05-15,4952,凌通,twse,28.95,28.95,28.20,28.75,211000,6037450,-0.05,,108815816,132,,,1
2020-05-18,4952,凌通,twse,28.35,29.00,28.35,28.70,121098,3485896,-0.05,,108815816,84,,,1
2020-05-19,4952,凌通,twse,29.10,29.30,28.95,29.15,110000,3195800,0.45,,108815816,86,,,1
2020-05-20,4952,凌通,twse,29.15,29.55,29.15,29.30,117000,3437450,0.15,,108815816,82,,,1
2020-05-21,4952,凌通,twse,29.70,29.70,29.30,29.65,141000,4169200,0.35,,108815816,88,,,1
2020-05-22,4952,凌通,twse,29.55,29.65,29.15,29.25,159150,4676790,-0.4,,108815816,109,,,1
2020-05-25,4952,凌通,twse,29.35,29.35,28.70,29.00,109000,3155750,-0.25,,108815816,89,,,1
2020-05-26,4952,凌通,twse,29.10,29.25,28.90,29.10,202300,5871774,0.1,,108815816,117,,,1
2020-05-27,4952,凌通,twse,29.35,29.35,29.00,29.20,76001,2214679,0.1,,108815816,64,,,1
2020-05-28,4952,凌通,twse,29.25,29.50,29.00,29.10,136000,3981250,-0.1,,108815816,104,,,1
2020-05-29,4952,凌通,twse,29.05,29.10,28.90,29.10,95000,2753900,0.0,,108815816,73,,,1
2020-06-01,4952,凌通,twse,28.95,29.35,28.95,29.25,175000,5099250,0.15,,108815816,114,,,1
2020-06-02,4952,凌通,twse,29.40,29.40,29.25,29.35,141000,4138550,0.1,,108815816,98,,,1
2020-06-03,4952,凌通,twse,29.50,30.30,29.50,29.80,487100,14600520,0.45,,108815816,288,,,1
2020-06-04,4952,凌通,twse,30.10,30.20,29.70,29.75,231000,6906700,-0.05,,108815816,143,,,1
2020-06-05,4952,凌通,twse,29.80,30.60,29.80,30.45,311000,9388200,0.7,,108815816,217,,,1
2020-06-08,4952,凌通,twse,30.55,30.65,30.05,30.65,382180,11584325,0.2,,108815816,220,,,1
2020-06-09,4952,凌通,twse,30.75,31.20,30.30,30.40,557000,17079000,-0.25,,108815816,325,,,1
2020-06-10,4952,凌通,twse,30.55,30.55,30.05,30.10,320200,9655429,-0.3,,108815816,186,,,1
2020-06-11,4952,凌通,twse,30.15,30.30,29.55,29.65,327250,9795250,-0.45,,108815816,212,,,1
2020-06-12,4952,凌通,twse,29.05,29.35,28.80,29.35,200000,5809000,-0.3,,108815816,148,,,1
2020-06-15,4952,凌通,twse,29.50,29.50,29.05,29.20,129000,3771000,-0.15,,108815816,78,,,1
2020-06-16,4952,凌通,twse,29.45,29.50,29.20,29.50,111005,3259649,0.3,,108815816,74,,,1
2020-06-17,4952,凌通,twse,29.60,29.90,29.50,29.80,132432,3930222,0.3,,108815816,87,,,1
2020-06-18,4952,凌通,twse,29.80,30.00,29.70,29.95,68026,2031130,0.15,,108815816,51,,,1
2020-06-19,4952,凌通,twse,30.00,30.20,30.00,30.15,206003,6198893,0.2,,108815816,123,,,1
2020-06-22,4952,凌通,twse,30.30,31.05,30.30,30.65,447237,13768736,0.5,,108815816,289,,,1
2020-06-23,4952,凌通,twse,30.85,30.85,30.40,30.40,225318,6880567,-0.25,,108815816,137,,,1
2020-06-24,4952,凌通,twse,30.50,32.55,30.40,32.10,1713100,54318060,1.7,,108815816,1029,,,1
2020-06-29,4952,凌通,twse,31.85,31.85,31.05,31.30,364120,11419361,-0.8,,108815816,268,,,1
2020-06-30,4952,凌通,twse,31.75,31.85,31.50,31.80,490010,15544480,0.5,,108815816,229,,,1
2020-07-01,4952,凌通,twse,32.10,32.60,31.75,31.85,925090,29746092,0.05,,108815816,402,,,1
2020-07-02,4952,凌通,twse,32.30,32.55,31.95,32.55,1357090,43802924,0.7,,108815816,672,,,1
2020-07-03,4952,凌通,twse,31.05,31.25,30.40,30.40,1588500,48978449,0.0,,108815816,609,,,1
2020-07-06,4952,凌通,twse,30.40,30.90,30.25,30.50,604001,18437780,0.1,,108815816,325,,,1
2020-07-07,4952,凌通,twse,30.60,31.05,30.05,30.30,632000,19249950,-0.2,,108815816,330,,,1
2020-07-08,4952,凌通,twse,30.65,33.25,30.60,32.80,2746641,88122603,2.5,,108815816,1663,,,1
2020-07-09,4952,凌通,twse,33.10,33.20,31.60,31.65,1336026,42955029,-1.15,,108815816,887,,,1
2020-07-10,4952,凌通,twse,31.80,31.80,30.20,30.40,631001,19362830,-1.25,,108815816,410,,,1
2020-07-13,4952,凌通,twse,30.70,30.75,30.35,30.55,361001,11025180,0.15,,108815816,240,,,1
2020-07-14,4952,凌通,twse,30.60,30.70,30.25,30.30,255500,7765949,-0.25,,108815816,166,,,1
2020-07-15,4952,凌通,twse,30.30,30.70,30.10,30.30,339000,10278950,0.0,,108815816,213,,,1
2020-07-16,4952,凌通,twse,30.55,30.60,30.20,30.40,158000,4805350,0.1,,108815816,111,,,1
2020-07-17,4952,凌通,twse,30.50,31.20,30.05,30.25,246000,7487100,-0.15,,108815816,162,,,1
2020-07-20,4952,凌通,twse,30.10,30.70,29.75,30.70,293128,8838256,0.45,,108815816,197,,,1
2020-07-21,4952,凌通,twse,30.60,30.80,30.60,30.70,164367,5048610,0.0,,108815816,162,,,1
2020-07-22,4952,凌通,twse,30.60,30.95,30.50,30.60,206722,6356954,-0.1,,108815816,174,,,1
2020-07-23,4952,凌通,twse,30.75,31.40,30.75,30.80,359685,11154041,0.2,,108815816,338,,,1
2020-07-24,4952,凌通,twse,30.85,31.00,30.20,30.35,309982,9500694,-0.45,,108815816,229,,,1
2020-07-27,4952,凌通,twse,30.35,30.35,29.85,29.85,274399,8250294,-0.5,,108815816,206,,,1
2020-07-28,4952,凌通,twse,29.85,30.30,29.10,29.20,251166,7433164,-0.65,,108815816,218,,,1
2020-07-29,4952,凌通,twse,29.20,29.75,29.15,29.70,191600,5658972,0.5,,108815816,153,,,1
2020-07-30,4952,凌通,twse,30.15,30.30,30.00,30.25,169300,5101957,0.55,,108815816,146,,,1
2020-07-31,4952,凌通,twse,30.15,30.40,30.00,30.20,66275,2004275,-0.05,,108815816,60,,,1
2020-08-03,4952,凌通,twse,30.00,30.20,29.80,29.95,141273,4229224,-0.25,,108815816,105,,,1
2020-08-04,4952,凌通,twse,29.95,30.20,29.85,29.95,127850,3829839,0.0,,108815816,98,,,1
2020-08-05,4952,凌通,twse,29.95,30.50,29.95,30.40,197960,6007314,0.45,,108815816,137,,,1
2020-08-06,4952,凌通,twse,30.45,30.75,30.20,30.20,130850,3976199,-0.2,,108815816,110,,,1
2020-08-07,4952,凌通,twse,30.70,30.95,30.35,30.50,262451,8043434,0.3,,108815816,207,,,1
2020-08-10,4952,凌通,twse,30.35,30.70,30.25,30.30,121448,3688050,-0.2,,108815816,97,,,1
2020-08-11,4952,凌通,twse,30.25,30.30,29.80,29.85,221991,6667077,-0.45,,108815816,172,,,1
2020-08-12,4952,凌通,twse,29.90,30.00,29.60,29.90,77500,2307420,0.05,,108815816,79,,,1
2020-08-13,4952,凌通,twse,29.90,30.05,29.75,29.75,170156,5086496,-0.15,,108815816,109,,,1
2020-08-14,4952,凌通,twse,29.65,30.00,29.65,29.95,77101,2302697,0.2,,108815816,75,,,1
2020-08-17,4952,凌通,twse,30.35,30.35,29.90,29.95,215158,6459658,0.0,,108815816,130,,,1
2020-08-18,4952,凌通,twse,30.00,30.10,29.80,29.95,195100,5831424,0.0,,108815816,150,,,1
2020-08-19,4952,凌通,twse,29.85,30.50,29.85,29.90,393243,11824346,-0.05,,108815816,235,,,1
2020-08-20,4952,凌通,twse,29.90,29.90,28.05,28.75,640790,18442018,-1.15,,108815816,450,,,1
2020-08-21,4952,凌通,twse,29.25,29.45,28.85,29.20,138499,4032316,0.45,,108815816,142,,,1
2020-08-24,4952,凌通,twse,29.40,29.90,29.20,29.25,155118,4567607,0.05,,108815816,116,,,1
2020-08-25,4952,凌通,twse,29.40,29.90,29.30,29.40,128630,3799070,0.15,,108815816,128,,,1
2020-08-26,4952,凌通,twse,29.70,29.70,29.40,29.50,96000,2829950,0.1,,108815816,53,,,1
2020-08-27,4952,凌通,twse,29.70,29.90,29.55,29.90,151719,4511060,0.4,,108815816,145,,,1
2020-08-28,4952,凌通,twse,29.90,30.25,29.55,30.00,154219,4622190,0.1,,108815816,128,,,1
2020-08-31,4952,凌通,twse,30.05,30.20,30.00,30.00,170699,5129597,0.0,,108815816,115,,,1
2020-09-01,4952,凌通,twse,30.10,30.15,29.90,30.05,157800,4737599,0.05,,108815816,119,,,1
2020-09-02,4952,凌通,twse,30.30,31.20,30.30,30.90,782800,24201508,0.85,,108815816,468,,,1
2020-09-03,4952,凌通,twse,31.10,31.60,30.60,30.95,684658,21379976,0.05,,108815816,436,,,1
2020-09-04,4952,凌通,twse,30.15,31.05,30.10,31.05,295342,9015723,0.1,,108815816,193,,,1
2020-09-07,4952,凌通,twse,31.25,31.70,31.05,31.15,419149,13137441,0.1,,108815816,291,,,1
2020-09-08,4952,凌通,twse,31.80,32.25,31.50,31.55,661061,20985863,0.4,,108815816,361,,,1
2020-09-09,4952,凌通,twse,31.60,31.60,30.90,31.40,216178,6757578,-0.15,,108815816,158,,,1
2020-09-10,4952,凌通,twse,31.65,31.95,31.10,31.45,348470,10962368,0.05,,108815816,192,,,1
2020-09-11,4952,凌通,twse,31.25,31.45,31.05,31.10,198119,6170403,-0.35,,108815816,130,,,1
2020-09-14,4952,凌通,twse,31.10,31.75,31.10,31.65,472130,14919343,0.55,,108815816,247,,,1
2020-09-15,4952,凌通,twse,31.80,32.35,31.80,32.25,602474,19358893,0.6,,108815816,393,,,1
2020-09-16,4952,凌通,twse,32.80,32.85,31.65,31.70,451340,14495338,-0.55,,108815816,322,,,1
2020-09-17,4952,凌通,twse,31.80,32.20,31.70,31.85,312436,9952852,0.15,,108815816,185,,,1
2020-09-18,4952,凌通,twse,31.90,32.35,31.90,32.10,305002,9798209,0.25,,108815816,192,,,1
2020-09-21,4952,凌通,twse,32.55,32.55,32.00,32.15,421229,13597679,0.05,,108815816,244,,,1
2020-09-22,4952,凌通,twse,32.20,32.20,31.40,31.70,274160,8703970,-0.45,,108815816,180,,,1
2020-09-23,4952,凌通,twse,31.75,32.00,31.40,31.45,184050,5817135,-0.25,,108815816,133,,,1
2020-09-24,4952,凌通,twse,31.10,31.40,30.60,30.75,362950,11197757,-0.7,,108815816,245,,,1
2020-09-25,4952,凌通,twse,30.85,31.00,29.80,30.25,319300,9725163,-0.5,,108815816,200,,,1
2020-09-28,4952,凌通,twse,30.35,31.00,30.20,30.80,295500,9037698,0.55,,108815816,165,,,1
2020-09-29,4952,凌通,twse,31.05,31.20,30.80,30.90,100703,3116219,0.1,,108815816,92,,,1
2020-09-30,4952,凌通,twse,30.80,31.10,30.80,31.05,110034,3408960,0.15,,108815816,73,,,1
2020-10-05,4952,凌通,twse,31.15,31.45,31.00,31.30,110320,3446015,0.25,,108815816,90,,,1
2020-10-06,4952,凌通,twse,31.40,31.80,31.40,31.80,243272,7695649,0.5,,108815816,169,,,1
2020-10-07,4952,凌通,twse,31.80,32.05,31.70,31.90,313114,9973568,0.1,,108815816,185,,,1
2020-10-08,4952,凌通,twse,32.90,35.05,32.55,34.10,4778146,162584935,2.2,,108815816,2796,,,1
2020-10-12,4952,凌通,twse,34.50,35.80,34.20,34.35,5856835,204379697,0.25,,108815816,3751,,,1
2020-10-13,4952,凌通,twse,33.85,34.80,33.60,34.70,1338161,45883085,0.35,,108815816,844,,,1
2020-10-14,4952,凌通,twse,35.25,35.80,34.70,35.00,2627765,92468625,0.3,,108815816,1630,,,1
2020-10-15,4952,凌通,twse,35.40,36.50,35.05,35.20,2951730,105088093,0.2,,108815816,1883,,,1
2020-10-16,4952,凌通,twse,35.35,35.50,33.75,33.90,1517100,52177659,-1.3,,108815816,965,,,1
2020-10-19,4952,凌通,twse,34.20,34.50,33.75,34.50,612401,20951003,0.6,,108815816,386,,,1
2020-10-20,4952,凌通,twse,34.50,34.80,34.05,34.15,334100,11452930,-0.35,,108815816,224,,,1
2020-10-21,4952,凌通,twse,34.35,35.50,34.35,35.50,1438867,50470349,1.35,,108815816,932,,,1
2020-10-22,4952,凌通,twse,36.00,36.40,34.75,35.15,1848070,65597350,-0.35,,108815816,1270,,,1
2020-10-23,4952,凌通,twse,35.40,35.40,34.75,34.90,360040,12573004,-0.25,,108815816,250,,,1
2020-10-26,4952,凌通,twse,35.30,35.30,34.15,34.30,750053,25864183,-0.6,,108815816,458,,,1
2020-10-27,4952,凌通,twse,34.00,34.65,33.80,34.20,313000,10724250,-0.1,,108815816,197,,,1
2020-10-28,4952,凌通,twse,34.20,34.60,33.80,33.85,408001,13895083,-0.35,,108815816,255,,,1
2020-10-29,4952,凌通,twse,33.30,34.75,33.10,34.55,665071,22745231,0.7,,108815816,435,,,1
2020-10-30,4952,凌通,twse,34.90,35.30,33.95,34.20,563450,19507797,-0.35,,108815816,391,,,1
2020-11-02,4952,凌通,twse,34.40,34.45,33.65,34.25,347500,11804550,0.05,,108815816,249,,,1
2020-11-03,4952,凌通,twse,34.70,34.75,34.30,34.50,253298,8719364,0.25,,108815816,164,,,1
2020-11-04,4952,凌通,twse,34.80,34.80,34.35,34.60,233050,8054876,0.1,,108815816,172,,,1
2020-11-05,4952,凌通,twse,34.80,35.20,34.50,35.05,632300,22073200,0.45,,108815816,359,,,1
2020-11-06,4952,凌通,twse,35.20,35.50,34.60,34.90,544627,19034947,-0.15,,108815816,297,,,1
2020-11-09,4952,凌通,twse,35.45,36.00,34.90,36.00,1169288,41435572,1.1,,108815816,654,,,1
2020-11-10,4952,凌通,twse,36.50,36.70,34.20,34.85,1105150,38907607,-1.15,,108815816,701,,,1
2020-11-11,4952,凌通,twse,34.85,35.00,34.30,34.70,488822,16918214,-0.15,,108815816,309,,,1
2020-11-12,4952,凌通,twse,34.95,35.20,34.70,34.75,328350,11459000,0.05,,108815816,211,,,1
2020-11-13,4952,凌通,twse,34.75,35.00,34.30,35.00,301129,10456101,0.25,,108815816,176,,,1
2020-11-16,4952,凌通,twse,35.20,37.50,35.20,37.50,4461070,163897531,2.5,,108815816,2528,,,1
2020-11-17,4952,凌通,twse,38.00,39.25,37.25,38.45,8508062,325043843,0.95,,108815816,5028,,,1
2020-11-18,4952,凌通,twse,38.00,38.40,37.35,37.80,1740564,65646180,-0.65,,108815816,1139,,,1
2020-11-19,4952,凌通,twse,37.75,38.05,37.35,37.70,1178392,44412348,-0.1,,108815816,758,,,1
2020-11-20,4952,凌通,twse,37.90,38.30,37.45,37.80,912600,34537692,0.1,,108815816,627,,,1
2020-11-23,4952,凌通,twse,37.80,38.15,37.25,37.30,1175000,44139907,-0.5,,108815816,775,,,1
2020-11-24,4952,凌通,twse,37.50,37.85,37.20,37.25,1221215,45691145,-0.05,,108815816,663,,,1
2020-11-25,4952,凌通,twse,37.75,38.25,37.15,37.40,977389,36806982,0.15,,108815816,635,,,1
2020-11-26,4952,凌通,twse,37.40,38.50,37.30,38.45,1068250,40618605,1.05,,108815816,645,,,1
2020-11-27,4952,凌通,twse,39.50,42.25,39.50,42.25,5581419,231312686,3.8,,108815816,2744,,,1
2020-11-30,4952,凌通,twse,43.50,43.70,40.20,40.60,9257829,385429879,-1.65,,108815816,4940,,,1
2020-12-01,4952,凌通,twse,40.90,41.40,39.55,40.25,2205152,88672787,-0.35,,108815816,1371,,,1
2020-12-02,4952,凌通,twse,40.50,41.30,39.70,41.30,2225925,90362991,1.05,,108815816,1367,,,1
2020-12-03,4952,凌通,twse,42.10,42.40,40.50,40.50,4421828,183631298,-0.8,,108815816,2583,,,1
2020-12-04,4952,凌通,twse,40.85,41.70,40.70,41.15,1838424,75707638,0.65,,108815816,1155,,,1
2020-12-07,4952,凌通,twse,41.70,41.70,40.40,40.55,1438342,58854169,-0.6,,108815816,876,,,1
2020-12-08,4952,凌通,twse,40.70,40.85,39.95,40.05,1490423,60163633,-0.5,,108815816,871,,,1
2020-12-09,4952,凌通,twse,40.50,40.90,40.05,40.90,1173754,47428627,0.85,,108815816,756,,,1
2020-12-10,4952,凌通,twse,40.95,40.95,39.50,39.70,1351665,54235725,-1.2,,108815816,809,,,1
2020-12-11,4952,凌通,twse,39.50,40.00,38.15,39.15,1553924,60505913,-0.55,,108815816,976,,,1
2020-12-14,4952,凌通,twse,39.40,39.80,38.65,39.60,696167,27460330,0.45,,108815816,434,,,1
2020-12-15,4952,凌通,twse,40.00,40.60,38.50,38.60,1218330,48243669,-1.0,,108815816,769,,,1
2020-12-16,4952,凌通,twse,39.55,40.50,39.10,40.05,1328010,53080417,1.45,,108815816,803,,,1
2020-12-17,4952,凌通,twse,39.95,40.70,39.90,40.20,770725,30977362,0.15,,108815816,487,,,1
2020-12-18,4952,凌通,twse,40.65,40.65,39.55,39.80,668109,26640638,-0.4,,108815816,436,,,1
2020-12-21,4952,凌通,twse,40.00,40.00,38.50,38.95,691175,26953743,-0.85,,108815816,459,,,1
2020-12-22,4952,凌通,twse,38.95,39.35,38.00,38.00,719359,27750107,-0.95,,108815816,469,,,1
2020-12-23,4952,凌通,twse,37.50,40.40,37.35,40.00,2072570,81933373,2.0,,108815816,1263,,,1
2020-12-24,4952,凌通,twse,40.05,41.00,40.05,40.70,3449752,140199579,0.7,,108815816,2057,,,1
2020-12-25,4952,凌通,twse,40.80,41.00,39.75,40.00,940899,37773862,-0.7,,108815816,605,,,1
2020-12-28,4952,凌通,twse,40.30,41.80,39.60,41.60,3156764,129696640,1.6,,108815816,1805,,,1
2020-12-29,4952,凌通,twse,41.80,42.50,41.20,42.00,5887632,246736951,0.4,,108815816,3120,,,1
2020-12-30,4952,凌通,twse,41.90,42.40,41.20,41.40,1295494,53980389,-0.6,,108815816,761,,,1
2020-12-31,4952,凌通,twse,42.10,42.30,41.40,41.50,1368063,57222555,0.1,,108815816,780,,,1
2021-01-04,4952,凌通,twse,42.10,42.75,41.75,42.05,1689418,71238584,0.55,,108815816,945,,,1
2021-01-05,4952,凌通,twse,42.05,42.30,41.55,41.85,1118590,46864847,-0.2,,108815816,637,,,1
2021-01-06,4952,凌通,twse,42.30,43.35,40.45,41.35,2055525,86401707,-0.5,,108815816,1317,,,1
2021-01-07,4952,凌通,twse,41.60,42.95,41.60,42.25,1896388,80463213,0.9,,108815816,1164,,,1
2021-01-08,4952,凌通,twse,42.85,43.25,41.05,41.40,1747367,73010128,-0.85,,108815816,1068,,,1
2021-01-11,4952,凌通,twse,41.70,45.25,41.70,44.10,5028895,220754632,2.7,,108815816,3213,,,1
2021-01-12,4952,凌通,twse,44.20,47.00,42.60,43.05,8093299,361612051,-1.05,,108815816,5176,,,1
2021-01-13,4952,凌通,twse,43.55,44.35,42.05,42.15,2397225,102324182,-0.9,,108815816,1392,,,1
2021-01-14,4952,凌通,twse,42.50,43.85,41.70,43.10,1918381,82125369,0.95,,108815816,1239,,,1
2021-01-15,4952,凌通,twse,43.30,44.00,41.60,41.90,1570731,66438427,-1.2,,108815816,1002,,,1
2021-01-18,4952,凌通,twse,41.25,41.80,40.40,41.30,976866,40168143,-0.6,,108815816,614,,,1
2021-01-19,4952,凌通,twse,42.00,42.80,41.25,41.40,3708905,156101667,0.1,,108815816,1657,,,1
2021-01-20,4952,凌通,twse,41.40,41.45,39.50,40.55,1973378,79401199,-0.85,,108815816,1142,,,1
2021-01-21,4952,凌通,twse,40.00,40.95,39.55,40.50,1005458,40450232,-0.05,,108815816,574,,,1
2021-01-22,4952,凌通,twse,40.20,41.00,40.20,40.85,542212,22065552,0.35,,108815816,345,,,1
2021-01-25,4952,凌通,twse,40.85,41.55,39.70,41.05,2025802,82763477,0.2,,108815816,1181,,,1
2021-01-26,4952,凌通,twse,41.50,42.40,41.20,41.35,1949570,81154008,0.3,,108815816,1230,,,1
2021-01-27,4952,凌通,twse,42.00,42.30,41.55,42.20,1085581,45614764,0.85,,108815816,749,,,1
2021-01-28,4952,凌通,twse,41.30,42.00,41.20,41.85,714684,29691381,-0.35,,108815816,421,,,1
2021-01-29,4952,凌通,twse,42.00,42.30,40.20,40.35,1096203,45133247,-1.5,,108815816,609,,,1
2021-02-01,4952,凌通,twse,41.00,41.60,40.05,40.40,951723,38788337,0.05,,108815816,679,,,1
2021-02-02,4952,凌通,twse,41.00,44.20,41.00,42.95,4605126,198186013,2.55,,108815816,3022,,,1
2021-02-03,4952,凌通,twse,43.10,43.90,41.80,42.35,2264651,96455147,-0.6,,108815816,1386,,,1
2021-02-04,4952,凌通,twse,41.80,42.25,40.70,41.50,1222663,50750089,-0.85,,108815816,839,,,1
2021-02-05,4952,凌通,twse,41.50,42.30,41.30,41.60,828151,34653077,0.1,,108815816,622,,,1
2021-02-17,4952,凌通,twse,42.80,43.80,42.10,43.80,2497870,107851760,2.2,,108815816,1526,,,1
2021-02-18,4952,凌通,twse,44.50,45.20,43.50,44.60,2662811,117841501,0.8,,108815816,1649,,,1
2021-02-19,4952,凌通,twse,44.60,47.85,43.60,47.20,4185307,193631780,2.6,,108815816,2749,,,1
2021-02-22,4952,凌通,twse,48.90,49.30,46.40,47.90,3919939,186767143,0.7,,108815816,2494,,,1
2021-02-23,4952,凌通,twse,46.30,47.95,46.25,47.95,2051645,96518006,0.05,,108815816,1309,,,1
2021-02-24,4952,凌通,twse,47.50,49.85,47.45,47.75,3921460,190431771,-0.2,,108815816,2622,,,1
2021-02-25,4952,凌通,twse,48.45,48.90,47.10,47.50,1284806,61418466,-0.25,,108815816,882,,,1
2021-02-26,4952,凌通,twse,46.20,47.70,46.05,47.40,1095543,51616740,-0.1,,108815816,670,,,1
2021-03-02,4952,凌通,twse,48.20,48.30,46.70,46.75,905046,43013632,-0.65,,108815816,598,,,1
2021-03-03,4952,凌通,twse,46.65,48.25,45.45,48.10,1953713,92704941,1.35,,108815816,1236,,,1
2021-03-04,4952,凌通,twse,48.10,48.10,47.00,47.55,974372,46185273,-0.55,,108815816,707,,,1
2021-03-05,4952,凌通,twse,46.75,47.70,46.20,46.55,766266,35908087,-1.0,,108815816,601,,,1
2021-03-08,4952,凌通,twse,47.15,47.20,45.55,45.95,958981,44385200,-0.6,,108815816,647,,,1
2021-03-09,4952,凌通,twse,46.10,46.25,44.85,45.20,688870,31259074,-0.75,,108815816,503,,,1
2021-03-10,4952,凌通,twse,45.55,45.90,45.15,45.20,471740,21433505,0.0,,108815816,349,,,1
2021-03-11,4952,凌通,twse,45.45,46.55,45.25,46.25,1016676,46584883,1.05,,108815816,578,,,1
2021-03-12,4952,凌通,twse,46.90,47.25,45.95,46.40,731356,34053326,0.15,,108815816,492,,,1
2021-03-15,4952,凌通,twse,46.85,47.65,46.55,47.40,1001530,47366431,1.0,,108815816,699,,,1
2021-03-16,4952,凌通,twse,47.95,49.45,47.25,48.10,3163820,153885943,0.7,,108815816,1980,,,1
2021-03-17,4952,凌通,twse,48.85,49.30,47.65,48.60,1606658,78279944,0.5,,108815816,1055,,,1
2021-03-18,4952,凌通,twse,49.30,49.50,48.70,48.70,1023987,50206332,0.1,,108815816,754,,,1
2021-03-19,4952,凌通,twse,48.90,49.30,48.10,48.85,992267,48529717,0.15,,108815816,703,,,1
2021-03-22,4952,凌通,twse,49.75,49.75,48.55,48.85,1441491,70934517,0.0,,108815816,916,,,1
2021-03-23,4952,凌通,twse,49.35,52.50,49.00,49.05,5156418,260948564,0.2,,108815816,3287,,,1
2021-03-24,4952,凌通,twse,48.95,50.70,48.55,49.50,1652895,82273293,0.45,,108815816,1061,,,1
2021-03-25,4952,凌通,twse,49.70,50.90,49.50,49.90,1629344,81799066,0.4,,108815816,1015,,,1
2021-03-26,4952,凌通,twse,50.50,50.70,49.35,50.60,1785034,89841943,0.7,,108815816,1148,,,1
2021-03-29,4952,凌通,twse,51.30,55.00,50.70,54.60,6600290,352258598,4.0,,108815816,3928,,,1
2021-03-30,4952,凌通,twse,57.00,59.20,56.00,56.50,12144104,699827234,1.9,,108815816,7327,,,1
2021-03-31,4952,凌通,twse,57.50,60.30,56.60,57.60,6643939,387733473,1.1,,108815816,4259,,,1
2021-04-01,4952,凌通,twse,58.40,59.60,57.20,57.30,3013476,175002185,-0.3,,108815816,1974,,,1
2021-04-06,4952,凌通,twse,58.00,58.10,55.70,56.80,3017542,171623874,-0.5,,108815816,1937,,,1
2021-04-07,4952,凌通,twse,58.00,60.60,57.30,58.70,9132802,541576275,1.9,,108815816,5366,,,1
2021-04-08,4952,凌通,twse,58.10,58.80,57.10,58.00,3158029,183183870,-0.7,,108815816,2051,,,1
2021-04-09,4952,凌通,twse,58.70,58.90,56.00,56.50,2707583,154044378,-1.5,,108815816,1879,,,1
2021-04-12,4952,凌通,twse,57.00,57.50,55.20,55.30,2142377,119835242,-1.2,,108815816,1277,,,1
2021-04-13,4952,凌通,twse,55.80,56.60,54.00,54.10,1662297,91884558,-1.2,,108815816,1028,,,1
2021-04-14,4952,凌通,twse,54.10,55.00,50.70,55.00,2836287,150803098,0.9,,108815816,1806,,,1
2021-04-15,4952,凌通,twse,56.20,58.20,55.20,57.80,5647186,321005862,2.8,,108815816,3704,,,1
2021-04-16,4952,凌通,twse,57.00,58.50,56.70,57.30,3143292,181376175,-0.5,,108815816,2086,,,1
2021-04-19,4952,凌通,twse,57.50,58.00,55.60,56.40,1802748,101480433,-0.9,,108815816,1184,,,1
2021-04-20,4952,凌通,twse,56.20,57.70,55.50,56.80,1347561,76776252,0.4,,108815816,946,,,1
2021-04-21,4952,凌通,twse,56.80,57.00,55.80,56.40,990689,55742392,-0.4,,108815816,692,,,1
2021-04-22,4952,凌通,twse,56.90,57.00,53.50,54.80,2048290,113631260,-1.6,,108815816,1249,,,1
2021-04-23,4952,凌通,twse,54.60,57.00,54.00,56.80,1785947,100047775,2.0,,108815816,1178,,,1
2021-04-26,4952,凌通,twse,57.60,58.00,56.50,57.00,1792077,102565492,0.2,,108815816,1218,,,1
2021-04-27,4952,凌通,twse,57.40,60.70,56.70,60.70,6934263,408730287,3.7,,108815816,4122,,,1
2021-04-28,4952,凌通,twse,59.50,59.50,56.90,57.10,6069965,351188378,-3.6,,108815816,3884,,,1
2021-04-29,4952,凌通,twse,57.30,57.60,55.80,56.90,1915123,108275555,-0.2,,108815816,1186,,,1
2021-05-03,4952,凌通,twse,56.90,56.90,54.00,54.20,1778180,97669664,-2.7,,108815816,1133,,,1
2021-05-04,4952,凌通,twse,54.40,54.80,49.20,52.80,2131655,110598137,-1.4,,108815816,1293,,,1
2021-05-05,4952,凌通,twse,52.80,53.40,50.60,50.70,903135,46860253,-2.1,,108815816,559,,,1
2021-05-06,4952,凌通,twse,51.20,52.20,50.00,51.00,594425,30354346,0.3,,108815816,413,,,1
2021-05-07,4952,凌通,twse,51.60,53.60,51.60,53.40,788364,41724513,2.4,,108815816,570,,,1
2021-05-10,4952,凌通,twse,53.70,53.70,51.60,52.00,716981,37381273,-1.4,,108815816,463,,,1
2021-05-11,4952,凌通,twse,50.60,51.30,48.55,49.50,1266295,63507231,-2.5,,108815816,793,,,1
2021-05-12,4952,凌通,twse,48.35,50.30,44.55,46.05,2072768,97140205,-3.45,,108815816,1242,,,1
2021-05-13,4952,凌通,twse,45.15,49.00,44.60,47.30,1534713,72132007,1.25,,108815816,937,,,1
2021-05-14,4952,凌通,twse,47.95,49.40,46.50,47.30,999827,47368096,0.0,,108815816,588,,,1
2021-05-17,4952,凌通,twse,43.35,46.75,42.85,43.15,881507,38988724,-4.15,,108815816,602,,,1
2021-05-18,4952,凌通,twse,44.10,47.15,44.10,46.80,845032,38826153,3.65,,108815816,488,,,1
2021-05-19,4952,凌通,twse,46.55,48.05,46.55,47.60,443101,20946214,0.8,,108815816,266,,,1
2021-05-20,4952,凌通,twse,47.60,48.40,46.45,46.85,293326,13912476,-0.75,,108815816,236,,,1
2021-05-21,4952,凌通,twse,47.95,48.40,47.15,47.80,325301,15495657,0.95,,108815816,262,,,1
2021-05-24,4952,凌通,twse,47.30,48.80,47.10,48.60,337417,16242824,0.8,,108815816,276,,,1
2021-05-25,4952,凌通,twse,49.95,51.30,49.50,50.30,750467,37831986,1.7,,108815816,566,,,1
2021-05-26,4952,凌通,twse,50.60,50.90,49.90,50.20,361779,18210601,-0.1,,108815816,243,,,1
2021-05-27,4952,凌通,twse,50.00,50.40,49.30,50.00,249433,12455716,-0.2,,108815816,193,,,1
2021-05-28,4952,凌通,twse,50.60,51.70,50.10,51.10,552604,28230910,1.1,,108815816,397,,,1
2021-05-31,4952,凌通,twse,51.50,52.60,51.20,52.00,581491,30184183,0.9,,108815816,399,,,1
2021-06-01,4952,凌通,twse,52.40,53.50,52.10,52.70,564175,29856367,0.7,,108815816,442,,,1
2021-06-02,4952,凌通,twse,53.00,53.70,51.40,51.70,663409,34741252,-1.0,,108815816,495,,,1
2021-06-03,4952,凌通,twse,51.70,52.80,51.60,52.30,386879,20188800,0.6,,108815816,277,,,1
2021-06-04,4952,凌通,twse,52.00,52.50,51.80,52.00,195183,10159806,-0.3,,108815816,163,,,1
2021-06-07,4952,凌通,twse,52.40,52.40,50.50,51.80,416636,21420030,-0.2,,108815816,289,,,1
2021-06-08,4952,凌通,twse,52.30,53.70,52.30,53.30,627445,33312040,1.5,,108815816,448,,,1
2021-06-09,4952,凌通,twse,53.40,55.20,53.30,54.70,1420653,77492012,1.4,,108815816,1017,,,1
2021-06-10,4952,凌通,twse,54.80,56.40,53.90,54.30,1681465,93155568,-0.4,,108815816,1245,,,1
2021-06-11,4952,凌通,twse,55.10,56.00,54.50,55.70,913426,50344651,1.4,,108815816,595,,,1
2021-06-15,4952,凌通,twse,57.00,57.20,55.50,56.10,1222501,68668850,0.4,,108815816,807,,,1
2021-06-16,4952,凌通,twse,55.90,56.60,55.60,55.60,699334,39151082,-0.5,,108815816,475,,,1
2021-06-17,4952,凌通,twse,56.10,57.10,55.80,56.80,1018042,57684156,1.2,,108815816,672,,,1
2021-06-18,4952,凌通,twse,57.20,57.20,56.10,56.20,563433,31824673,-0.6,,108815816,422,,,1
2021-06-21,4952,凌通,twse,56.00,56.30,54.30,54.90,985327,54146560,-1.3,,108815816,629,,,1
2021-06-22,4952,凌通,twse,55.40,56.40,55.30,55.80,610130,34127086,0.9,,108815816,465,,,1
2021-06-23,4952,凌通,twse,56.20,57.60,56.20,56.90,1301784,74125233,1.1,,108815816,839,,,1
2021-06-24,4952,凌通,twse,57.00,57.70,56.90,57.40,902915,51713452,0.5,,108815816,588,,,1
2021-06-25,4952,凌通,twse,57.90,58.10,57.00,57.10,1182549,68059856,-0.3,,108815816,687,,,1
2021-06-28,4952,凌通,twse,57.20,58.80,57.20,57.90,1295348,75085995,0.8,,108815816,791,,,1
2021-06-29,4952,凌通,twse,58.00,58.50,56.30,56.30,1219563,69598302,-1.6,,108815816,775,,,1
2021-06-30,4952,凌通,twse,56.80,56.80,55.90,56.60,567062,31943963,0.3,,108815816,355,,,1
2021-07-01,4952,凌通,twse,56.30,56.60,55.10,55.90,722205,40371049,-0.7,,108815816,411,,,1
2021-07-02,4952,凌通,twse,55.90,57.20,55.80,56.20,843085,47674846,0.3,,108815816,509,,,1
2021-07-05,4952,凌通,twse,57.00,58.20,56.80,57.90,1644571,94885331,1.7,,108815816,963,,,1
2021-07-06,4952,凌通,twse,58.10,58.50,56.60,57.40,1335116,76721608,-0.5,,108815816,709,,,1
2021-07-07,4952,凌通,twse,57.40,58.40,57.00,57.30,1337342,77217476,-0.1,,108815816,771,,,1
2021-07-08,4952,凌通,twse,58.30,59.70,57.80,58.50,3413226,200857680,1.2,,108815816,2002,,,1
2021-07-09,4952,凌通,twse,58.80,64.30,58.00,64.30,12323589,777033185,5.8,,108815816,7194,,,1
2021-07-12,4952,凌通,twse,69.00,70.70,67.40,70.70,15875757,1104760850,6.4,,108815816,8129,,,1
2021-07-13,4952,凌通,twse,75.00,77.70,73.10,77.70,15168074,1153967974,7.0,,108815816,7322,,,1
2021-07-14,4952,凌通,twse,82.90,84.00,70.00,70.00,25156217,1896840994,-7.7,,108815816,14213,,,1
2021-07-15,4952,凌通,twse,73.00,73.90,67.50,71.40,12457762,889755918,1.4,,108815816,7978,,,1
2021-07-16,4952,凌通,twse,70.40,78.50,69.50,78.50,18095750,1385198204,7.1,,108815816,9109,,,1
2021-07-19,4952,凌通,twse,80.40,86.30,79.50,86.30,31803464,2678572175,7.8,,108815816,17923,,,1
2021-07-20,4952,凌通,twse,86.30,93.80,81.30,87.00,43578413,3810432624,0.7,,108815816,29546,,,1
2021-07-21,4952,凌通,twse,90.40,94.30,87.00,88.70,26691388,2430299787,1.7,,108815816,18123,,,1
2021-07-22,4952,凌通,twse,91.50,92.40,87.00,88.50,15154500,1356539025,-0.2,,108815816,10424,,,1
2021-07-23,4952,凌通,twse,91.30,96.90,86.00,86.90,26015752,2378069918,-1.6,,108815816,17374,,,1
2021-07-26,4952,凌通,twse,88.60,89.90,86.90,87.60,8053394,711605696,0.7,,108815816,5666,,,1
2021-07-27,4952,凌通,twse,89.80,89.90,84.30,85.00,7616485,665543137,-2.6,,108815816,4935,,,1
2021-07-28,4952,凌通,twse,84.80,86.00,76.50,83.00,8965175,724480734,-2.0,,108815816,5757,,,1
2021-07-29,4952,凌通,twse,84.90,85.60,81.50,84.40,5161150,431580331,1.4,,108815816,3571,,,1
2021-07-30,4952,凌通,twse,85.00,88.70,83.20,84.40,8549407,733855047,0.0,,108815816,5584,,,1
2021-08-02,4952,凌通,twse,86.20,87.40,82.10,82.80,6011120,507545127,-1.6,,108815816,4088,,,1
2021-08-03,4952,凌通,twse,84.00,85.00,82.70,83.10,3345542,280156483,0.3,,108815816,2103,,,1
2021-08-04,4952,凌通,twse,84.00,84.30,79.60,79.60,6419334,521017890,-3.5,,108815816,4355,,,1
2021-08-05,4952,凌通,twse,81.30,84.00,80.20,80.40,5119479,417343909,0.8,,108815816,3370,,,1
2021-08-06,4952,凌通,twse,81.90,82.10,78.00,78.50,3963484,316588528,-1.9,,108815816,2707,,,1
2021-08-09,4952,凌通,twse,77.90,79.90,75.30,76.90,3015914,233323225,-1.6,,108815816,2054,,,1
2021-08-10,4952,凌通,twse,77.10,77.60,73.00,75.70,3167556,238606168,-1.2,,108815816,2115,,,1
2021-08-11,4952,凌通,twse,73.90,73.90,68.00,68.60,3550143,250371941,0.0,,108815816,2296,,,1
2021-08-12,4952,凌通,twse,69.50,72.80,69.20,72.00,3235391,230475348,3.4,,108815816,2085,,,1
2021-08-13,4952,凌通,twse,72.20,72.60,68.80,68.80,2999242,211145903,-3.2,,108815816,2010,,,1
2021-08-16,4952,凌通,twse,68.50,70.30,66.50,69.80,2732944,187956130,1.0,,108815816,1768,,,1
2021-08-17,4952,凌通,twse,70.20,70.30,65.10,65.10,2922408,196766350,-4.7,,108815816,2018,,,1
2021-08-18,4952,凌通,twse,64.10,69.20,63.80,68.50,2956644,196158719,3.4,,108815816,2063,,,1
2021-08-19,4952,凌通,twse,67.70,70.20,65.50,65.50,2663638,180484087,-3.0,,108815816,1836,,,1
2021-08-20,4952,凌通,twse,66.00,69.60,66.00,68.30,2574884,174868770,2.8,,108815816,1830,,,1
2021-08-23,4952,凌通,twse,69.90,71.60,69.10,70.80,2931775,206003628,2.5,,108815816,1954,,,1
2021-08-24,4952,凌通,twse,70.90,72.20,68.90,69.80,2650452,186288573,-1.0,,108815816,1901,,,1
2021-08-25,4952,凌通,twse,69.80,76.70,69.70,76.70,4741510,350842358,6.9,,108815816,2731,,,1
2021-08-26,4952,凌通,twse,83.00,83.50,76.80,77.00,12341299,980029484,0.3,,108815816,7803,,,1
2021-08-27,4952,凌通,twse,76.00,77.70,73.10,73.80,4235731,318121776,-3.2,,108815816,3023,,,1
2021-08-30,4952,凌通,twse,73.80,74.90,71.60,71.90,2622464,191002249,-1.9,,108815816,1903,,,1
2021-08-31,4952,凌通,twse,72.10,75.40,71.00,74.80,3657957,270159832,2.9,,108815816,2632,,,1
2021-09-01,4952,凌通,twse,74.30,77.10,74.00,76.40,3607420,272393431,1.6,,108815816,2491,,,1
2021-09-02,4952,凌通,twse,77.00,78.70,73.80,74.40,6659478,509002539,-2.0,,108815816,4323,,,1
2021-09-03,4952,凌通,twse,75.00,78.30,74.20,77.40,3268237,249448574,3.0,,108815816,2414,,,1
2021-09-06,4952,凌通,twse,79.50,79.50,74.90,75.40,5007286,387473987,-2.0,,108815816,3342,,,1
2021-09-07,4952,凌通,twse,75.10,75.70,71.20,72.40,2642443,191722607,-3.0,,108815816,1924,,,1
2021-09-08,4952,凌通,twse,71.30,73.30,68.90,69.50,2347634,165646505,-2.9,,108815816,1637,,,1
2021-09-09,4952,凌通,twse,69.60,71.50,69.10,70.90,1298524,91840801,1.4,,108815816,942,,,1
2021-09-10,4952,凌通,twse,71.00,71.60,69.60,71.00,1104116,77798026,0.1,,108815816,786,,,1
2021-09-13,4952,凌通,twse,70.80,71.50,69.30,69.50,958211,67316223,-1.5,,108815816,739,,,1
2021-09-14,4952,凌通,twse,69.70,70.10,68.00,68.30,1102398,75850496,-1.2,,108815816,863,,,1
2021-09-15,4952,凌通,twse,67.90,68.30,66.30,66.60,1084752,72551822,-1.7,,108815816,830,,,1
2021-09-16,4952,凌通,twse,67.70,68.70,67.10,67.40,908064,61629751,0.8,,108815816,712,,,1
2021-09-17,4952,凌通,twse,68.00,68.00,66.90,67.40,763101,51361448,0.0,,108815816,539,,,1
2021-09-22,4952,凌通,twse,64.50,65.60,64.40,65.10,908048,59055376,-2.3,,108815816,649,,,1
2021-09-23,4952,凌通,twse,66.10,66.60,65.20,65.20,519445,34211256,0.1,,108815816,465,,,1
2021-09-24,4952,凌通,twse,65.90,67.50,65.90,66.60,1114573,74431563,1.4,,108815816,883,,,1
2021-09-27,4952,凌通,twse,67.00,67.90,66.60,66.70,614237,41241797,0.1,,108815816,456,,,1
2021-09-28,4952,凌通,twse,66.10,66.50,64.80,65.40,811017,53161476,-1.3,,108815816,555,,,1
2021-09-29,4952,凌通,twse,63.90,66.90,63.80,64.50,1336171,87331087,-0.9,,108815816,1031,,,1
2021-09-30,4952,凌通,twse,65.00,65.20,64.00,64.90,672511,43439801,0.4,,108815816,519,,,1
2021-10-01,4952,凌通,twse,64.50,64.50,60.30,60.50,1525590,94229551,-4.4,,108815816,1192,,,1
2021-10-04,4952,凌通,twse,61.40,62.90,59.50,59.50,1288331,78191372,-1.0,,108815816,1108,,,1
2021-10-05,4952,凌通,twse,57.50,62.10,57.30,61.70,1273066,76613458,2.2,,108815816,1004,,,1
2021-10-06,4952,凌通,twse,62.00,62.60,60.00,60.00,827677,50542237,-1.7,,108815816,811,,,1
2021-10-07,4952,凌通,twse,60.60,63.30,60.60,63.30,1051259,66006166,3.3,,108815816,739,,,1
2021-10-08,4952,凌通,twse,64.80,65.00,62.30,63.40,1113256,70884209,0.1,,108815816,799,,,1
2021-10-12,4952,凌通,twse,62.00,62.80,60.60,60.70,759043,46620333,-2.7,,108815816,572,,,1
2021-10-13,4952,凌通,twse,61.10,61.90,58.70,59.80,691865,41317741,-0.9,,108815816,490,,,1
2021-10-14,4952,凌通,twse,60.80,61.30,58.10,60.50,696957,41787516,0.7,,108815816,531,,,1
2021-10-15,4952,凌通,twse,61.60,62.70,61.40,61.90,598370,37159469,1.4,,108815816,547,,,1
2021-10-18,4952,凌通,twse,62.30,62.90,61.50,62.00,493207,30654801,0.1,,108815816,379,,,1
2021-10-19,4952,凌通,twse,63.00,64.70,62.70,64.50,1375918,88026245,2.5,,108815816,1117,,,1
2021-10-20,4952,凌通,twse,65.00,65.20,63.30,63.90,808519,51828784,-0.6,,108815816,635,,,1
2021-10-21,4952,凌通,twse,64.00,66.20,63.60,65.80,1560878,101719744,1.9,,108815816,1133,,,1
2021-10-22,4952,凌通,twse,65.10,66.30,64.30,66.00,1550661,101506405,0.2,,108815816,1214,,,1
2021-10-25,4952,凌通,twse,65.80,65.80,64.30,65.00,527792,34310976,-1.0,,108815816,481,,,1
2021-10-26,4952,凌通,twse,65.50,65.80,63.60,63.60,1282211,82675340,-1.4,,108815816,922,,,1
2021-10-27,4952,凌通,twse,64.00,67.00,64.00,67.00,2020047,133323941,3.4,,108815816,1614,,,1
2021-10-28,4952,凌通,twse,67.30,67.30,65.30,65.70,975919,64496167,-1.3,,108815816,787,,,1
2021-10-29,4952,凌通,twse,66.20,66.40,65.20,65.60,812051,53424752,-0.1,,108815816,749,,,1
2021-11-01,4952,凌通,twse,66.60,69.50,66.40,68.70,2158575,147137870,3.1,,108815816,1573,,,1
2021-11-02,4952,凌通,twse,71.50,74.60,65.70,65.80,7502743,527059312,-2.9,,108815816,5593,,,1
2021-11-03,4952,凌通,twse,66.70,67.00,64.60,66.20,1249842,82201944,0.4,,108815816,1090,,,1
2021-11-04,4952,凌通,twse,66.80,67.10,65.30,65.50,828402,54719915,-0.7,,108815816,677,,,1
2021-11-05,4952,凌通,twse,65.90,66.10,63.70,64.50,1120583,72314328,-1.0,,108815816,1094,,,1
2021-11-08,4952,凌通,twse,65.00,65.10,63.80,64.90,625904,40300299,0.4,,108815816,619,,,1
2021-11-09,4952,凌通,twse,66.30,70.60,66.30,69.90,3859062,265033134,5.0,,108815816,2912,,,1
2021-11-10,4952,凌通,twse,69.00,74.40,68.30,73.20,7211432,519580520,3.3,,108815816,5532,,,1
2021-11-11,4952,凌通,twse,72.00,73.80,71.00,71.80,3362104,242766337,-1.4,,108815816,2539,,,1
2021-11-12,4952,凌通,twse,72.40,75.30,71.80,74.10,5353055,396839791,2.3,,108815816,3864,,,1
2021-11-15,4952,凌通,twse,75.80,78.20,74.70,76.10,6419329,489961686,2.0,,108815816,4859,,,1
2021-11-16,4952,凌通,twse,76.00,76.90,73.20,75.10,3456563,258828590,-1.0,,108815816,2603,,,1
2021-11-17,4952,凌通,twse,75.60,77.70,75.30,77.50,4487395,344157797,2.4,,108815816,3277,,,1
2021-11-18,4952,凌通,twse,79.80,80.30,76.30,77.00,6422370,501843709,-0.5,,108815816,4492,,,1
2021-11-19,4952,凌通,twse,76.10,77.30,75.00,75.20,2526513,191375907,-1.8,,108815816,1977,,,1
2021-11-22,4952,凌通,twse,75.30,76.20,74.40,75.10,1393338,104727143,-0.1,,108815816,1097,,,1
2021-11-23,4952,凌通,twse,75.30,75.30,72.30,73.00,1763484,129878963,-2.1,,108815816,1415,,,1
2021-11-24,4952,凌通,twse,73.60,74.30,72.50,73.60,927934,68133583,0.6,,108815816,836,,,1
2021-11-25,4952,凌通,twse,74.30,75.00,72.70,72.70,841711,61964238,-0.9,,108815816,902,,,1
2021-11-26,4952,凌通,twse,72.70,73.00,70.20,71.20,1314482,93806134,-1.5,,108815816,1056,,,1
2021-11-29,4952,凌通,twse,70.30,73.50,69.20,72.70,1478672,106145580,1.5,,108815816,1259,,,1
2021-11-30,4952,凌通,twse,74.00,74.30,72.50,73.70,1547008,113813204,1.0,,108815816,1449,,,1
2021-12-01,4952,凌通,twse,73.00,74.40,72.40,74.40,1216464,89481236,0.7,,108815816,1028,,,1
2021-12-02,4952,凌通,twse,73.90,74.30,71.70,71.70,1415498,103059269,-2.7,,108815816,1321,,,1
2021-12-03,4952,凌通,twse,72.50,74.90,72.40,74.00,1714553,126896610,2.3,,108815816,1200,,,1
2021-12-06,4952,凌通,twse,74.00,74.00,72.70,73.30,836187,61233350,-0.7,,108815816,1067,,,1
2021-12-07,4952,凌通,twse,74.10,74.20,72.10,72.40,845409,61695352,-0.9,,108815816,733,,,1
2021-12-08,4952,凌通,twse,70.60,71.10,69.00,69.30,3583928,250316194,-3.1,,108815816,2544,,,1
2021-12-09,4952,凌通,twse,69.70,70.20,68.50,68.60,980395,67914043,-0.7,,108815816,825,,,1
2021-12-10,4952,凌通,twse,68.50,69.30,68.10,68.40,472919,32411485,-0.2,,108815816,395,,,1
2021-12-13,4952,凌通,twse,68.90,69.10,67.90,68.60,578750,39597529,0.2,,108815816,422,,,1
2021-12-14,4952,凌通,twse,68.50,68.50,66.20,66.40,887373,59556253,-2.2,,108815816,704,,,1
2021-12-15,4952,凌通,twse,66.00,67.60,66.00,67.10,412305,27588603,0.7,,108815816,310,,,1
2021-12-16,4952,凌通,twse,67.80,68.60,67.50,68.40,539062,36738072,1.3,,108815816,462,,,1
2021-12-17,4952,凌通,twse,67.60,67.90,66.50,66.50,645134,43178588,-1.9,,108815816,501,,,1
2021-12-20,4952,凌通,twse,66.00,67.30,66.00,66.90,245312,16361578,0.4,,108815816,206,,,1
2021-12-21,4952,凌通,twse,66.80,67.50,66.70,67.00,356069,23884310,0.1,,108815816,319,,,1
2021-12-22,4952,凌通,twse,67.60,68.70,67.40,67.50,532504,36180037,0.5,,108815816,441,,,1
2021-12-23,4952,凌通,twse,68.00,68.40,67.90,67.90,427801,29146931,0.4,,108815816,333,,,1
2021-12-24,4952,凌通,twse,68.40,68.50,66.90,67.00,496744,33415043,-0.9,,108815816,628,,,1
2021-12-27,4952,凌通,twse,67.00,68.00,66.80,67.90,363174,24568563,0.9,,108815816,263,,,1
2021-12-28,4952,凌通,twse,68.50,68.50,67.40,67.50,351994,23873535,-0.4,,108815816,337,,,1
2021-12-29,4952,凌通,twse,67.40,68.50,67.10,68.20,396539,26982100,0.7,,108815816,332,,,1
2021-12-30,4952,凌通,twse,68.00,68.40,67.20,67.70,360689,24416611,-0.5,,108815816,377,,,1
2022-01-03,4952,凌通,twse,67.80,69.10,67.80,68.30,509682,34918291,0.6,,108815816,420,,,1
2022-01-04,4952,凌通,twse,68.70,69.50,68.50,69.50,774065,53466062,1.2,,108815816,767,,,1
2022-01-05,4952,凌通,twse,69.90,69.90,67.40,67.50,893725,60845381,-2.0,,108815816,739,,,1
2022-01-06,4952,凌通,twse,66.60,67.30,66.30,66.60,455851,30383405,-0.9,,108815816,553,,,1
2022-01-07,4952,凌通,twse,67.00,67.00,64.00,64.10,1157825,74974241,-2.5,,108815816,1103,,,1
2022-01-10,4952,凌通,twse,63.50,64.70,62.60,64.30,355548,22715434,0.2,,108815816,257,,,1
2022-01-11,4952,凌通,twse,64.30,64.50,62.60,62.60,528409,33362968,-1.7,,108815816,846,,,1
2022-01-12,4952,凌通,twse,63.20,63.70,61.80,63.20,442865,27675989,0.6,,108815816,360,,,1
2022-01-13,4952,凌通,twse,63.00,63.00,62.00,62.20,372851,23217529,-1.0,,108815816,296,,,1
2022-01-14,4952,凌通,twse,62.50,62.50,60.90,61.40,353385,21684508,-0.8,,108815816,286,,,1
2022-01-17,4952,凌通,twse,61.30,63.20,61.30,63.20,270865,16966989,1.8,,108815816,240,,,1
2022-01-18,4952,凌通,twse,63.00,63.70,62.50,62.70,284556,17983972,-0.5,,108815816,278,,,1
2022-01-19,4952,凌通,twse,62.20,62.90,62.00,62.00,218520,13627021,-0.7,,108815816,177,,,1
2022-01-20,4952,凌通,twse,61.70,62.70,61.60,62.20,245672,15232221,0.2,,108815816,297,,,1
2022-01-21,4952,凌通,twse,61.80,61.90,60.50,60.50,431517,26299090,-1.7,,108815816,516,,,1
2022-01-24,4952,凌通,twse,60.50,61.60,59.00,61.60,364746,21991559,1.1,,108815816,320,,,1
2022-01-25,4952,凌通,twse,60.70,61.30,60.30,60.30,275383,16684265,-1.3,,108815816,413,,,1
2022-01-26,4952,凌通,twse,60.00,61.30,59.90,60.10,371247,22430371,-0.2,,108815816,345,,,1
2022-02-07,4952,凌通,twse,60.70,61.60,60.30,61.30,283152,17287616,1.2,,108815816,216,,,1
2022-02-08,4952,凌通,twse,61.70,62.40,61.60,62.30,239965,14904389,1.0,,108815816,335,,,1
2022-02-09,4952,凌通,twse,63.50,64.70,63.50,64.50,666038,42720806,2.2,,108815816,577,,,1
2022-02-10,4952,凌通,twse,65.00,65.10,63.80,64.10,461715,29690782,-0.4,,108815816,375,,,1
2022-02-11,4952,凌通,twse,63.70,64.70,63.50,64.50,265894,17082552,0.4,,108815816,247,,,1
2022-02-14,4952,凌通,twse,63.30,63.40,62.60,63.00,290676,18290570,-1.5,,108815816,291,,,1
2022-02-15,4952,凌通,twse,62.80,64.80,62.80,64.10,389497,24873512,1.1,,108815816,367,,,1
2022-02-16,4952,凌通,twse,65.00,65.50,64.10,64.90,485097,31455986,0.8,,108815816,439,,,1
2022-02-17,4952,凌通,twse,64.50,64.80,63.50,63.60,292813,18770529,-1.3,,108815816,311,,,1
2022-02-18,4952,凌通,twse,63.20,63.90,63.00,63.80,209513,13312503,0.2,,108815816,268,,,1
2022-02-21,4952,凌通,twse,63.50,64.90,63.20,64.60,349264,22492605,0.8,,108815816,317,,,1
2022-02-22,4952,凌通,twse,64.20,64.20,62.70,63.40,305174,19308640,-1.2,,108815816,340,,,1
2022-02-23,4952,凌通,twse,63.40,64.80,63.40,64.40,416554,26749613,1.0,,108815816,314,,,1
2022-02-24,4952,凌通,twse,66.10,68.00,65.40,65.40,4541118,303323217,1.0,,108815816,3446,,,1
2022-02-25,4952,凌通,twse,66.50,69.30,66.40,69.00,2936149,198966632,3.6,,108815816,2153,,,1
2022-03-01,4952,凌通,twse,70.10,70.30,68.40,69.00,2213285,152930733,0.0,,108815816,1625,,,1
2022-03-02,4952,凌通,twse,68.20,69.00,67.40,68.80,1144074,77857476,-0.2,,108815816,944,,,1
2022-03-03,4952,凌通,twse,69.50,70.20,68.50,69.10,1364675,94622089,0.3,,108815816,1095,,,1
2022-03-04,4952,凌通,twse,69.30,69.70,68.70,69.10,846477,58609951,0.0,,108815816,680,,,1
2022-03-07,4952,凌通,twse,68.10,68.30,67.00,67.50,942748,63789090,-1.6,,108815816,795,,,1
2022-03-08,4952,凌通,twse,68.50,71.00,68.50,70.50,5232812,365855201,3.0,,108815816,3814,,,1
2022-03-09,4952,凌通,twse,72.50,72.50,69.70,70.80,6795706,482107330,0.3,,108815816,4943,,,1
2022-03-10,4952,凌通,twse,71.40,71.70,70.00,70.10,2771496,195973890,-0.7,,108815816,2272,,,1
2022-03-11,4952,凌通,twse,70.00,71.90,70.00,71.50,2773144,197645441,1.4,,108815816,2042,,,1
2022-03-14,4952,凌通,twse,72.10,72.20,71.00,71.20,1296264,92621754,-0.3,,108815816,1021,,,1
2022-03-15,4952,凌通,twse,71.00,71.00,69.00,69.00,1580309,109967724,-2.2,,108815816,1292,,,1
2022-03-16,4952,凌通,twse,70.00,70.30,68.80,69.40,843809,58740649,0.4,,108815816,681,,,1
2022-03-17,4952,凌通,twse,71.00,72.40,70.90,71.80,2832105,203269945,2.4,,108815816,1991,,,1
2022-03-18,4952,凌通,twse,72.80,74.30,71.60,72.60,4190867,305447875,0.8,,108815816,3101,,,1
2022-03-21,4952,凌通,twse,73.00,73.20,72.20,72.50,1230593,89346758,-0.1,,108815816,929,,,1
2022-03-22,4952,凌通,twse,73.00,73.30,72.20,72.80,902493,65610089,0.3,,108815816,770,,,1
2022-03-23,4952,凌通,twse,73.60,80.00,73.20,80.00,11650207,897809625,7.2,,108815816,6983,,,1
2022-03-24,4952,凌通,twse,81.80,86.00,80.10,82.50,24059148,2001617567,2.5,,108815816,15831,,,1
2022-03-25,4952,凌通,twse,82.50,84.40,81.10,81.20,7227478,597307817,-1.3,,108815816,6293,,,1
2022-03-28,4952,凌通,twse,82.50,84.70,81.30,81.60,6754823,559572336,0.4,,108815816,6376,,,1
2022-03-29,4952,凌通,twse,83.30,88.10,82.60,84.00,17918969,1527490735,2.4,,108815816,12430,,,1
2022-03-30,4952,凌通,twse,85.00,86.40,81.10,82.00,13488254,1127121124,-2.0,,108815816,9263,,,1
2022-03-31,4952,凌通,twse,82.20,82.90,79.10,79.10,4960887,401999070,-2.9,,108815816,4196,,,1
2022-04-01,4952,凌通,twse,78.30,78.60,77.20,78.10,3404479,265103980,-1.0,,108815816,2357,,,1
2022-04-06,4952,凌通,twse,76.60,77.10,76.20,76.20,2481112,190033932,-1.9,,108815816,2130,,,1
2022-04-07,4952,凌通,twse,75.40,76.50,72.50,72.50,3545046,263586801,-3.7,,108815816,2545,,,1
2022-04-08,4952,凌通,twse,73.10,74.20,72.90,73.60,2072301,152420740,1.1,,108815816,1501,,,1
2022-04-11,4952,凌通,twse,74.50,75.00,72.60,73.10,2192467,161554065,-0.5,,108815816,1879,,,1
2022-04-12,4952,凌通,twse,72.40,73.40,70.80,71.30,2145620,154160185,-1.8,,108815816,1827,,,1
2022-04-13,4952,凌通,twse,71.90,73.60,71.60,73.50,1944048,141869975,2.2,,108815816,1476,,,1
2022-04-14,4952,凌通,twse,73.50,73.70,72.70,73.20,847510,61943107,-0.3,,108815816,752,,,1
2022-04-15,4952,凌通,twse,72.70,72.70,71.10,71.20,1120691,80261988,-2.0,,108815816,872,,,1
2022-04-18,4952,凌通,twse,70.50,71.50,69.40,70.70,1179681,83256907,-0.5,,108815816,811,,,1
2022-04-19,4952,凌通,twse,72.00,72.30,70.80,71.10,1027701,73466300,0.4,,108815816,729,,,1
2022-04-20,4952,凌通,twse,71.90,72.70,71.30,72.70,1030089,74240771,1.6,,108815816,827,,,1
2022-04-21,4952,凌通,twse,73.30,75.50,72.80,74.90,2786225,207467592,2.2,,108815816,2165,,,1
2022-04-22,4952,凌通,twse,73.50,74.60,73.30,73.30,1222731,90239729,-1.6,,108815816,1188,,,1
2022-04-25,4952,凌通,twse,71.50,71.90,70.80,70.90,1104665,78501502,-2.4,,108815816,836,,,1
2022-04-26,4952,凌通,twse,71.10,71.80,70.20,70.20,760405,53730331,-0.7,,108815816,679,,,1
2022-04-27,4952,凌通,twse,67.50,68.80,66.00,68.30,1818739,122831230,-1.9,,108815816,1455,,,1
2022-04-28,4952,凌通,twse,68.50,69.50,67.90,68.60,617103,42428713,0.3,,108815816,531,,,1
2022-04-29,4952,凌通,twse,69.90,70.50,68.60,68.60,783027,54354500,0.0,,108815816,601,,,1
2022-05-03,4952,凌通,twse,68.90,70.80,68.80,70.70,1051886,73815535,2.1,,108815816,837,,,1
2022-05-04,4952,凌通,twse,71.50,76.90,70.80,76.40,5608324,419619138,5.7,,108815816,4013,,,1
2022-05-05,4952,凌通,twse,78.00,78.50,75.10,76.00,7298582,560336356,-0.4,,108815816,5596,,,1
2022-05-06,4952,凌通,twse,74.20,78.00,74.20,77.10,5852209,449270863,1.1,,108815816,4550,,,1
2022-05-09,4952,凌通,twse,76.60,78.40,76.20,76.90,3600881,278059816,-0.2,,108815816,3297,,,1
2022-05-10,4952,凌通,twse,75.80,79.40,75.40,79.30,5999239,468609095,2.4,,108815816,4516,,,1
2022-05-11,4952,凌通,twse,78.00,78.90,76.70,77.40,3179733,247455388,-1.9,,108815816,3008,,,1
2022-05-12,4952,凌通,twse,76.80,78.40,75.40,75.40,2951857,226489303,-2.0,,108815816,2300,,,1
2022-05-13,4952,凌通,twse,76.70,78.10,76.40,77.90,3229436,250075839,2.5,,108815816,2190,,,1
2022-05-16,4952,凌通,twse,79.40,80.00,77.00,77.00,4335222,340445690,-0.9,,108815816,3525,,,1
2022-05-17,4952,凌通,twse,77.80,78.40,77.20,78.40,1728608,134804758,1.4,,108815816,1289,,,1
2022-05-18,4952,凌通,twse,79.40,79.80,78.10,78.30,2427552,191277650,-0.1,,108815816,1828,,,1
2022-05-19,4952,凌通,twse,76.40,79.20,76.10,79.00,2244980,175469508,0.7,,108815816,1665,,,1
2022-05-20,4952,凌通,twse,79.50,82.10,78.40,80.80,6067949,490389942,1.8,,108815816,4810,,,1
2022-05-23,4952,凌通,twse,81.20,82.40,78.00,82.00,7236533,583098879,1.2,,108815816,5352,,,1
2022-05-24,4952,凌通,twse,82.50,82.50,77.20,77.60,6890836,549989137,-4.4,,108815816,4971,,,1
2022-05-25,4952,凌通,twse,78.30,78.90,77.70,78.20,1827949,143342954,0.6,,108815816,1519,,,1
2022-05-26,4952,凌通,twse,78.40,79.00,76.40,76.60,2173147,168396561,-1.6,,108815816,1679,,,1
2022-05-27,4952,凌通,twse,77.90,78.50,77.10,77.30,1587737,123542257,0.7,,108815816,1304,,,1
2022-05-30,4952,凌通,twse,78.20,79.80,77.90,79.60,2692790,213153578,2.3,,108815816,1985,,,1
2022-05-31,4952,凌通,twse,79.80,80.50,79.30,79.60,1850592,147816874,0.0,,108815816,1468,,,1
2022-06-01,4952,凌通,twse,79.60,81.80,79.50,81.20,3643687,295444631,1.6,,108815816,2567,,,1
2022-06-02,4952,凌通,twse,81.90,84.60,81.60,82.00,9898808,820565839,0.8,,108815816,6958,,,1
2022-06-06,4952,凌通,twse,81.60,81.70,80.10,80.30,2283495,184323981,-1.7,,108815816,1860,,,1
2022-06-07,4952,凌通,twse,80.20,81.30,79.60,81.00,1891780,152391591,0.7,,108815816,1415,,,1
2022-06-08,4952,凌通,twse,81.10,81.30,80.00,80.30,1774129,142812645,-0.7,,108815816,1327,,,1
2022-06-09,4952,凌通,twse,80.00,81.10,79.30,80.00,1740074,139317252,-0.3,,108815816,1249,,,1
2022-06-10,4952,凌通,twse,79.60,80.40,79.50,79.60,1346686,107527490,-0.4,,108815816,966,,,1
2022-06-13,4952,凌通,twse,77.90,78.40,77.10,77.10,1588509,123551602,-2.5,,108815816,1198,,,1
2022-06-14,4952,凌通,twse,76.60,77.80,75.90,77.80,1331421,102357006,0.7,,108815816,999,,,1
2022-06-15,4952,凌通,twse,77.70,78.30,76.30,76.50,1071806,82653888,-1.3,,108815816,910,,,1
2022-06-16,4952,凌通,twse,77.50,77.90,74.00,74.00,1520447,115167219,-2.5,,108815816,1182,,,1
2022-06-17,4952,凌通,twse,72.00,73.90,72.00,73.20,1088659,79444523,-0.8,,108815816,851,,,1
2022-06-20,4952,凌通,twse,73.90,73.90,70.70,70.70,1425827,102692372,-2.5,,108815816,1081,,,1
2022-06-21,4952,凌通,twse,71.50,72.60,70.10,72.60,1706338,122180549,1.9,,108815816,1183,,,1
2022-06-22,4952,凌通,twse,67.70,67.80,64.50,64.50,1842691,122505382,0.0,,108815816,1379,,,1
2022-06-23,4952,凌通,twse,64.50,65.10,63.00,63.50,1030503,66157359,-1.0,,108815816,750,,,1
2022-06-24,4952,凌通,twse,64.20,64.90,63.10,63.40,723342,46223734,-0.1,,108815816,719,,,1
2022-06-27,4952,凌通,twse,64.00,66.10,64.00,65.40,1121123,73029384,2.0,,108815816,790,,,1
2022-06-28,4952,凌通,twse,65.20,65.50,63.40,63.70,752901,48254896,-1.7,,108815816,554,,,1
2022-06-29,4952,凌通,twse,63.00,63.20,61.50,61.80,1104870,68774505,-1.9,,108815816,794,,,1
2022-06-30,4952,凌通,twse,61.60,61.60,59.30,59.40,1345243,80841198,-2.4,,108815816,913,,,1
2022-07-01,4952,凌通,twse,58.50,59.40,55.00,55.00,2431829,138647606,-4.4,,108815816,1699,,,1
2022-07-04,4952,凌通,twse,55.90,56.40,54.40,55.20,1246669,69259585,0.2,,108815816,902,,,1
2022-07-05,4952,凌通,twse,56.40,56.50,53.90,55.50,1012331,55765296,0.3,,108815816,843,,,1
2022-07-06,4952,凌通,twse,55.30,56.20,53.10,53.10,883908,48121859,-2.4,,108815816,711,,,1
2022-07-07,4952,凌通,twse,53.40,54.90,52.70,54.30,768913,41533710,1.2,,108815816,584,,,1
2022-07-08,4952,凌通,twse,55.00,56.70,55.00,55.70,1098201,61387479,1.4,,108815816,775,,,1
2022-07-11,4952,凌通,twse,54.50,55.00,53.00,53.70,1232865,66188816,-2.0,,108815816,938,,,1
2022-07-12,4952,凌通,twse,52.70,52.70,50.50,50.70,1457577,74679176,-3.0,,108815816,997,,,1
2022-07-13,4952,凌通,twse,52.50,52.90,52.00,52.00,861939,45249121,1.3,,108815816,559,,,1
2022-07-14,4952,凌通,twse,53.70,57.20,53.70,57.20,3744790,210051041,5.2,,108815816,2331,,,1
2022-07-15,4952,凌通,twse,58.40,59.20,57.30,59.20,7502961,438332986,2.0,,108815816,4849,,,1
2022-07-18,4952,凌通,twse,58.30,59.90,58.10,59.00,1991543,117223039,-0.2,,108815816,1359,,,1
2022-07-19,4952,凌通,twse,58.60,59.40,58.50,58.80,1113129,65625741,-0.2,,108815816,837,,,1
2022-07-20,4952,凌通,twse,59.70,63.50,59.70,62.30,4947874,305198995,3.5,,108815816,3499,,,1
2022-07-21,4952,凌通,twse,63.60,65.90,63.00,65.60,8754098,567070044,3.3,,108815816,6192,,,1
2022-07-22,4952,凌通,twse,64.80,65.10,63.80,65.00,2905957,187289243,-0.6,,108815816,2071,,,1
2022-07-25,4952,凌通,twse,64.00,64.50,63.50,64.50,1085069,69520931,-0.5,,108815816,806,,,1
2022-07-26,4952,凌通,twse,64.00,64.00,60.30,60.40,2709567,166477734,-4.1,,108815816,1994,,,1
2022-07-27,4952,凌通,twse,60.00,62.20,59.90,62.00,1288820,79147918,1.6,,108815816,988,,,1
2022-07-28,4952,凌通,twse,62.80,63.00,60.70,60.80,1013171,62363277,-1.2,,108815816,731,,,1
2022-07-29,4952,凌通,twse,61.50,62.00,60.70,61.10,899771,55081793,0.3,,108815816,593,,,1
2022-08-01,4952,凌通,twse,61.30,61.90,60.40,61.30,671545,41162026,0.2,,108815816,477,,,1
2022-08-02,4952,凌通,twse,60.40,60.50,59.50,60.20,692619,41530388,-1.1,,108815816,509,,,1
2022-08-03,4952,凌通,twse,60.20,61.40,60.20,60.40,807817,49091750,0.2,,108815816,585,,,1
2022-08-04,4952,凌通,twse,60.50,60.80,58.90,60.30,954884,57201637,-0.1,,108815816,656,,,1
2022-08-05,4952,凌通,twse,60.60,62.00,60.60,61.90,1121934,69154381,1.6,,108815816,801,,,1
2022-08-08,4952,凌通,twse,61.70,61.70,60.80,61.20,531005,32520451,-0.7,,108815816,552,,,1
2022-08-09,4952,凌通,twse,59.30,60.00,56.00,57.30,2730833,156657437,-3.9,,108815816,2173,,,1
2022-08-10,4952,凌通,twse,56.40,57.30,56.20,56.50,822447,46576280,-0.8,,108815816,673,,,1
2022-08-11,4952,凌通,twse,57.50,57.50,56.80,57.20,657717,37553747,0.7,,108815816,497,,,1
2022-08-12,4952,凌通,twse,57.60,59.40,57.40,59.20,1160703,68101900,2.0,,108815816,888,,,1
2022-08-15,4952,凌通,twse,59.20,60.40,59.00,60.30,881439,52753793,1.1,,108815816,661,,,1
2022-08-16,4952,凌通,twse,59.70,60.50,59.60,59.90,797416,47938676,-0.4,,108815816,571,,,1
2022-08-17,4952,凌通,twse,59.80,60.60,59.80,59.90,628454,37815608,0.0,,108815816,648,,,1
2022-08-18,4952,凌通,twse,59.00,59.50,57.70,59.10,1826250,106892415,-0.8,,108815816,1341,,,1
2022-08-19,4952,凌通,twse,59.20,60.50,59.20,60.10,793965,47638836,1.0,,108815816,699,,,1
2022-08-22,4952,凌通,twse,59.50,59.90,59.20,59.20,367776,21881956,-0.9,,108815816,306,,,1
2022-08-23,4952,凌通,twse,59.00,59.00,58.00,58.40,432033,25177750,-0.8,,108815816,342,,,1
2022-08-24,4952,凌通,twse,58.80,59.20,57.50,57.80,555821,32205670,-0.6,,108815816,463,,,1
2022-08-25,4952,凌通,twse,57.90,59.10,57.90,58.50,472658,27718432,0.7,,108815816,368,,,1
2022-08-26,4952,凌通,twse,59.00,59.60,58.60,58.60,399009,23553701,0.1,,108815816,346,,,1
2022-08-29,4952,凌通,twse,56.50,57.00,56.30,56.40,579354,32771057,-2.2,,108815816,481,,,1
2022-08-30,4952,凌通,twse,56.60,57.00,56.30,56.90,397266,22489536,0.5,,108815816,353,,,1
2022-08-31,4952,凌通,twse,56.50,57.40,56.30,57.40,303069,17268599,0.5,,108815816,258,,,1
2022-09-01,4952,凌通,twse,56.60,57.00,56.10,56.10,466202,26337104,-1.3,,108815816,390,,,1
2022-09-02,4952,凌通,twse,56.50,56.50,55.00,55.40,504747,28028099,-0.7,,108815816,384,,,1
2022-09-05,4952,凌通,twse,55.10,55.40,53.60,53.60,742692,40149168,-1.8,,108815816,590,,,1
2022-09-06,4952,凌通,twse,54.00,54.20,52.00,52.40,604988,31877759,-1.2,,108815816,457,,,1
2022-09-07,4952,凌通,twse,52.40,52.80,51.40,52.30,466999,24307944,-0.1,,108815816,348,,,1
2022-09-08,4952,凌通,twse,53.00,53.20,52.00,52.90,306258,16104086,0.6,,108815816,241,,,1
2022-09-12,4952,凌通,twse,53.40,53.40,52.30,52.30,489450,25792957,-0.6,,108815816,422,,,1
2022-09-13,4952,凌通,twse,52.50,53.90,52.50,52.90,690505,36788287,0.6,,108815816,495,,,1
2022-09-14,4952,凌通,twse,52.00,53.00,51.60,53.00,320005,16751442,0.1,,108815816,261,,,1
2022-09-15,4952,凌通,twse,53.00,53.60,52.80,53.20,251445,13395369,0.2,,108815816,239,,,1
2022-09-16,4952,凌通,twse,52.80,54.40,52.80,53.20,581259,31164199,0.0,,108815816,447,,,1
2022-09-19,4952,凌通,twse,53.20,53.40,52.10,52.20,268350,14107797,-1.0,,108815816,255,,,1
2022-09-20,4952,凌通,twse,52.30,54.00,52.30,53.00,515874,27495543,0.8,,108815816,375,,,1
2022-09-21,4952,凌通,twse,52.40,52.90,52.30,52.30,214932,11283832,-0.7,,108815816,173,,,1
2022-09-22,4952,凌通,twse,52.10,53.50,51.60,52.90,267660,14056296,0.6,,108815816,204,,,1
2022-09-23,4952,凌通,twse,52.50,53.00,51.10,51.20,495969,25640315,-1.7,,108815816,450,,,1
2022-09-26,4952,凌通,twse,50.60,50.60,47.45,48.20,869600,42731028,-3.0,,108815816,702,,,1
2022-09-27,4952,凌通,twse,48.40,49.60,48.00,49.60,484749,23581278,1.4,,108815816,370,,,1
2022-09-28,4952,凌通,twse,48.85,49.55,46.90,46.95,581565,27657177,-2.65,,108815816,480,,,1
2022-09-29,4952,凌通,twse,48.00,48.20,46.75,47.10,325345,15449354,0.15,,108815816,259,,,1
2022-09-30,4952,凌通,twse,45.65,48.60,45.50,48.55,734503,34576800,1.45,,108815816,476,,,1
2022-10-03,4952,凌通,twse,47.30,48.65,47.20,47.85,249183,11945049,-0.7,,108815816,343,,,1
2022-10-04,4952,凌通,twse,48.65,49.30,48.20,49.00,264382,12913913,1.15,,108815816,246,,,1
2022-10-05,4952,凌通,twse,49.50,50.30,48.50,48.75,412118,20332278,-0.25,,108815816,294,,,1
2022-10-06,4952,凌通,twse,48.90,49.45,48.15,48.75,199665,9734149,0.0,,108815816,219,,,1
2022-10-07,4952,凌通,twse,48.35,48.45,47.65,47.70,267886,12858794,-1.05,,108815816,280,,,1
2022-10-11,4952,凌通,twse,45.80,45.80,44.60,44.80,508012,22863707,-2.9,,108815816,462,,,1
2022-10-12,4952,凌通,twse,44.70,44.95,44.00,44.65,350360,15560935,-0.15,,108815816,282,,,1
2022-10-13,4952,凌通,twse,45.00,45.10,42.00,42.00,656865,28225352,-2.65,,108815816,486,,,1
2022-10-14,4952,凌通,twse,42.85,45.50,42.85,45.35,512363,22943675,3.35,,108815816,450,,,1
2022-10-17,4952,凌通,twse,44.10,45.90,43.60,45.90,220641,9857839,0.55,,108815816,228,,,1
2022-10-18,4952,凌通,twse,46.20,46.40,45.30,45.90,256424,11740217,0.0,,108815816,266,,,1
2022-10-19,4952,凌通,twse,45.55,46.20,44.85,44.85,214209,9763630,-1.05,,108815816,267,,,1
2022-10-20,4952,凌通,twse,44.60,44.90,44.00,44.05,527859,23334335,-0.8,,108815816,358,,,1
2022-10-21,4952,凌通,twse,44.25,44.80,43.80,44.05,218424,9679231,0.0,,108815816,179,,,1
2022-10-24,4952,凌通,twse,44.80,45.60,44.15,44.30,343967,15497340,0.25,,108815816,258,,,1
2022-10-25,4952,凌通,twse,44.50,44.50,43.50,43.50,192949,8483106,-0.8,,108815816,192,,,1
2022-10-26,4952,凌通,twse,43.70,43.95,42.80,42.90,185666,8037966,-0.6,,108815816,172,,,1
2022-10-27,4952,凌通,twse,43.50,45.00,43.50,45.00,295956,13163269,2.1,,108815816,266,,,1
2022-10-28,4952,凌通,twse,44.30,44.65,43.55,43.55,224619,9873012,-1.45,,108815816,236,,,1
2022-10-31,4952,凌通,twse,44.35,44.95,44.30,44.70,206636,9242496,1.15,,108815816,194,,,1
2022-11-01,4952,凌通,twse,44.15,45.30,44.15,44.90,245101,11031100,0.2,,108815816,216,,,1
2022-11-02,4952,凌通,twse,44.60,46.20,44.60,45.85,317802,14552621,0.95,,108815816,263,,,1
2022-11-03,4952,凌通,twse,45.50,46.50,45.20,46.25,250496,11563065,0.4,,108815816,236,,,1
2022-11-04,4952,凌通,twse,46.75,46.80,45.75,46.40,145593,6721643,0.15,,108815816,178,,,1
2022-11-07,4952,凌通,twse,46.30,46.95,46.00,46.50,291123,13543042,0.1,,108815816,513,,,1
2022-11-08,4952,凌通,twse,46.30,47.35,46.25,46.30,536110,25074807,-0.2,,108815816,468,,,1
2022-11-09,4952,凌通,twse,46.80,47.75,46.65,47.55,506131,24012153,1.25,,108815816,386,,,1
2022-11-10,4952,凌通,twse,47.40,48.40,47.40,47.80,339656,16238948,0.25,,108815816,292,,,1
2022-11-11,4952,凌通,twse,48.85,49.30,47.85,47.90,385112,18560341,0.1,,108815816,326,,,1
2022-11-14,4952,凌通,twse,48.00,48.50,47.45,47.90,332764,15918272,0.0,,108815816,373,,,1
2022-11-15,4952,凌通,twse,48.10,48.80,48.00,48.65,408517,19797423,0.75,,108815816,391,,,1
2022-11-16,4952,凌通,twse,48.65,49.60,48.20,48.90,520560,25502803,0.25,,108815816,482,,,1
2022-11-17,4952,凌通,twse,48.90,49.40,48.50,49.00,241348,11811925,0.1,,108815816,337,,,1
2022-11-18,4952,凌通,twse,49.00,50.10,48.95,49.10,404245,19994982,0.1,,108815816,290,,,1
2022-11-21,4952,凌通,twse,49.20,49.20,47.90,47.90,348300,16845703,-1.2,,108815816,390,,,1
2022-11-22,4952,凌通,twse,48.40,48.40,47.50,47.60,197105,9409859,-0.3,,108815816,166,,,1
2022-11-23,4952,凌通,twse,48.30,48.30,47.80,47.80,112640,5398795,0.2,,108815816,98,,,1
2022-11-24,4952,凌通,twse,48.00,49.65,48.00,49.65,469140,23059293,1.85,,108815816,424,,,1
2022-11-25,4952,凌通,twse,50.00,50.10,49.00,49.10,354554,17503377,-0.55,,108815816,301,,,1
2022-11-28,4952,凌通,twse,48.55,49.20,48.50,49.05,141615,6920443,-0.05,,108815816,134,,,1
2022-11-29,4952,凌通,twse,48.85,48.90,48.30,48.70,195659,9510715,-0.35,,108815816,171,,,1
2022-11-30,4952,凌通,twse,48.60,49.60,48.60,49.60,235373,11609212,0.9,,108815816,189,,,1
2022-12-01,4952,凌通,twse,50.10,51.10,49.90,50.30,505188,25516388,0.7,,108815816,437,,,1
2022-12-02,4952,凌通,twse,50.10,51.10,50.00,50.70,356730,18083799,0.4,,108815816,288,,,1
2022-12-05,4952,凌通,twse,50.60,51.90,50.60,50.80,304543,15549158,0.1,,108815816,247,,,1
2022-12-06,4952,凌通,twse,50.80,50.80,49.00,49.15,402575,20013928,-1.65,,108815816,352,,,1
2022-12-07,4952,凌通,twse,49.05,49.05,48.05,48.15,386428,18706455,-1.0,,108815816,330,,,1
2022-12-08,4952,凌通,twse,47.85,48.45,47.85,48.15,104350,5021766,0.0,,108815816,93,,,1
2022-12-09,4952,凌通,twse,48.10,48.50,47.60,47.65,356652,17083114,-0.5,,108815816,264,,,1
2022-12-12,4952,凌通,twse,47.40,47.55,47.10,47.40,164980,7811267,-0.25,,108815816,130,,,1
2022-12-13,4952,凌通,twse,47.50,47.65,47.15,47.35,159590,7566484,-0.05,,108815816,141,,,1
2022-12-14,4952,凌通,twse,47.50,48.55,47.50,48.50,342191,16550105,1.15,,108815816,216,,,1
2022-12-15,4952,凌通,twse,48.50,48.50,48.05,48.15,133184,6417445,-0.35,,108815816,142,,,1
2022-12-16,4952,凌通,twse,47.60,47.60,47.15,47.25,206417,9767432,-0.9,,108815816,243,,,1
2022-12-19,4952,凌通,twse,47.00,47.25,46.65,46.70,119462,5598821,-0.55,,108815816,120,,,1
2022-12-20,4952,凌通,twse,46.75,49.00,46.75,47.05,633330,30433742,0.35,,108815816,504,,,1
2022-12-21,4952,凌通,twse,48.15,48.25,47.05,47.05,205840,9763994,0.0,,108815816,236,,,1
2022-12-22,4952,凌通,twse,48.70,50.20,47.80,47.80,806410,39403614,0.75,,108815816,643,,,1
2022-12-23,4952,凌通,twse,47.25,48.10,47.20,47.85,191270,9101991,0.05,,108815816,166,,,1
2022-12-26,4952,凌通,twse,47.85,48.20,47.50,47.65,116208,5539960,-0.2,,108815816,113,,,1
2022-12-27,4952,凌通,twse,47.85,48.40,47.85,47.95,113855,5480091,0.3,,108815816,151,,,1
2022-12-28,4952,凌通,twse,47.70,47.70,46.80,46.80,197343,9288907,-1.15,,108815816,196,,,1
2022-12-29,4952,凌通,twse,46.10,46.50,46.10,46.35,156501,7245242,-0.45,,108815816,137,,,1
2022-12-30,4952,凌通,twse,46.70,46.70,46.15,46.25,114319,5293173,-0.1,,108815816,118,,,1
2023-01-03,4952,凌通,twse,46.25,46.80,46.00,46.65,65259,3033564,0.4,,108815816,62,,,1
2023-01-04,4952,凌通,twse,47.00,47.25,46.75,47.05,125808,5919128,0.4,,108815816,111,,,1
2023-01-05,4952,凌通,twse,47.30,47.90,47.30,47.50,166307,7910706,0.45,,108815816,139,,,1
2023-01-06,4952,凌通,twse,47.50,48.25,47.50,48.15,245014,11773975,0.65,,108815816,176,,,1
2023-01-09,4952,凌通,twse,48.70,48.70,47.90,48.10,191577,9238379,-0.05,,108815816,148,,,1
2023-01-10,4952,凌通,twse,48.10,48.30,47.85,48.10,201235,9675837,0.0,,108815816,154,,,1
2023-01-11,4952,凌通,twse,48.30,48.45,48.00,48.35,229400,11070079,0.25,,108815816,173,,,1
2023-01-12,4952,凌通,twse,48.35,48.50,47.65,47.65,195444,9402629,-0.7,,108815816,151,,,1
2023-01-13,4952,凌通,twse,47.70,47.90,46.80,46.80,251880,11868663,-0.85,,108815816,201,,,1
2023-01-16,4952,凌通,twse,46.80,47.20,46.55,46.75,139893,6558564,-0.05,,108815816,128,,,1
2023-01-17,4952,凌通,twse,47.00,47.60,46.60,47.55,148293,7010785,0.8,,108815816,147,,,1
2023-01-30,4952,凌通,twse,47.90,48.85,47.90,48.50,362122,17584018,0.95,,108815816,317,,,1
2023-01-31,4952,凌通,twse,48.80,49.55,48.80,49.15,383128,18890221,0.65,,108815816,320,,,1
2023-02-01,4952,凌通,twse,49.80,50.60,49.25,50.60,657766,32942366,1.45,,108815816,559,,,1
2023-02-02,4952,凌通,twse,51.00,51.60,50.80,51.10,850088,43457621,0.5,,108815816,605,,,1
2023-02-03,4952,凌通,twse,51.20,51.40,50.20,51.00,512091,26116499,-0.1,,108815816,378,,,1
2023-02-06,4952,凌通,twse,50.60,50.90,50.10,50.50,288407,14577950,-0.5,,108815816,249,,,1
2023-02-07,4952,凌通,twse,50.50,51.50,50.20,51.20,339833,17336824,0.7,,108815816,266,,,1
2023-02-08,4952,凌通,twse,51.50,52.70,51.00,52.20,1121546,58439875,1.0,,108815816,725,,,1
2023-02-09,4952,凌通,twse,51.50,51.80,51.20,51.60,501720,25839050,-0.6,,108815816,365,,,1
2023-02-10,4952,凌通,twse,51.60,51.60,50.40,50.40,474858,24061831,-1.2,,108815816,375,,,1
2023-02-13,4952,凌通,twse,50.40,50.80,49.90,50.20,168470,8479432,-0.2,,108815816,155,,,1
2023-02-14,4952,凌通,twse,50.80,51.60,50.80,51.30,399721,20493830,1.1,,108815816,322,,,1
2023-02-15,4952,凌通,twse,51.20,52.10,51.20,51.60,375783,19414489,0.3,,108815816,249,,,1
2023-02-16,4952,凌通,twse,52.10,52.30,52.00,52.10,251031,13079469,0.5,,108815816,203,,,1
2023-02-17,4952,凌通,twse,51.90,52.40,51.60,52.30,318176,16599329,0.2,,108815816,235,,,1
2023-02-20,4952,凌通,twse,52.30,53.10,52.30,53.00,365505,19297498,0.7,,108815816,293,,,1
2023-02-21,4952,凌通,twse,54.20,55.30,53.70,53.70,1835424,99789834,0.7,,108815816,1363,,,1
2023-02-22,4952,凌通,twse,53.70,54.50,53.20,54.30,921036,49767609,0.6,,108815816,692,,,1
2023-02-23,4952,凌通,twse,54.80,55.40,54.60,55.30,850847,46880752,1.0,,108815816,677,,,1
2023-02-24,4952,凌通,twse,55.40,56.00,54.80,55.10,744645,41138562,-0.2,,108815816,690,,,1
2023-03-01,4952,凌通,twse,55.10,58.40,55.10,57.00,1671749,95433246,1.9,,108815816,1339,,,1
2023-03-02,4952,凌通,twse,57.00,57.90,56.60,56.90,911329,51921383,-0.1,,108815816,736,,,1
2023-03-03,4952,凌通,twse,57.10,57.50,56.80,57.10,794622,45422026,0.2,,108815816,552,,,1
2023-03-06,4952,凌通,twse,57.60,58.10,57.20,57.30,584027,33643946,0.2,,108815816,428,,,1
2023-03-07,4952,凌通,twse,57.20,57.60,56.70,57.50,542234,31042525,0.2,,108815816,400,,,1
2023-03-08,4952,凌通,twse,57.00,58.00,56.90,57.90,602563,34720689,0.4,,108815816,479,,,1
2023-03-09,4952,凌通,twse,57.70,57.90,57.30,57.40,556901,32058580,-0.5,,108815816,436,,,1
2023-03-10,4952,凌通,twse,57.00,57.20,56.50,56.60,589226,33471355,-0.8,,108815816,499,,,1
2023-03-13,4952,凌通,twse,56.00,57.00,55.20,56.60,490633,27541526,0.0,,108815816,376,,,1
2023-03-14,4952,凌通,twse,56.40,57.00,56.00,56.90,352285,19952714,0.3,,108815816,288,,,1
2023-03-15,4952,凌通,twse,57.20,57.70,57.00,57.00,325622,18684480,0.1,,108815816,418,,,1
2023-03-16,4952,凌通,twse,57.00,57.00,56.20,56.70,369324,20904702,-0.3,,108815816,313,,,1
2023-03-17,4952,凌通,twse,56.70,57.50,56.70,57.20,475911,27223260,0.5,,108815816,249,,,1
2023-03-20,4952,凌通,twse,57.20,57.80,57.20,57.40,270408,15546083,0.2,,108815816,209,,,1
2023-03-21,4952,凌通,twse,57.80,58.00,57.50,57.80,343562,19855546,0.4,,108815816,267,,,1
2023-03-22,4952,凌通,twse,58.20,58.70,57.70,58.60,726857,42308959,0.8,,108815816,622,,,1
2023-03-23,4952,凌通,twse,58.60,58.70,58.00,58.40,472881,27613147,-0.2,,108815816,471,,,1
2023-03-24,4952,凌通,twse,58.40,58.60,57.80,57.80,510730,29703527,-0.6,,108815816,753,,,1
2023-03-27,4952,凌通,twse,57.80,57.80,57.00,57.00,267919,15347358,-0.8,,108815816,262,,,1
2023-03-28,4952,凌通,twse,57.00,57.00,56.00,56.20,394286,22227130,-0.8,,108815816,321,,,1
2023-03-29,4952,凌通,twse,56.50,56.70,56.10,56.30,136204,7672614,0.1,,108815816,145,,,1
2023-03-30,4952,凌通,twse,56.50,56.90,56.50,56.80,217530,12329415,0.5,,108815816,123,,,1
2023-03-31,4952,凌通,twse,56.80,57.80,56.80,57.60,373444,21441713,0.8,,108815816,295,,,1
2023-04-06,4952,凌通,twse,57.60,57.60,57.00,57.40,145047,8319495,-0.2,,108815816,138,,,1
2023-04-07,4952,凌通,twse,57.20,57.80,57.20,57.40,131906,7577117,0.0,,108815816,135,,,1
2023-04-10,4952,凌通,twse,57.40,57.60,57.30,57.40,108923,6253555,0.0,,108815816,106,,,1
2023-04-11,4952,凌通,twse,57.80,58.10,57.30,57.90,285654,16519900,0.5,,108815816,250,,,1
2023-04-12,4952,凌通,twse,57.90,58.30,57.90,58.10,243800,14162501,0.2,,108815816,192,,,1
2023-04-13,4952,凌通,twse,58.20,58.20,57.30,57.30,186739,10740818,-0.8,,108815816,170,,,1
2023-04-14,4952,凌通,twse,57.50,57.60,57.10,57.30,184375,10560838,0.0,,108815816,175,,,1
2023-04-17,4952,凌通,twse,57.30,58.20,57.00,58.00,297301,17183847,0.7,,108815816,234,,,1
2023-04-18,4952,凌通,twse,58.20,58.60,57.90,57.90,260781,15188858,-0.1,,108815816,236,,,1
2023-04-19,4952,凌通,twse,57.80,57.80,57.10,57.20,251293,14406785,-0.7,,108815816,264,,,1
2023-04-20,4952,凌通,twse,57.00,57.00,56.50,56.50,220793,12514080,-0.7,,108815816,219,,,1
2023-04-21,4952,凌通,twse,56.30,56.60,55.10,55.30,410391,22828192,-1.2,,108815816,398,,,1
2023-04-24,4952,凌通,twse,55.20,55.80,55.20,55.70,117545,6524585,0.4,,108815816,111,,,1
2023-04-25,4952,凌通,twse,55.70,55.70,54.50,54.60,327844,18019235,-1.1,,108815816,307,,,1
2023-04-26,4952,凌通,twse,54.50,55.20,53.80,55.00,176445,9563168,0.4,,108815816,184,,,1
2023-04-27,4952,凌通,twse,55.10,55.50,54.40,55.50,100127,5519588,0.5,,108815816,93,,,1
2023-04-28,4952,凌通,twse,56.00,56.30,55.60,55.70,160651,8964877,0.2,,108815816,130,,,1
2023-05-02,4952,凌通,twse,56.00,56.10,55.50,56.00,115989,6490820,0.3,,108815816,107,,,1
2023-05-03,4952,凌通,twse,56.00,56.40,55.60,55.70,108056,6052625,-0.3,,108815816,123,,,1
2023-05-04,4952,凌通,twse,55.70,55.80,55.40,55.60,93563,5198283,-0.1,,108815816,84,,,1
2023-05-05,4952,凌通,twse,55.50,55.90,55.00,55.40,138928,7709200,-0.2,,108815816,134,,,1
2023-05-08,4952,凌通,twse,56.50,56.50,55.40,56.00,195881,10915453,0.6,,108815816,147,,,1
2023-05-09,4952,凌通,twse,55.50,56.00,55.00,55.10,186820,10328051,-0.9,,108815816,167,,,1
2023-05-10,4952,凌通,twse,55.10,55.30,54.40,54.40,228200,12503295,-0.7,,108815816,233,,,1
2023-05-11,4952,凌通,twse,54.40,54.40,53.20,53.30,312619,16759518,-1.1,,108815816,320,,,1
2023-05-12,4952,凌通,twse,53.20,54.40,52.80,54.10,161301,8640987,0.8,,108815816,128,,,1
2023-05-15,4952,凌通,twse,53.60,53.80,53.10,53.60,62134,3322038,-0.5,,108815816,66,,,1
2023-05-16,4952,凌通,twse,53.60,54.20,53.50,53.80,75010,4046651,0.2,,108815816,84,,,1
2023-05-17,4952,凌通,twse,53.70,55.00,53.70,54.70,237966,12967520,0.9,,108815816,181,,,1
2023-05-18,4952,凌通,twse,54.90,55.30,54.50,54.90,128654,7068810,0.2,,108815816,134,,,1
2023-05-19,4952,凌通,twse,55.30,55.50,55.10,55.30,186355,10311409,0.4,,108815816,195,,,1
2023-05-22,4952,凌通,twse,55.30,55.50,55.20,55.20,106296,5878393,-0.1,,108815816,129,,,1
2023-05-23,4952,凌通,twse,55.30,56.00,55.10,56.00,183523,10225882,0.8,,108815816,218,,,1
2023-05-24,4952,凌通,twse,55.60,56.10,55.60,55.80,183994,10266002,-0.2,,108815816,216,,,1
2023-05-25,4952,凌通,twse,55.30,55.60,55.00,55.10,243281,13417881,-0.7,,108815816,257,,,1
2023-05-26,4952,凌通,twse,55.10,55.30,54.30,54.40,268037,14651288,-0.7,,108815816,222,,,1
2023-05-29,4952,凌通,twse,54.40,55.40,54.40,55.40,131460,7234647,1.0,,108815816,132,,,1
2023-05-30,4952,凌通,twse,55.60,55.70,55.10,55.30,168129,9299989,-0.1,,108815816,122,,,1
2023-05-31,4952,凌通,twse,55.30,56.20,55.30,55.70,293949,16392946,0.4,,108815816,261,,,1
2023-06-01,4952,凌通,twse,55.40,56.30,55.40,56.10,179055,10025083,0.4,,108815816,138,,,1
2023-06-02,4952,凌通,twse,55.90,56.20,55.80,55.80,224521,12558970,-0.3,,108815816,213,,,1
2023-06-05,4952,凌通,twse,55.80,56.50,55.80,56.30,162824,9154793,0.5,,108815816,149,,,1
2023-06-06,4952,凌通,twse,56.30,56.50,55.60,55.80,149715,8372449,-0.5,,108815816,168,,,1
2023-06-07,4952,凌通,twse,55.60,56.10,55.50,55.80,170033,9494790,0.0,,108815816,147,,,1
2023-06-08,4952,凌通,twse,55.80,56.10,55.70,55.80,167830,9386721,0.0,,108815816,154,,,1
2023-06-09,4952,凌通,twse,55.90,56.30,55.90,56.20,162161,9113151,0.4,,108815816,138,,,1
2023-06-12,4952,凌通,twse,56.40,57.30,56.10,56.90,507947,28871867,0.7,,108815816,403,,,1
2023-06-13,4952,凌通,twse,57.30,58.00,57.30,57.90,450218,26001104,1.0,,108815816,460,,,1
2023-06-14,4952,凌通,twse,58.30,59.30,58.00,58.80,911056,53535463,0.9,,108815816,819,,,1
2023-06-15,4952,凌通,twse,58.90,59.20,58.00,58.40,429497,25092003,-0.4,,108815816,413,,,1
2023-06-16,4952,凌通,twse,58.40,58.70,57.50,57.60,319264,18463429,-0.8,,108815816,361,,,1
2023-06-19,4952,凌通,twse,57.60,57.80,57.20,57.60,253751,14590907,0.0,,108815816,206,,,1
2023-06-20,4952,凌通,twse,57.80,57.80,57.10,57.50,179629,10310551,-0.1,,108815816,155,,,1
2023-06-21,4952,凌通,twse,57.50,58.10,57.10,58.10,256922,14802248,0.6,,108815816,228,,,1
2023-06-26,4952,凌通,twse,57.90,58.50,57.80,57.90,589495,34298347,-0.2,,108815816,399,,,1
2023-06-27,4952,凌通,twse,57.90,58.20,56.50,56.60,507675,28955881,-1.3,,108815816,462,,,1
2023-06-28,4952,凌通,twse,56.70,56.90,56.20,56.20,358912,20280590,-0.4,,108815816,323,,,1
2023-06-29,4952,凌通,twse,56.40,57.30,56.20,57.30,964627,54944953,1.1,,108815816,680,,,1
2023-06-30,4952,凌通,twse,52.30,52.40,50.70,51.30,815204,41851258,0.0,,108815816,698,,,1
2023-07-03,4952,凌通,twse,51.50,51.50,50.60,50.60,473507,24049623,-0.7,,108815816,419,,,1
2023-07-04,4952,凌通,twse,50.60,50.70,50.10,50.50,397070,19990161,-0.1,,108815816,337,,,1
2023-07-05,4952,凌通,twse,50.40,50.70,50.00,50.10,337983,16965084,-0.4,,108815816,343,,,1
2023-07-06,4952,凌通,twse,50.40,50.40,49.60,49.70,372994,18640531,-0.4,,108815816,322,,,1
2023-07-07,4952,凌通,twse,49.75,49.75,48.45,48.85,349460,17065367,-0.85,,108815816,386,,,1
2023-07-10,4952,凌通,twse,48.75,49.40,48.70,48.75,137968,6756325,-0.1,,108815816,160,,,1
2023-07-11,4952,凌通,twse,48.85,49.25,48.75,48.95,176878,8649683,0.2,,108815816,151,,,1
2023-07-12,4952,凌通,twse,48.95,49.00,48.40,48.45,212559,10327642,-0.5,,108815816,192,,,1
2023-07-13,4952,凌通,twse,48.50,48.90,48.10,48.20,209782,10170528,-0.25,,108815816,221,,,1
2023-07-14,4952,凌通,twse,48.30,48.90,48.20,48.75,153654,7467357,0.55,,108815816,125,,,1
2023-07-17,4952,凌通,twse,49.15,49.95,48.80,49.95,303318,15022658,1.2,,108815816,243,,,1
2023-07-18,4952,凌通,twse,50.00,50.40,49.20,49.60,295725,14698756,-0.35,,108815816,273,,,1
2023-07-19,4952,凌通,twse,50.20,50.20,49.00,49.00,173334,8562652,-0.6,,108815816,164,,,1
2023-07-20,4952,凌通,twse,49.00,49.65,48.80,49.35,76514,3769961,0.35,,108815816,79,,,1
2023-07-21,4952,凌通,twse,49.15,50.00,49.00,49.70,194622,9638900,0.35,,108815816,146,,,1
2023-07-24,4952,凌通,twse,49.70,49.80,48.45,48.75,187225,9192051,-0.95,,108815816,186,,,1
2023-07-25,4952,凌通,twse,49.40,49.40,48.60,49.15,147432,7209140,0.4,,108815816,131,,,1
2023-07-26,4952,凌通,twse,49.15,49.30,48.75,49.15,113577,5563023,0.0,,108815816,107,,,1
2023-07-27,4952,凌通,twse,49.15,50.20,49.15,50.20,247929,12358347,1.05,,108815816,217,,,1
2023-07-28,4952,凌通,twse,50.50,50.80,50.20,50.50,261931,13243658,0.3,,108815816,255,,,1
2023-07-31,4952,凌通,twse,50.90,51.20,49.55,49.65,198532,9957791,-0.85,,108815816,181,,,1
2023-08-01,4952,凌通,twse,50.60,50.60,49.60,49.65,105450,5282214,0.0,,108815816,85,,,1
2023-08-02,4952,凌通,twse,49.80,50.00,48.80,49.10,181155,8948531,-0.55,,108815816,190,,,1
2023-08-04,4952,凌通,twse,49.00,50.20,48.95,50.20,159922,7955230,1.1,,108815816,133,,,1
2023-08-07,4952,凌通,twse,50.30,50.40,49.90,50.20,142548,7147278,0.0,,108815816,129,,,1
2023-08-08,4952,凌通,twse,50.50,50.50,49.55,49.65,102021,5087813,-0.55,,108815816,115,,,1
2023-08-09,4952,凌通,twse,49.80,50.00,49.35,49.60,72415,3592803,-0.05,,108815816,66,,,1
2023-08-10,4952,凌通,twse,49.50,49.50,48.65,48.80,112604,5508876,-0.8,,108815816,111,,,1
2023-08-11,4952,凌通,twse,48.95,49.35,48.80,49.35,74808,3672377,0.55,,108815816,75,,,1
2023-08-14,4952,凌通,twse,49.05,49.45,48.50,48.80,100292,4886267,-0.55,,108815816,114,,,1
2023-08-15,4952,凌通,twse,48.80,48.80,48.50,48.75,95789,4658538,-0.05,,108815816,102,,,1
2023-08-16,4952,凌通,twse,48.40,48.40,47.80,48.40,126195,6063168,-0.35,,108815816,153,,,1
2023-08-17,4952,凌通,twse,49.10,49.85,48.40,49.45,176396,8664773,1.05,,108815816,166,,,1
2023-08-18,4952,凌通,twse,49.40,49.45,48.70,48.70,121234,5940755,-0.75,,108815816,126,,,1
2023-08-21,4952,凌通,twse,48.50,49.10,48.15,49.10,76609,3717601,0.4,,108815816,84,,,1
2023-08-22,4952,凌通,twse,49.10,49.25,48.60,49.10,110117,5394805,0.0,,108815816,94,,,1
2023-08-23,4952,凌通,twse,49.30,49.60,49.00,49.60,107672,5316508,0.5,,108815816,93,,,1
2023-08-24,4952,凌通,twse,50.30,50.30,48.90,49.00,98688,4894560,-0.6,,108815816,158,,,1
2023-08-25,4952,凌通,twse,48.45,49.70,48.45,49.40,66681,3293899,0.4,,108815816,119,,,1
2023-08-28,4952,凌通,twse,49.80,50.40,49.50,49.70,106235,5310671,0.3,,108815816,110,,,1
2023-08-29,4952,凌通,twse,49.80,49.95,49.50,49.80,58920,2925212,0.1,,108815816,76,,,1
2023-08-30,4952,凌通,twse,49.80,50.10,49.65,49.95,123221,6155258,0.15,,108815816,177,,,1
2023-08-31,4952,凌通,twse,50.00,50.30,49.95,50.30,124806,6251940,0.35,,108815816,120,,,1
2023-09-01,4952,凌通,twse,50.20,50.50,50.10,50.10,100483,5048726,-0.2,,108815816,159,,,1
2023-09-04,4952,凌通,twse,50.40,51.50,50.40,51.50,370746,18921225,1.4,,108815816,344,,,1
2023-09-05,4952,凌通,twse,52.00,53.50,51.50,52.40,662772,34790346,0.9,,108815816,704,,,1
2023-09-06,4952,凌通,twse,52.50,53.00,51.70,52.60,350799,18341783,0.2,,108815816,293,,,1
2023-09-07,4952,凌通,twse,52.90,53.50,52.10,52.50,340436,17976008,-0.1,,108815816,480,,,1
2023-09-08,4952,凌通,twse,52.30,52.60,51.60,52.40,167481,8721669,-0.1,,108815816,166,,,1
2023-09-11,4952,凌通,twse,52.40,52.90,51.80,52.00,184992,9673975,-0.4,,108815816,280,,,1
2023-09-12,4952,凌通,twse,52.10,52.70,51.80,52.10,117573,6141725,0.1,,108815816,174,,,1
2023-09-13,4952,凌通,twse,52.20,53.00,52.20,52.90,186411,9806892,0.8,,108815816,283,,,1
2023-09-14,4952,凌通,twse,52.90,53.50,52.90,53.50,270881,14445082,0.6,,108815816,292,,,1
2023-09-15,4952,凌通,twse,56.50,56.50,52.90,52.90,694278,37778018,-0.6,,108815816,725,,,1
2023-09-18,4952,凌通,twse,52.60,53.50,52.50,53.30,153375,8144458,0.4,,108815816,141,,,1
2023-09-19,4952,凌通,twse,54.00,54.00,52.50,53.10,166483,8841770,-0.2,,108815816,154,,,1
2023-09-20,4952,凌通,twse,53.40,53.40,51.60,52.20,135316,7069846,-0.9,,108815816,397,,,1
2023-09-21,4952,凌通,twse,51.60,51.60,50.50,51.20,146790,7480632,-1.0,,108815816,364,,,1
2023-09-22,4952,凌通,twse,50.80,51.60,50.50,51.20,105525,5388782,0.0,,108815816,109,,,1
2023-09-25,4952,凌通,twse,51.20,51.60,50.90,50.90,64464,3306237,-0.3,,108815816,84,,,1
2023-09-26,4952,凌通,twse,50.90,51.10,50.20,50.50,153997,7778268,-0.4,,108815816,136,,,1
2023-09-27,4952,凌通,twse,50.50,51.10,50.40,50.80,64752,3283877,0.3,,108815816,70,,,1
2023-09-28,4952,凌通,twse,50.50,51.20,50.50,51.10,69044,3518001,0.3,,108815816,86,,,1
2023-10-02,4952,凌通,twse,51.40,51.40,50.40,50.50,119746,6077281,-0.6,,108815816,129,,,1
2023-10-03,4952,凌通,twse,50.10,51.10,50.10,50.50,103863,5257734,0.0,,108815816,111,,,1
2023-10-04,4952,凌通,twse,50.20,50.40,49.80,50.40,100825,5047323,-0.1,,108815816,112,,,1
2023-10-05,4952,凌通,twse,50.40,51.00,50.40,50.70,80051,4058194,0.3,,108815816,57,,,1
2023-10-06,4952,凌通,twse,50.60,51.40,50.60,51.20,79817,4065424,0.5,,108815816,81,,,1
2023-10-11,4952,凌通,twse,51.10,51.20,49.55,49.70,155509,7780963,-1.5,,108815816,215,,,1
2023-10-12,4952,凌通,twse,49.50,50.00,49.35,49.75,103535,5142571,0.05,,108815816,110,,,1
2023-10-13,4952,凌通,twse,49.75,49.95,49.10,49.60,56441,2798656,-0.15,,108815816,72,,,1
2023-10-16,4952,凌通,twse,49.60,50.20,49.35,50.20,83694,4153497,0.6,,108815816,75,,,1
2023-10-17,4952,凌通,twse,50.50,50.70,49.90,49.90,78562,3958067,-0.3,,108815816,72,,,1
2023-10-18,4952,凌通,twse,50.70,50.70,49.45,49.45,104154,5190439,-0.45,,108815816,138,,,1
2023-10-19,4952,凌通,twse,49.90,50.00,49.00,49.95,85181,4227050,0.5,,108815816,68,,,1
2023-10-20,4952,凌通,twse,49.90,52.20,49.50,52.00,551417,28318402,2.05,,108815816,498,,,1
2023-10-23,4952,凌通,twse,52.10,52.10,51.20,51.50,147184,7588218,-0.5,,108815816,234,,,1
2023-10-24,4952,凌通,twse,52.10,52.10,50.90,51.00,123850,6367087,-0.5,,108815816,129,,,1
2023-10-25,4952,凌通,twse,51.00,51.90,51.00,51.70,127545,6585219,0.7,,108815816,143,,,1
2023-10-26,4952,凌通,twse,51.10,51.30,50.60,50.80,83731,4258829,-0.9,,108815816,193,,,1
2023-10-27,4952,凌通,twse,51.50,51.50,49.90,49.90,95564,4816240,-0.9,,108815816,318,,,1
2023-10-30,4952,凌通,twse,49.45,50.60,49.45,50.50,88343,4438694,0.6,,108815816,86,,,1
2023-10-31,4952,凌通,twse,50.50,51.50,49.20,49.20,116364,5843557,-1.3,,108815816,384,,,1
2023-11-01,4952,凌通,twse,49.30,49.80,49.15,49.20,106542,5257589,0.0,,108815816,139,,,1
2023-11-02,4952,凌通,twse,50.00,50.00,49.40,49.70,20323,1009716,0.5,,108815816,34,,,1
2023-11-03,4952,凌通,twse,49.70,50.00,49.50,49.85,63342,3153268,0.15,,108815816,78,,,1
2023-11-06,4952,凌通,twse,49.90,50.80,49.90,50.70,97164,4897031,0.85,,108815816,90,,,1
2023-11-07,4952,凌通,twse,51.10,51.10,50.60,51.00,62035,3156117,0.3,,108815816,66,,,1
2023-11-08,4952,凌通,twse,51.00,51.00,50.50,50.70,36565,1857857,-0.3,,108815816,53,,,1
2023-11-09,4952,凌通,twse,50.60,50.80,50.00,50.20,86267,4348156,-0.5,,108815816,81,,,1
2023-11-10,4952,凌通,twse,50.00,50.00,49.50,50.00,96393,4787338,-0.2,,108815816,114,,,1
2023-11-13,4952,凌通,twse,50.10,50.20,49.75,50.00,104463,5227244,0.0,,108815816,84,,,1
2023-11-14,4952,凌通,twse,50.00,50.60,50.00,50.60,95331,4796233,0.6,,108815816,136,,,1
2023-11-15,4952,凌通,twse,51.00,51.50,50.90,51.10,237540,12183824,0.5,,108815816,232,,,1
2023-11-16,4952,凌通,twse,51.40,51.50,50.90,51.20,87418,4472977,0.1,,108815816,89,,,1
2023-11-17,4952,凌通,twse,51.10,52.50,51.00,51.60,300666,15616764,0.4,,108815816,301,,,1
2023-11-20,4952,凌通,twse,52.00,55.90,52.00,54.40,1132601,60970825,2.8,,108815816,925,,,1
2023-11-21,4952,凌通,twse,56.00,57.00,54.50,54.80,2230200,124084458,0.4,,108815816,1852,,,1
2023-11-22,4952,凌通,twse,54.00,58.20,54.00,56.90,2631759,149975157,2.1,,108815816,2127,,,1
2023-11-23,4952,凌通,twse,56.90,57.70,55.20,56.00,1040263,58538876,-0.9,,108815816,980,,,1
2023-11-24,4952,凌通,twse,56.50,56.60,54.80,54.90,418391,23199088,-1.1,,108815816,416,,,1
2023-11-27,4952,凌通,twse,55.10,55.70,54.10,54.30,263216,14404938,-0.6,,108815816,337,,,1
2023-11-28,4952,凌通,twse,54.30,56.60,54.30,56.20,591475,32842374,1.9,,108815816,492,,,1
2023-11-29,4952,凌通,twse,57.20,59.10,56.10,56.30,2539344,146244250,0.1,,108815816,1911,,,1
2023-11-30,4952,凌通,twse,56.90,56.90,55.80,55.80,364053,20416585,-0.5,,108815816,415,,,1
2023-12-01,4952,凌通,twse,56.00,56.50,55.60,55.80,340523,19041295,0.0,,108815816,289,,,1
2023-12-04,4952,凌通,twse,56.00,56.60,55.30,55.30,270310,15085856,-0.5,,108815816,311,,,1
2023-12-05,4952,凌通,twse,55.30,55.80,54.60,55.30,263544,14558390,0.0,,108815816,211,,,1
2023-12-06,4952,凌通,twse,55.80,59.00,55.60,58.50,3185167,184690917,3.2,,108815816,2119,,,1
2023-12-07,4952,凌通,twse,58.30,58.60,56.20,56.30,1898426,108952782,-2.2,,108815816,2217,,,1
2023-12-08,4952,凌通,twse,56.40,58.00,56.40,56.90,852552,48781444,0.6,,108815816,852,,,1
2023-12-11,4952,凌通,twse,57.00,57.60,56.10,56.10,412639,23328614,-0.8,,108815816,503,,,1
2023-12-12,4952,凌通,twse,56.30,56.70,55.20,56.30,420475,23570559,0.2,,108815816,328,,,1
2023-12-13,4952,凌通,twse,56.30,56.90,56.00,56.00,205244,11563323,-0.3,,108815816,263,,,1
2023-12-14,4952,凌通,twse,56.80,58.40,56.50,56.90,892406,51166322,0.9,,108815816,718,,,1
2023-12-15,4952,凌通,twse,57.30,58.10,56.20,56.50,503795,28701556,-0.4,,108815816,493,,,1
2023-12-18,4952,凌通,twse,56.50,56.80,55.40,55.50,265444,14844149,-1.0,,108815816,275,,,1
2023-12-19,4952,凌通,twse,55.50,55.50,53.70,54.50,253427,13837297,-1.0,,108815816,285,,,1
2023-12-20,4952,凌通,twse,54.60,55.00,54.10,54.70,168480,9188971,0.2,,108815816,219,,,1
2023-12-21,4952,凌通,twse,54.00,54.80,54.00,54.50,130920,7124319,-0.2,,108815816,202,,,1
2023-12-22,4952,凌通,twse,55.00,55.00,54.10,54.10,190020,10330393,-0.4,,108815816,169,,,1
2023-12-25,4952,凌通,twse,54.30,54.30,53.60,53.80,149584,8058391,-0.3,,108815816,161,,,1
2023-12-26,4952,凌通,twse,54.00,54.80,54.00,54.60,131242,7155860,0.8,,108815816,133,,,1
2023-12-27,4952,凌通,twse,54.60,55.40,54.50,55.00,208883,11480490,0.4,,108815816,215,,,1
2023-12-28,4952,凌通,twse,55.50,56.40,55.00,55.70,326353,18243367,0.7,,108815816,352,,,1
2023-12-29,4952,凌通,twse,55.70,55.70,54.70,54.90,235573,12984024,-0.8,,108815816,395,,,1
2024-01-02,4952,凌通,twse,54.60,54.70,54.20,54.30,90516,4918473,-0.6,,108815816,171,,,1
2024-01-03,4952,凌通,twse,54.00,54.90,54.00,54.50,160795,8722800,0.2,,108815816,149,,,1
2024-01-04,4952,凌通,twse,54.50,54.70,53.60,53.60,176275,9505873,-0.9,,108815816,210,,,1
2024-01-05,4952,凌通,twse,53.50,55.10,53.50,53.60,383265,20757986,0.0,,108815816,306,,,1
2024-01-08,4952,凌通,twse,54.00,54.00,53.00,53.20,189488,10099297,-0.4,,108815816,184,,,1
2024-01-09,4952,凌通,twse,52.90,53.20,52.40,52.60,327310,17263196,-0.6,,108815816,270,,,1
2024-01-10,4952,凌通,twse,52.40,53.40,52.40,53.00,121570,6439980,0.4,,108815816,278,,,1
2024-01-11,4952,凌通,twse,53.00,53.70,53.00,53.50,95306,5083593,0.5,,108815816,132,,,1
2024-01-12,4952,凌通,twse,53.00,53.50,52.90,53.10,94374,5026095,-0.4,,108815816,156,,,1
2024-01-15,4952,凌通,twse,52.70,54.00,52.70,53.50,128069,6840595,0.4,,108815816,120,,,1
2024-01-16,4952,凌通,twse,53.60,53.60,53.10,53.30,90718,4830199,-0.2,,108815816,113,,,1
2024-01-17,4952,凌通,twse,53.00,53.40,52.10,52.10,179686,9440065,-1.2,,108815816,246,,,1
2024-01-18,4952,凌通,twse,52.60,52.60,51.60,52.10,117631,6117595,0.0,,108815816,92,,,1
2024-01-19,4952,凌通,twse,52.20,53.10,52.20,52.30,108599,5711615,0.2,,108815816,77,,,1
2024-01-22,4952,凌通,twse,52.50,53.20,52.50,53.00,125638,6653573,0.7,,108815816,101,,,1
2024-01-23,4952,凌通,twse,53.30,53.40,52.80,53.20,75752,4020383,0.2,,108815816,77,,,1
2024-01-24,4952,凌通,twse,53.00,53.50,52.70,52.90,95496,5070488,-0.3,,108815816,100,,,1
2024-01-25,4952,凌通,twse,53.00,53.10,52.20,52.20,91227,4790691,-0.7,,108815816,125,,,1
2024-01-26,4952,凌通,twse,52.00,52.40,52.00,52.00,62269,3242289,-0.2,,108815816,89,,,1
2024-01-29,4952,凌通,twse,52.00,52.50,52.00,52.10,49337,2573471,0.1,,108815816,53,,,1
2024-01-30,4952,凌通,twse,52.10,52.30,51.30,51.40,125081,6456226,-0.7,,108815816,179,,,1
2024-01-31,4952,凌通,twse,51.80,52.10,51.30,51.80,121127,6274764,0.4,,108815816,86,,,1
2024-02-01,4952,凌通,twse,52.20,52.40,52.00,52.00,46336,2417055,0.2,,108815816,47,,,1
2024-02-02,4952,凌通,twse,52.10,53.70,52.00,52.80,292557,15517638,0.8,,108815816,198,,,1
2024-02-05,4952,凌通,twse,53.00,53.00,51.60,51.90,124506,6477259,-0.9,,108815816,164,,,1
2024-02-15,4952,凌通,twse,53.70,53.70,52.30,53.20,188072,9967945,1.3,,108815816,177,,,1
2024-02-16,4952,凌通,twse,53.20,53.50,53.10,53.30,123782,6596584,0.1,,108815816,132,,,1
2024-02-19,4952,凌通,twse,53.70,54.00,53.40,53.80,174380,9356475,0.5,,108815816,153,,,1
2024-02-20,4952,凌通,twse,54.00,54.40,53.30,53.30,181117,9754620,-0.5,,108815816,181,,,1
2024-02-21,4952,凌通,twse,53.50,54.00,53.40,54.00,136622,7340599,0.7,,108815816,132,,,1
2024-02-22,4952,凌通,twse,54.00,54.00,53.50,53.60,104661,5623334,-0.4,,108815816,114,,,1
2024-02-23,4952,凌通,twse,53.50,53.60,52.00,52.10,550765,28986982,-1.5,,108815816,437,,,1
2024-02-26,4952,凌通,twse,51.50,52.20,51.40,51.70,276154,14271901,-0.4,,108815816,272,,,1
2024-02-27,4952,凌通,twse,51.50,52.00,50.30,50.50,318933,16224707,-1.2,,108815816,361,,,1
2024-02-29,4952,凌通,twse,50.50,50.90,50.20,50.90,246244,12437612,0.4,,108815816,199,,,1
2024-03-01,4952,凌通,twse,50.90,50.90,50.20,50.30,214704,10813284,-0.6,,108815816,210,,,1
2024-03-04,4952,凌通,twse,50.20,50.70,50.20,50.30,265851,13394886,0.0,,108815816,207,,,1
2024-03-05,4952,凌通,twse,50.30,51.80,50.30,51.30,280790,14296021,1.0,,108815816,320,,,1
2024-03-06,4952,凌通,twse,51.00,51.00,50.40,50.80,274616,13887723,-0.5,,108815816,228,,,1
2024-03-07,4952,凌通,twse,50.60,50.60,49.80,49.80,379293,18967064,-1.0,,108815816,349,,,1
2024-03-08,4952,凌通,twse,49.65,49.65,48.60,48.85,484474,23701475,-0.95,,108815816,458,,,1
2024-03-11,4952,凌通,twse,49.45,49.95,49.40,49.95,142504,7086450,1.1,,108815816,122,,,1
2024-03-12,4952,凌通,twse,50.20,50.30,49.65,49.75,207692,10360085,-0.2,,108815816,185,,,1
2024-03-13,4952,凌通,twse,49.75,49.75,49.00,49.45,239432,11792439,-0.3,,108815816,263,,,1
2024-03-14,4952,凌通,twse,49.25,49.45,48.50,48.75,250135,12197482,-0.7,,108815816,233,,,1
2024-03-15,4952,凌通,twse,48.75,49.00,48.55,48.55,130693,6365871,-0.2,,108815816,139,,,1
2024-03-18,4952,凌通,twse,48.80,48.80,48.10,48.50,125351,6058570,-0.05,,108815816,143,,,1
2024-03-19,4952,凌通,twse,48.65,48.80,48.30,48.40,146569,7113919,-0.1,,108815816,158,,,1
2024-03-20,4952,凌通,twse,48.30,48.40,48.00,48.00,172138,8291778,-0.4,,108815816,230,,,1
2024-03-21,4952,凌通,twse,48.25,48.60,48.10,48.50,134408,6502387,0.5,,108815816,129,,,1
2024-03-22,4952,凌通,twse,48.40,49.20,48.40,49.05,147457,7188582,0.55,,108815816,127,,,1
2024-03-25,4952,凌通,twse,49.90,49.90,49.05,49.35,156992,7750097,0.3,,108815816,155,,,1
2024-03-26,4952,凌通,twse,49.40,49.40,48.30,48.35,169572,8287844,-1.0,,108815816,213,,,1
2024-03-27,4952,凌通,twse,48.35,48.80,48.30,48.40,216621,10506669,0.05,,108815816,166,,,1
2024-03-28,4952,凌通,twse,48.30,48.40,48.15,48.15,144447,6972926,-0.25,,108815816,160,,,1
2024-03-29,4952,凌通,twse,48.20,48.20,48.00,48.10,171506,8244158,-0.05,,108815816,149,,,1
2024-04-01,4952,凌通,twse,48.05,48.50,47.80,48.30,577975,27851610,0.2,,108815816,355,,,1
2024-04-02,4952,凌通,twse,48.45,48.75,48.15,48.15,952128,46112998,-0.15,,108815816,495,,,1
2024-04-03,4952,凌通,twse,48.15,48.20,47.25,47.50,815064,38828287,-0.65,,108815816,581,,,1
2024-04-08,4952,凌通,twse,47.75,47.95,47.50,47.80,242581,11579586,0.3,,108815816,201,,,1
2024-04-09,4952,凌通,twse,48.30,51.50,48.05,48.05,1640786,79982445,0.25,,108815816,1085,,,1
2024-04-10,4952,凌通,twse,48.10,48.80,47.85,48.75,1643747,79639928,0.7,,108815816,855,,,1
2024-04-11,4952,凌通,twse,48.55,49.40,48.30,49.00,1059610,51913008,0.25,,108815816,522,,,1
2024-04-12,4952,凌通,twse,49.10,49.35,48.95,49.20,856591,42053430,0.2,,108815816,426,,,1
2024-04-15,4952,凌通,twse,49.20,51.60,49.10,50.40,1472950,74613050,1.2,,108815816,1173,,,1
2024-04-16,4952,凌通,twse,50.00,50.80,49.30,50.30,1034988,51631765,-0.1,,108815816,794,,,1
2024-04-17,4952,凌通,twse,50.30,50.90,49.65,49.75,594941,29804466,-0.55,,108815816,494,,,1
2024-04-18,4952,凌通,twse,49.60,50.30,49.30,50.20,312286,15605840,0.45,,108815816,269,,,1
2024-04-19,4952,凌通,twse,49.80,50.30,47.70,48.70,683525,33449813,-1.5,,108815816,574,,,1
2024-04-22,4952,凌通,twse,49.05,49.05,47.80,47.90,439287,21142841,-0.8,,108815816,506,,,1
2024-04-23,4952,凌通,twse,48.35,48.65,48.05,48.40,150267,7276267,0.5,,108815816,157,,,1
2024-04-24,4952,凌通,twse,48.95,48.95,48.60,48.90,150322,7337848,0.5,,108815816,158,,,1
2024-04-25,4952,凌通,twse,48.90,49.45,48.60,49.25,200893,9854689,0.35,,108815816,167,,,1
2024-04-26,4952,凌通,twse,49.10,49.25,48.70,48.75,283050,13846730,-0.5,,108815816,236,,,1
2024-04-29,4952,凌通,twse,48.90,49.60,48.90,49.60,246367,12171618,0.85,,108815816,186,,,1
2024-04-30,4952,凌通,twse,49.75,50.90,49.55,50.20,358408,18003687,0.6,,108815816,303,,,1
2024-05-02,4952,凌通,twse,50.00,50.20,49.65,50.20,199929,9978060,0.0,,108815816,254,,,1
2024-05-03,4952,凌通,twse,50.60,50.80,50.20,50.30,261986,13224282,0.1,,108815816,273,,,1
2024-05-06,4952,凌通,twse,50.80,51.10,50.40,50.80,310012,15729727,0.5,,108815816,298,,,1
2024-05-07,4952,凌通,twse,51.00,51.30,50.30,50.60,244570,12390100,-0.2,,108815816,407,,,1
2024-05-08,4952,凌通,twse,51.40,52.80,51.30,52.10,878753,45849762,1.5,,108815816,1056,,,1
2024-05-09,4952,凌通,twse,52.20,53.10,51.60,51.90,484178,25377107,-0.2,,108815816,868,,,1
2024-05-10,4952,凌通,twse,52.00,52.00,51.10,51.80,332727,17155829,-0.1,,108815816,459,,,1
2024-05-13,4952,凌通,twse,52.70,52.90,51.90,52.50,520942,27281208,0.7,,108815816,448,,,1
2024-05-14,4952,凌通,twse,52.50,52.60,52.20,52.20,254511,13341806,-0.3,,108815816,363,,,1
2024-05-15,4952,凌通,twse,52.30,52.60,52.10,52.30,490914,25703318,0.1,,108815816,329,,,1
2024-05-16,4952,凌通,twse,52.90,57.50,52.30,57.50,3059200,173094071,5.2,,108815816,1724,,,1
2024-05-17,4952,凌通,twse,60.90,63.20,59.80,60.20,12967461,805168666,2.7,,108815816,7224,,,1
2024-05-20,4952,凌通,twse,60.50,66.20,60.50,66.20,10324123,656401915,6.0,,108815816,7002,,,1
2024-05-21,4952,凌通,twse,68.70,69.00,65.40,68.00,11482139,771029424,1.8,,108815816,7869,,,1
2024-05-22,4952,凌通,twse,68.20,68.20,63.60,63.80,5806252,378939045,-4.2,,108815816,4214,,,1
2024-05-23,4952,凌通,twse,64.40,64.40,61.30,62.00,2941669,184220978,-1.8,,108815816,2541,,,1
2024-05-24,4952,凌通,twse,62.40,63.80,61.70,63.40,2519531,158011279,1.4,,108815816,2338,,,1
2024-05-27,4952,凌通,twse,64.10,69.70,63.80,69.70,7880703,534528358,6.3,,108815816,4904,,,1
2024-05-28,4952,凌通,twse,71.00,76.60,70.80,74.00,23657661,1736556989,4.3,,108815816,14282,,,1
2024-05-29,4952,凌通,twse,75.50,78.00,73.50,74.40,16372591,1234978824,0.4,,108815816,12012,,,1
2024-05-30,4952,凌通,twse,72.60,74.40,71.30,71.50,3513435,254730907,-2.9,,108815816,2872,,,1
2024-05-31,4952,凌通,twse,72.10,72.60,68.00,69.30,4223135,295120082,-2.2,,108815816,3559,,,1
2024-06-03,4952,凌通,twse,70.20,70.60,67.40,67.80,3372847,233035778,-1.5,,108815816,2661,,,1
2024-06-04,4952,凌通,twse,67.70,68.50,66.60,66.80,2113529,142541624,-1.0,,108815816,2544,,,1
2024-06-05,4952,凌通,twse,67.40,67.70,65.10,65.50,1934609,127619979,-1.3,,108815816,2194,,,1
2024-06-06,4952,凌通,twse,67.80,70.10,67.10,67.90,4864116,332209030,2.4,,108815816,3769,,,1
2024-06-07,4952,凌通,twse,67.90,68.80,66.30,66.80,1581865,106231931,-1.1,,108815816,1397,,,1
2024-06-11,4952,凌通,twse,67.80,68.60,65.80,67.30,1572107,105617255,0.5,,108815816,1297,,,1
2024-06-12,4952,凌通,twse,67.30,72.30,67.00,72.20,6586134,468952947,4.9,,108815816,4717,,,1
2024-06-13,4952,凌通,twse,72.80,73.50,68.80,68.90,5923335,418914137,-3.3,,108815816,5315,,,1
2024-06-14,4952,凌通,twse,68.40,70.50,67.50,69.70,3110115,215027127,0.8,,108815816,2617,,,1
2024-06-17,4952,凌通,twse,69.10,69.90,68.20,68.50,1444515,99385336,-1.2,,108815816,1461,,,1
2024-06-18,4952,凌通,twse,69.30,69.60,66.70,66.90,1972528,133291215,-1.6,,108815816,1963,,,1
2024-06-19,4952,凌通,twse,67.10,67.80,65.70,65.70,1876416,124738889,-1.2,,108815816,1660,,,1
2024-06-20,4952,凌通,twse,65.90,67.20,65.90,66.80,1000664,66662609,1.1,,108815816,1008,,,1
2024-06-21,4952,凌通,twse,66.50,66.60,65.60,66.10,1008892,66608026,-0.7,,108815816,872,,,1
2024-06-24,4952,凌通,twse,65.80,66.30,64.40,64.40,1343682,87339472,-1.7,,108815816,1160,,,1
2024-06-25,4952,凌通,twse,63.20,63.60,62.10,63.20,864569,54411953,0.0,,108815816,739,,,1
2024-06-26,4952,凌通,twse,63.50,65.00,63.50,64.10,1046164,67366464,0.9,,108815816,766,,,1
2024-06-27,4952,凌通,twse,64.10,64.10,62.50,63.20,700152,44175283,-0.9,,108815816,577,,,1
2024-06-28,4952,凌通,twse,63.20,64.20,63.10,63.90,589764,37573321,0.7,,108815816,623,,,1
2024-07-01,4952,凌通,twse,64.00,64.50,63.80,63.80,461687,29594980,-0.1,,108815816,554,,,1
2024-07-02,4952,凌通,twse,64.10,64.10,62.80,63.20,499197,31563892,-0.6,,108815816,696,,,1
2024-07-03,4952,凌通,twse,63.50,65.70,63.50,64.40,800950,51786088,1.2,,108815816,625,,,1
2024-07-04,4952,凌通,twse,65.10,65.40,63.50,64.10,727924,46668065,-0.3,,108815816,734,,,1
2024-07-05,4952,凌通,twse,64.60,67.70,64.60,67.20,2172107,144360082,3.1,,108815816,1771,,,1
2024-07-08,4952,凌通,twse,67.60,67.60,65.00,66.00,958784,63325157,-1.2,,108815816,1334,,,1
2024-07-09,4952,凌通,twse,67.20,68.20,63.90,65.20,1441553,94829110,-0.8,,108815816,1295,,,1
2024-07-10,4952,凌通,twse,65.20,65.20,63.00,64.30,1532309,97743036,-0.9,,108815816,1223,,,1
2024-07-11,4952,凌通,twse,64.70,66.60,63.90,65.40,1412624,92611148,1.1,,108815816,1174,,,1
2024-07-12,4952,凌通,twse,65.20,67.90,64.10,67.00,1743270,116318625,1.6,,108815816,1441,,,1
2024-07-15,4952,凌通,twse,67.80,69.90,66.60,68.30,2628189,179710623,1.3,,108815816,3245,,,1
2024-07-16,4952,凌通,twse,68.30,69.30,67.10,67.50,1395853,94862784,-0.8,,108815816,1621,,,1
2024-07-17,4952,凌通,twse,68.40,68.40,66.90,67.70,873661,58927716,0.2,,108815816,712,,,1
2024-07-18,4952,凌通,twse,67.30,67.30,64.70,65.90,1192505,78256995,-1.8,,108815816,1165,,,1
2024-07-19,4952,凌通,twse,65.80,65.80,62.60,62.80,1510144,95973066,-3.1,,108815816,1246,,,1
2024-07-22,4952,凌通,twse,63.00,63.20,59.00,59.40,978435,59300040,-3.4,,108815816,934,,,1
2024-07-23,4952,凌通,twse,60.30,60.80,59.50,59.90,687206,41240773,0.5,,108815816,712,,,1
2024-07-26,4952,凌通,twse,58.30,58.40,57.00,58.20,723120,41811160,-1.7,,108815816,1020,,,1
2024-07-29,4952,凌通,twse,58.70,58.80,56.20,56.40,676789,38591274,-1.8,,108815816,756,,,1
2024-07-30,4952,凌通,twse,56.00,57.00,55.00,56.90,682326,38194344,0.5,,108815816,566,,,1
2024-07-31,4952,凌通,twse,56.30,57.60,56.30,57.20,363031,20677499,0.3,,108815816,464,,,1
2024-08-01,4952,凌通,twse,58.10,59.30,58.10,59.10,422763,24909075,1.9,,108815816,495,,,1
2024-08-02,4952,凌通,twse,57.80,58.10,56.40,56.50,451810,25798059,-2.6,,108815816,510,,,1
2024-08-05,4952,凌通,twse,54.50,54.50,50.90,51.00,1014522,52110878,-5.5,,108815816,826,,,1
2024-08-06,4952,凌通,twse,51.80,53.00,47.45,49.85,1031739,51068243,-1.15,,108815816,883,,,1
2024-08-07,4952,凌通,twse,49.85,53.60,49.85,52.90,511369,26947630,3.05,,108815816,516,,,1
2024-08-08,4952,凌通,twse,53.40,54.50,52.60,53.30,678377,36396154,0.4,,108815816,599,,,1
2024-08-09,4952,凌通,twse,54.50,55.90,54.00,54.30,550876,30106004,1.0,,108815816,438,,,1
2024-08-12,4952,凌通,twse,54.20,55.20,54.00,54.70,232956,12771396,0.4,,108815816,200,,,1
2024-08-13,4952,凌通,twse,55.40,55.60,53.80,54.70,369099,20159406,0.0,,108815816,279,,,1
2024-08-14,4952,凌通,twse,55.70,55.70,54.10,55.00,329213,18086610,0.3,,108815816,249,,,1
2024-08-15,4952,凌通,twse,55.00,55.30,53.80,55.30,719648,39346180,0.3,,108815816,520,,,1
2024-08-16,4952,凌通,twse,56.70,57.50,55.70,55.80,890585,50017327,0.5,,108815816,635,,,1
2024-08-19,4952,凌通,twse,56.60,58.20,55.80,57.00,867266,49699753,1.2,,108815816,835,,,1
2024-08-20,4952,凌通,twse,57.00,58.20,56.70,56.70,488919,28055733,-0.3,,108815816,521,,,1
2024-08-21,4952,凌通,twse,56.80,56.90,55.90,56.10,522715,29416795,-0.6,,108815816,342,,,1
2024-08-22,4952,凌通,twse,56.60,57.30,56.20,56.30,222518,12608135,0.2,,108815816,197,,,1
2024-08-23,4952,凌通,twse,56.00,56.00,54.80,55.90,334447,18530821,-0.4,,108815816,339,,,1
2024-08-26,4952,凌通,twse,56.40,56.90,55.70,55.70,215984,12166917,-0.2,,108815816,202,,,1
2024-08-27,4952,凌通,twse,55.50,55.70,55.00,55.60,181722,10055204,-0.1,,108815816,188,,,1
2024-08-28,4952,凌通,twse,55.80,56.20,55.30,55.40,138033,7672465,-0.2,,108815816,200,,,1
2024-08-29,4952,凌通,twse,55.00,55.80,54.80,55.60,242464,13429268,0.2,,108815816,179,,,1
2024-08-30,4952,凌通,twse,56.00,56.50,55.80,55.80,174947,9826031,0.2,,108815816,165,,,1
2024-09-02,4952,凌通,twse,56.10,56.50,55.80,56.00,155202,8700110,0.2,,108815816,150,,,1
2024-09-03,4952,凌通,twse,56.00,56.50,55.20,55.30,241240,13499995,-0.7,,108815816,272,,,1
2024-09-04,4952,凌通,twse,52.70,53.50,51.00,52.50,714371,37559697,-2.8,,108815816,632,,,1
2024-09-05,4952,凌通,twse,53.10,54.20,52.70,52.70,256432,13710714,0.2,,108815816,243,,,1
2024-09-06,4952,凌通,twse,52.70,53.00,51.90,52.90,235630,12400346,0.2,,108815816,227,,,1
2024-09-09,4952,凌通,twse,51.30,53.10,51.30,52.90,168649,8820281,0.0,,108815816,221,,,1
2024-09-10,4952,凌通,twse,52.30,53.30,50.00,50.30,890871,45443899,-2.6,,108815816,802,,,1
2024-09-11,4952,凌通,twse,50.40,50.70,50.00,50.40,245167,12322882,0.1,,108815816,212,,,1
2024-09-12,4952,凌通,twse,51.00,51.30,50.50,51.00,138733,7084260,0.6,,108815816,219,,,1
2024-09-13,4952,凌通,twse,51.10,51.80,51.10,51.60,129626,6678977,0.6,,108815816,150,,,1
2024-09-16,4952,凌通,twse,51.80,52.50,51.80,51.90,138887,7246272,0.3,,108815816,262,,,1
2024-09-18,4952,凌通,twse,52.00,52.10,50.50,50.60,262279,13420715,-1.3,,108815816,345,,,1
2024-09-19,4952,凌通,twse,50.60,51.20,50.40,50.90,155703,7926737,0.3,,108815816,163,,,1
2024-09-20,4952,凌通,twse,51.80,52.20,51.40,51.80,270966,14026777,0.9,,108815816,220,,,1
2024-09-23,4952,凌通,twse,52.40,52.90,52.10,52.70,264174,13887924,0.9,,108815816,305,,,1
2024-09-24,4952,凌通,twse,52.80,53.20,52.00,52.50,166862,8740807,-0.2,,108815816,300,,,1
2024-09-25,4952,凌通,twse,53.00,56.80,53.00,55.60,1207204,66636333,3.1,,108815816,1009,,,1
2024-09-26,4952,凌通,twse,57.70,59.10,56.10,58.50,3633637,210573992,2.9,,108815816,2952,,,1
2024-09-27,4952,凌通,twse,59.50,62.50,58.10,59.10,9325445,564013106,0.6,,108815816,6186,,,1
2024-09-30,4952,凌通,twse,58.00,58.80,57.20,57.70,1031146,59720906,-1.4,,108815816,1413,,,1
2024-10-01,4952,凌通,twse,59.20,60.40,58.50,59.00,1906074,113130273,1.3,,108815816,1632,,,1
2024-10-04,4952,凌通,twse,59.50,59.70,57.00,57.20,906599,52392689,-1.8,,108815816,781,,,1
2024-10-07,4952,凌通,twse,57.80,57.90,56.80,57.20,461416,26429306,0.0,,108815816,540,,,1
2024-10-08,4952,凌通,twse,56.50,57.40,56.40,57.30,432809,24582047,0.1,,108815816,374,,,1
2024-10-09,4952,凌通,twse,56.70,56.80,54.20,54.20,921653,50877461,-3.1,,108815816,965,,,1
2024-10-11,4952,凌通,twse,54.20,54.90,52.50,53.90,483152,25924968,-0.3,,108815816,436,,,1
2024-10-14,4952,凌通,twse,54.00,54.10,53.00,53.40,288683,15434617,-0.5,,108815816,256,,,1
2024-10-15,4952,凌通,twse,53.50,54.60,53.30,53.50,307125,16590828,0.1,,108815816,284,,,1
2024-10-16,4952,凌通,twse,53.40,53.70,52.70,53.00,335187,17788006,-0.5,,108815816,297,,,1
2024-10-17,4952,凌通,twse,53.90,54.20,53.20,53.30,228246,12217216,0.3,,108815816,212,,,1
2024-10-18,4952,凌通,twse,53.70,53.70,52.70,52.70,249308,13250792,-0.6,,108815816,265,,,1
2024-10-21,4952,凌通,twse,52.70,54.40,52.70,54.40,258013,13903436,1.7,,108815816,228,,,1
2024-10-22,4952,凌通,twse,54.40,54.60,53.60,54.60,172436,9361085,0.2,,108815816,172,,,1
2024-10-23,4952,凌通,twse,54.70,55.10,54.10,54.40,153515,8377162,-0.2,,108815816,165,,,1
2024-10-24,4952,凌通,twse,54.50,59.00,53.90,59.00,3540766,205218605,4.6,,108815816,2429,,,1
2024-10-25,4952,凌通,twse,62.00,62.00,56.90,57.20,6003305,354701076,-1.8,,108815816,4895,,,1
2024-10-28,4952,凌通,twse,57.50,57.50,55.10,55.60,856721,47977939,-1.6,,108815816,761,,,1
2024-10-29,4952,凌通,twse,55.60,56.90,55.00,55.30,727124,40475260,-0.3,,108815816,711,,,1
2024-10-30,4952,凌通,twse,55.60,55.70,54.40,54.50,312116,17146273,-0.8,,108815816,403,,,1
2024-11-01,4952,凌通,twse,53.50,55.00,53.50,54.80,189607,10297309,0.3,,108815816,224,,,1
2024-11-04,4952,凌通,twse,54.80,54.80,53.80,54.00,236004,12748408,-0.8,,108815816,285,,,1
2024-11-05,4952,凌通,twse,54.00,54.80,53.90,54.30,186463,10167976,0.3,,108815816,199,,,1
2024-11-06,4952,凌通,twse,54.40,55.20,54.00,54.40,184321,10045713,0.1,,108815816,201,,,1
2024-11-07,4952,凌通,twse,54.60,55.60,54.60,55.40,340830,18820127,1.0,,108815816,392,,,1
2024-11-08,4952,凌通,twse,55.80,55.90,53.80,54.00,299500,16334101,-1.4,,108815816,402,,,1
2024-11-11,4952,凌通,twse,54.00,54.00,52.80,53.10,253673,13478288,-0.9,,108815816,239,,,1
2024-11-12,4952,凌通,twse,53.00,53.30,52.00,52.00,308120,16161315,-1.1,,108815816,298,,,1
2024-11-13,4952,凌通,twse,51.50,52.50,51.50,51.80,277927,14469614,-0.2,,108815816,225,,,1
2024-11-14,4952,凌通,twse,51.80,52.10,50.90,50.90,303444,15554685,-0.9,,108815816,321,,,1
2024-11-15,4952,凌通,twse,51.00,51.90,51.00,51.00,240978,12357369,0.1,,108815816,221,,,1
2024-11-18,4952,凌通,twse,51.10,51.40,50.30,50.30,208243,10532322,-0.7,,108815816,209,,,1
2024-11-19,4952,凌通,twse,50.40,51.20,50.40,50.80,143076,7254313,0.5,,108815816,140,,,1
2024-11-20,4952,凌通,twse,50.80,51.30,50.60,51.00,167605,8527868,0.2,,108815816,165,,,1
2024-11-21,4952,凌通,twse,51.40,51.40,50.50,51.00,190961,9701082,0.0,,108815816,230,,,1
2024-11-22,4952,凌通,twse,51.00,51.70,51.00,51.10,206415,10612413,0.1,,108815816,339,,,1
2024-11-25,4952,凌通,twse,51.70,52.20,51.40,51.90,152552,7916474,0.8,,108815816,171,,,1
2024-11-26,4952,凌通,twse,51.60,52.00,51.40,51.70,124024,6426038,-0.2,,108815816,117,,,1
2024-11-27,4952,凌通,twse,52.00,52.20,50.50,50.50,213703,10915854,-1.2,,108815816,236,,,1
2024-11-28,4952,凌通,twse,50.30,50.50,49.50,50.00,355766,17741764,-0.5,,108815816,314,,,1
2024-11-29,4952,凌通,twse,50.00,50.80,49.50,50.10,89692,4508993,0.1,,108815816,130,,,1
2024-12-02,4952,凌通,twse,50.50,51.80,50.20,50.30,150309,7609873,0.2,,108815816,170,,,1
2024-12-03,4952,凌通,twse,50.80,51.10,50.40,50.50,130449,6627012,0.2,,108815816,126,,,1
2024-12-04,4952,凌通,twse,50.40,51.70,50.40,51.30,288150,14781139,0.8,,108815816,280,,,1
2024-12-05,4952,凌通,twse,51.50,54.70,51.20,54.40,888032,47332506,3.1,,108815816,736,,,1
2024-12-06,4952,凌通,twse,54.90,56.50,54.30,54.40,3500178,193012477,0.0,,108815816,2690,,,1
2024-12-09,4952,凌通,twse,54.50,54.50,53.00,53.60,473602,25313857,-0.8,,108815816,477,,,1
2024-12-10,4952,凌通,twse,52.50,54.90,52.00,54.30,616841,32920387,0.7,,108815816,510,,,1
2024-12-11,4952,凌通,twse,53.80,54.60,52.40,52.60,618905,33031190,-1.7,,108815816,593,,,1
2024-12-12,4952,凌通,twse,52.90,53.40,52.20,52.30,635657,33571623,-0.3,,108815816,575,,,1
2024-12-13,4952,凌通,twse,52.30,52.30,50.60,51.70,318177,16340018,-0.6,,108815816,350,,,1
2024-12-16,4952,凌通,twse,51.60,51.70,50.40,50.70,240707,12225298,-1.0,,108815816,238,,,1
2024-12-17,4952,凌通,twse,50.70,52.90,50.60,52.90,355829,18454228,2.2,,108815816,310,,,1
2024-12-18,4952,凌通,twse,55.10,57.70,54.50,55.80,5459392,304029995,2.9,,108815816,4158,,,1
2024-12-19,4952,凌通,twse,54.70,56.00,53.70,56.00,1268397,69671612,0.2,,108815816,1968,,,1
2024-12-20,4952,凌通,twse,58.20,60.60,57.20,57.70,4592656,269497958,1.7,,108815816,3809,,,1
2024-12-23,4952,凌通,twse,58.30,59.30,56.70,58.10,2292031,132789860,0.4,,108815816,2176,,,1
2024-12-24,4952,凌通,twse,57.70,59.20,57.20,57.60,1828713,106207182,-0.5,,108815816,1745,,,1
2024-12-25,4952,凌通,twse,57.80,58.60,57.40,58.40,1172931,68171154,0.8,,108815816,994,,,1
2024-12-26,4952,凌通,twse,58.80,58.80,56.90,56.90,980199,56585529,-1.5,,108815816,1132,,,1
2024-12-27,4952,凌通,twse,56.90,57.40,56.50,56.90,426955,24313508,0.0,,108815816,487,,,1
2024-12-30,4952,凌通,twse,56.80,56.80,55.60,55.90,314349,17631753,-1.0,,108815816,450,,,1
2024-12-31,4952,凌通,twse,55.90,56.50,55.30,56.50,262110,14649864,0.6,,108815816,242,,,1
2025-01-02,4952,凌通,twse,56.50,56.70,55.20,55.20,407660,22708711,-1.3,,108815816,444,,,1
2025-01-03,4952,凌通,twse,55.30,55.50,53.00,53.30,539120,29144850,-1.9,,108815816,498,,,1
2025-01-06,4952,凌通,twse,53.60,54.70,53.00,54.50,417784,22511951,1.2,,108815816,331,,,1
2025-01-07,4952,凌通,twse,54.80,54.80,53.50,53.50,210621,11352238,-1.0,,108815816,299,,,1
2025-01-08,4952,凌通,twse,53.00,54.10,53.00,53.50,199123,10661743,0.0,,108815816,190,,,1
2025-01-09,4952,凌通,twse,53.10,56.60,53.00,55.40,1596925,88707679,1.9,,108815816,1430,,,1
2025-01-10,4952,凌通,twse,55.50,55.50,51.50,52.10,1080689,57459068,-3.3,,108815816,1642,,,1
2025-01-13,4952,凌通,twse,52.10,52.20,50.10,51.20,647600,32984358,-0.9,,108815816,526,,,1
2025-01-14,4952,凌通,twse,51.40,52.20,50.90,51.10,549283,28161388,-0.1,,108815816,514,,,1
2025-01-15,4952,凌通,twse,51.20,51.80,51.10,51.10,205364,10566160,0.0,,108815816,338,,,1
2025-01-16,4952,凌通,twse,51.60,52.30,51.30,51.30,168912,8703137,0.2,,108815816,253,,,1
2025-01-17,4952,凌通,twse,51.40,51.90,51.20,51.90,158335,8157685,0.6,,108815816,175,,,1
2025-01-20,4952,凌通,twse,52.10,52.30,51.30,52.30,223825,11627837,0.4,,108815816,158,,,1
2025-01-21,4952,凌通,twse,52.40,52.60,51.60,52.40,280289,14587539,0.1,,108815816,231,,,1
2025-01-22,4952,凌通,twse,52.50,52.50,51.70,52.50,301680,15742698,0.1,,108815816,246,,,1
2025-02-03,4952,凌通,twse,49.65,51.50,49.65,51.40,273699,13872311,-1.1,,108815816,276,,,1
2025-02-04,4952,凌通,twse,51.80,52.90,51.40,52.30,259698,13536633,0.9,,108815816,366,,,1
2025-02-05,4952,凌通,twse,52.90,53.70,52.80,53.50,265136,14129065,1.2,,108815816,280,,,1
2025-02-06,4952,凌通,twse,53.70,54.20,53.70,54.10,178444,9624096,0.6,,108815816,228,,,1
2025-02-07,4952,凌通,twse,54.00,54.70,53.50,54.60,254167,13795783,0.5,,108815816,228,,,1
2025-02-10,4952,凌通,twse,53.80,53.80,52.50,53.30,222462,11807613,-1.3,,108815816,302,,,1
2025-02-11,4952,凌通,twse,53.20,53.50,52.50,52.70,197315,10394140,-0.6,,108815816,371,,,1
2025-02-12,4952,凌通,twse,53.00,53.40,52.30,52.80,194768,10290542,0.1,,108815816,221,,,1
2025-02-13,4952,凌通,twse,52.80,54.00,52.80,53.80,267975,14374879,1.0,,108815816,257,,,1
2025-02-14,4952,凌通,twse,54.00,54.70,53.50,54.40,356331,19352816,0.6,,108815816,378,,,1
2025-02-17,4952,凌通,twse,55.00,55.00,53.80,54.10,151787,8217185,-0.3,,108815816,292,,,1
2025-02-18,4952,凌通,twse,54.30,54.60,53.90,54.10,135264,7335010,0.0,,108815816,165,,,1
2025-02-19,4952,凌通,twse,54.10,54.80,54.10,54.80,268565,14631875,0.7,,108815816,251,,,1
2025-02-20,4952,凌通,twse,54.90,55.30,54.30,54.80,240568,13142693,0.0,,108815816,456,,,1
2025-02-21,4952,凌通,twse,54.90,54.90,54.30,54.60,122465,6672866,-0.2,,108815816,320,,,1
2025-02-24,4952,凌通,twse,54.30,54.70,53.50,54.30,131440,7138384,-0.3,,108815816,194,,,1
2025-02-25,4952,凌通,twse,54.30,54.50,53.60,54.10,160853,8671270,-0.2,,108815816,270,,,1
2025-02-26,4952,凌通,twse,53.90,54.20,53.30,53.30,173793,9314506,-0.8,,108815816,222,,,1
2025-02-27,4952,凌通,twse,53.30,53.80,52.50,52.60,189471,10025558,-0.7,,108815816,208,,,1
2025-03-03,4952,凌通,twse,52.40,52.40,51.20,51.40,251050,12932670,-1.2,,108815816,307,,,1
2025-03-04,4952,凌通,twse,51.10,51.80,50.40,51.50,193790,9908956,0.1,,108815816,200,,,1
2025-03-05,4952,凌通,twse,51.70,52.00,51.50,51.90,104877,5431122,0.4,,108815816,97,,,1
2025-03-06,4952,凌通,twse,52.10,52.10,51.20,51.20,140635,7231751,-0.7,,108815816,248,,,1
2025-03-07,4952,凌通,twse,51.20,51.20,50.60,50.60,223769,11372510,-0.6,,108815816,251,,,1
2025-03-10,4952,凌通,twse,50.60,51.10,50.60,50.70,120085,6104565,0.1,,108815816,140,,,1
2025-03-11,4952,凌通,twse,50.10,51.50,49.75,51.50,251790,12681426,0.8,,108815816,226,,,1
2025-03-12,4952,凌通,twse,51.50,51.80,51.00,51.20,161718,8290017,-0.3,,108815816,144,,,1
2025-03-13,4952,凌通,twse,51.50,51.60,50.30,50.30,289176,14699889,-0.9,,108815816,252,,,1
2025-03-14,4952,凌通,twse,50.60,51.00,50.10,51.00,143281,7244692,0.7,,108815816,143,,,1
2025-03-17,4952,凌通,twse,51.00,51.60,50.90,51.00,68133,3483023,0.0,,108815816,160,,,1
2025-03-18,4952,凌通,twse,51.10,51.70,51.10,51.40,77295,3978384,0.4,,108815816,91,,,1
2025-03-19,4952,凌通,twse,51.10,51.20,51.00,51.00,54598,2788549,-0.4,,108815816,107,,,1
2025-03-20,4952,凌通,twse,51.10,51.80,51.10,51.70,101350,5223714,0.7,,108815816,108,,,1
2025-03-21,4952,凌通,twse,51.70,51.70,51.10,51.10,88756,4554625,-0.6,,108815816,142,,,1
2025-03-24,4952,凌通,twse,51.20,51.70,50.80,50.80,89037,4544078,-0.3,,108815816,153,,,1
2025-03-25,4952,凌通,twse,50.90,51.10,50.30,50.50,138267,7002608,-0.3,,108815816,167,,,1
2025-03-26,4952,凌通,twse,50.90,50.90,50.50,50.60,36145,1829946,0.1,,108815816,56,,,1
2025-03-27,4952,凌通,twse,50.20,50.60,49.90,50.00,232692,11674532,-0.6,,108815816,194,,,1
2025-03-28,4952,凌通,twse,49.80,49.80,48.05,48.40,476277,23230902,-1.6,,108815816,431,,,1
2025-03-31,4952,凌通,twse,47.20,47.30,45.60,45.70,553958,25638790,-2.7,,108815816,495,,,1
2025-04-01,4952,凌通,twse,45.50,47.00,45.50,46.85,265919,12405079,1.15,,108815816,199,,,1
2025-04-02,4952,凌通,twse,46.85,47.35,46.05,47.10,80694,3783800,0.25,,108815816,113,,,1
2025-04-07,4952,凌通,twse,42.40,42.40,42.40,42.40,29810,1263933,-4.7,down,108815816,70,,,1
2025-04-08,4952,凌通,twse,38.20,39.30,38.20,38.20,610488,23380953,-4.2,,108815816,535,,,1
2025-04-09,4952,凌通,twse,38.10,38.10,34.40,34.40,1020912,36230900,-3.8,,108815816,826,,,1
2025-04-10,4952,凌通,twse,37.80,37.80,37.00,37.80,164830,6225585,3.4,,108815816,120,,,1
2025-04-11,4952,凌通,twse,37.75,40.50,36.70,40.50,490897,19456093,2.7,,108815816,396,,,1
2025-04-14,4952,凌通,twse,40.50,42.30,40.15,40.35,309316,12656533,-0.15,,108815816,378,,,1
2025-04-15,4952,凌通,twse,40.60,41.90,40.60,41.90,200857,8313622,1.55,,108815816,247,,,1
2025-04-16,4952,凌通,twse,41.90,42.30,40.55,41.20,167442,6957835,-0.7,,108815816,141,,,1
2025-04-17,4952,凌通,twse,41.20,41.20,40.10,40.70,103487,4210862,-0.5,,108815816,99,,,1
2025-04-18,4952,凌通,twse,40.80,41.30,40.40,41.05,140363,5727027,0.35,,108815816,151,,,1
2025-04-21,4952,凌通,twse,41.10,41.10,39.00,39.15,210073,8320556,-1.9,,108815816,246,,,1
2025-04-22,4952,凌通,twse,37.30,39.00,37.30,38.70,311919,12000923,-0.45,,108815816,294,,,1
2025-04-23,4952,凌通,twse,39.50,40.15,39.50,39.65,229263,9124102,0.95,,108815816,167,,,1
2025-04-24,4952,凌通,twse,40.00,40.10,39.35,39.35,136485,5395756,-0.3,,108815816,112,,,1
2025-04-25,4952,凌通,twse,39.90,41.05,39.90,41.00,235319,9560366,1.65,,108815816,188,,,1
2025-04-28,4952,凌通,twse,41.00,41.70,41.00,41.50,136352,5639386,0.5,,108815816,121,,,1
2025-04-29,4952,凌通,twse,41.10,42.15,41.10,42.15,147256,6145810,0.65,,108815816,157,,,1
2025-04-30,4952,凌通,twse,42.10,42.20,41.50,41.50,171076,7155889,-0.65,,108815816,159,,,1
2025-05-02,4952,凌通,twse,42.00,42.30,41.60,42.30,199795,8399468,0.8,,108815816,139,,,1
2025-05-05,4952,凌通,twse,42.35,42.35,39.85,40.65,192764,7831041,-1.65,,108815816,204,,,1
2025-05-06,4952,凌通,twse,40.75,41.50,40.40,41.00,75949,3116681,0.35,,108815816,92,,,1
2025-05-07,4952,凌通,twse,41.20,41.20,40.70,40.80,67029,2742036,-0.2,,108815816,64,,,1
2025-05-08,4952,凌通,twse,40.70,41.90,40.70,41.40,125111,5208920,0.6,,108815816,118,,,1
2025-05-09,4952,凌通,twse,41.40,42.25,41.40,42.20,140074,5871708,0.8,,108815816,109,,,1
2025-05-12,4952,凌通,twse,42.80,43.40,42.80,43.30,189142,8156239,1.1,,108815816,202,,,1
2025-05-13,4952,凌通,twse,43.80,44.25,43.30,43.45,98694,4299413,0.15,,108815816,108,,,1
2025-05-14,4952,凌通,twse,43.90,44.30,43.50,44.25,158779,6978000,0.8,,108815816,300,,,1
2025-05-15,4952,凌通,twse,44.25,44.25,43.70,43.70,108491,4756681,-0.55,,108815816,207,,,1
2025-05-16,4952,凌通,twse,44.00,44.20,43.70,43.95,110748,4874213,0.25,,108815816,91,,,1
2025-05-19,4952,凌通,twse,43.60,43.75,43.00,43.00,127016,5500621,-0.95,,108815816,130,,,1
2025-05-20,4952,凌通,twse,43.20,43.20,42.60,42.85,63490,2726209,-0.15,,108815816,66,,,1
2025-05-21,4952,凌通,twse,42.90,43.40,42.85,43.40,51219,2211469,0.55,,108815816,57,,,1
2025-05-22,4952,凌通,twse,43.20,43.20,42.60,43.05,38430,1646730,-0.35,,108815816,46,,,1
2025-05-23,4952,凌通,twse,43.00,44.05,43.00,43.85,92522,4035203,0.8,,108815816,92,,,1
2025-05-26,4952,凌通,twse,44.25,44.25,43.30,43.30,83700,3638356,-0.55,,108815816,97,,,1
2025-05-27,4952,凌通,twse,43.25,43.90,42.40,42.50,91995,3932939,-0.8,,108815816,222,,,1
2025-05-28,4952,凌通,twse,43.00,43.00,42.10,42.10,31660,1346248,-0.4,,108815816,47,,,1
2025-05-29,4952,凌通,twse,42.35,42.35,42.10,42.15,29639,1251703,0.05,,108815816,49,,,1
2025-06-02,4952,凌通,twse,42.00,42.30,40.60,40.80,116300,4779282,-1.35,,108815816,148,,,1
2025-06-03,4952,凌通,twse,41.75,41.75,40.90,40.90,60532,2486378,0.1,,108815816,84,,,1
2025-06-04,4952,凌通,twse,41.10,42.30,41.10,42.15,57347,2409174,1.25,,108815816,66,,,1
2025-06-05,4952,凌通,twse,42.30,43.00,42.15,42.60,53331,2269738,0.45,,108815816,60,,,1
2025-06-06,4952,凌通,twse,42.60,43.35,42.60,42.95,76585,3295630,0.35,,108815816,89,,,1
2025-06-09,4952,凌通,twse,42.80,42.80,42.35,42.55,34026,1449118,-0.4,,108815816,48,,,1
2025-06-10,4952,凌通,twse,42.30,43.25,42.30,42.95,69267,2974907,0.4,,108815816,73,,,1
2025-06-11,4952,凌通,twse,42.95,43.00,42.60,42.90,56342,2418166,-0.05,,108815816,76,,,1
2025-06-12,4952,凌通,twse,42.90,43.00,42.40,43.00,48314,2063790,0.1,,108815816,50,,,1
2025-06-13,4952,凌通,twse,42.00,43.00,42.00,42.40,65849,2798380,-0.6,,108815816,70,,,1
2025-06-16,4952,凌通,twse,42.00,42.90,41.95,42.90,36144,1526648,0.5,,108815816,50,,,1
2025-06-17,4952,凌通,twse,42.85,43.00,42.05,42.50,47153,2007315,-0.4,,108815816,48,,,1
2025-06-18,4952,凌通,twse,42.50,42.60,41.80,42.40,71107,3007145,-0.1,,108815816,114,,,1
2025-06-19,4952,凌通,twse,42.60,42.60,41.50,41.65,66644,2789391,-0.75,,108815816,82,,,1
2025-06-20,4952,凌通,twse,42.95,42.95,40.90,41.30,77899,3222613,-0.35,,108815816,91,,,1
2025-06-23,4952,凌通,twse,40.75,41.75,40.00,40.60,93861,3799956,-0.7,,108815816,125,,,1
2025-06-24,4952,凌通,twse,41.00,42.30,40.95,42.00,220076,9212036,1.4,,108815816,187,,,1
2025-06-25,4952,凌通,twse,41.00,41.00,39.95,40.40,89798,3616188,0.0,,108815816,108,,,1
2025-06-26,4952,凌通,twse,42.50,43.75,40.80,40.80,984814,41806950,0.4,,108815816,711,,,1
2025-06-27,4952,凌通,twse,40.90,41.30,40.60,41.00,110737,4536791,0.2,,108815816,193,,,1
2025-06-30,4952,凌通,twse,41.00,41.00,40.00,40.35,47105,1896682,-0.65,,108815816,84,,,1
2025-07-01,4952,凌通,twse,40.50,40.70,40.10,40.10,59184,2391354,-0.25,,108815816,73,,,1
2025-07-02,4952,凌通,twse,40.20,40.30,40.00,40.05,39928,1602323,-0.05,,108815816,71,,,1
2025-07-03,4952,凌通,twse,40.35,40.60,40.35,40.35,42596,1722444,0.3,,108815816,52,,,1
2025-07-04,4952,凌通,twse,40.30,40.30,39.55,40.05,118228,4712536,-0.3,,108815816,129,,,1
2025-07-07,4952,凌通,twse,40.05,40.05,38.80,38.90,86577,3382230,-1.15,,108815816,147,,,1
2025-07-08,4952,凌通,twse,38.90,38.90,37.40,37.80,176043,6662711,-1.1,,108815816,235,,,1
2025-07-09,4952,凌通,twse,37.55,38.20,37.50,38.00,95683,3617990,0.2,,108815816,95,,,1
2025-07-10,4952,凌通,twse,37.90,38.05,37.80,37.90,83336,3157869,-0.1,,108815816,81,,,1
2025-07-11,4952,凌通,twse,37.95,38.65,37.95,38.55,83142,3195673,0.65,,108815816,69,,,1
2025-07-14,4952,凌通,twse,38.55,38.55,37.85,38.00,56548,2152408,-0.55,,108815816,63,,,1
2025-07-15,4952,凌通,twse,38.05,38.50,38.00,38.35,61040,2340029,0.35,,108815816,49,,,1
2025-07-16,4952,凌通,twse,38.50,39.40,38.35,38.85,193757,7490857,0.5,,108815816,112,,,1
2025-07-17,4952,凌通,twse,39.10,39.50,39.05,39.25,64108,2515875,0.4,,108815816,83,,,1
2025-07-18,4952,凌通,twse,39.70,39.75,39.30,39.30,45339,1790583,0.05,,108815816,82,,,1
2025-07-21,4952,凌通,twse,39.85,39.85,39.30,39.55,32397,1282097,0.25,,108815816,40,,,1
2025-07-22,4952,凌通,twse,40.30,40.30,38.65,39.05,69580,2736952,-0.5,,108815816,135,,,1
2025-07-23,4952,凌通,twse,39.20,40.25,39.20,39.40,40874,1617214,0.35,,108815816,63,,,1
2025-07-24,4952,凌通,twse,39.45,39.50,39.20,39.20,18126,713303,-0.2,,108815816,41,,,1
2025-07-25,4952,凌通,twse,38.90,39.20,38.90,38.95,25933,1012343,-0.25,,108815816,40,,,1
2025-07-28,4952,凌通,twse,38.95,39.40,38.90,39.15,41851,1635182,0.2,,108815816,64,,,1
2025-07-29,4952,凌通,twse,38.80,39.30,38.40,39.05,69068,2680124,-0.1,,108815816,153,,,1
2025-07-30,4952,凌通,twse,39.10,39.10,38.40,38.80,29575,1145118,-0.25,,108815816,115,,,1
2025-07-31,4952,凌通,twse,38.80,39.00,38.60,38.95,37556,1457765,0.15,,108815816,47,,,1
2025-08-01,4952,凌通,twse,38.40,38.95,38.40,38.70,100409,3886708,-0.25,,108815816,276,,,1
2025-08-04,4952,凌通,twse,38.40,38.40,37.75,38.20,104504,3970461,-0.5,,108815816,124,,,1
2025-08-05,4952,凌通,twse,38.50,38.85,38.20,38.55,100760,3890448,0.35,,108815816,128,,,1
2025-08-06,4952,凌通,twse,38.85,39.20,38.55,39.20,58841,2287644,0.65,,108815816,98,,,1
2025-08-07,4952,凌通,twse,39.00,39.45,38.90,38.95,94631,3694968,-0.25,,108815816,106,,,1
2025-08-08,4952,凌通,twse,38.80,39.05,38.70,39.00,92715,3603444,0.05,,108815816,125,,,1
2025-08-11,4952,凌通,twse,37.95,38.65,37.95,38.45,77391,2962609,-0.55,,108815816,109,,,1
2025-08-12,4952,凌通,twse,38.10,38.40,37.85,38.40,94400,3607713,-0.05,,108815816,127,,,1
2025-08-13,4952,凌通,twse,38.45,39.25,38.45,38.80,122834,4771247,0.4,,108815816,125,,,1
2025-08-14,4952,凌通,twse,39.10,39.35,38.65,38.90,103417,4021046,0.1,,108815816,116,,,1
2025-08-15,4952,凌通,twse,38.90,39.20,38.70,39.20,161171,6261265,0.3,,108815816,178,,,1
2025-08-18,4952,凌通,twse,39.10,39.20,38.90,39.20,107811,4213149,0.0,,108815816,120,,,1
2025-08-19,4952,凌通,twse,39.45,40.25,39.25,39.90,234320,9329955,0.7,,108815816,228,,,1
2025-08-20,4952,凌通,twse,39.75,43.00,39.55,41.25,1018206,42614526,1.35,,108815816,1176,,,1
2025-08-21,4952,凌通,twse,41.25,42.75,41.10,41.95,516857,21737290,0.7,,108815816,586,,,1
2025-08-22,4952,凌通,twse,41.40,42.50,41.40,41.50,233759,9809276,-0.45,,108815816,348,,,1
2025-08-25,4952,凌通,twse,41.80,42.25,41.50,41.50,166368,6954426,0.0,,108815816,242,,,1
2025-08-26,4952,凌通,twse,41.45,41.50,41.00,41.20,94955,3914834,-0.3,,108815816,94,,,1
2025-08-27,4952,凌通,twse,41.00,41.95,40.80,41.95,156702,6484193,0.75,,108815816,148,,,1
2025-08-28,4952,凌通,twse,41.95,42.00,41.50,41.75,76162,3179949,-0.2,,108815816,109,,,1
2025-08-29,4952,凌通,twse,42.00,42.40,41.50,42.25,151291,6345470,0.5,,108815816,159,,,1
2025-09-01,4952,凌通,twse,42.25,42.75,40.95,41.35,100155,4184692,-0.9,,108815816,265,,,1
2025-09-02,4952,凌通,twse,40.90,41.35,40.00,41.35,125292,5095893,0.0,,108815816,326,,,1
2025-09-03,4952,凌通,twse,40.90,41.60,40.90,41.50,94260,3893038,0.15,,108815816,88,,,1
2025-09-04,4952,凌通,twse,41.70,41.80,41.25,41.25,88265,3660446,-0.25,,108815816,106,,,1
2025-09-05,4952,凌通,twse,41.25,41.50,41.00,41.45,80318,3312388,0.2,,108815816,92,,,1
2025-09-08,4952,凌通,twse,41.45,41.95,41.10,41.75,171214,7139324,0.3,,108815816,118,,,1
2025-09-09,4952,凌通,twse,41.85,41.85,40.55,40.70,143677,5883740,-1.05,,108815816,224,,,1
2025-09-10,4952,凌通,twse,40.60,40.60,39.45,39.50,299520,11886278,-1.2,,108815816,297,,,1
2025-09-11,4952,凌通,twse,39.30,39.65,38.20,38.55,268727,10426800,-0.95,,108815816,314,,,1
2025-09-12,4952,凌通,twse,38.90,39.50,38.60,39.10,107788,4215384,0.55,,108815816,120,,,1
2025-09-15,4952,凌通,twse,39.40,42.90,38.65,42.75,829803,34817244,3.65,,108815816,3851,,,1
2025-09-16,4952,凌通,twse,43.15,46.50,43.15,45.45,4523385,203505274,2.7,,108815816,3433,,,1
2025-09-17,4952,凌通,twse,44.60,46.10,43.50,45.70,1564629,70532933,0.25,,108815816,1509,,,1
2025-09-18,4952,凌通,twse,45.70,46.40,44.65,45.35,598779,27203088,-0.35,,108815816,721,,,1
2025-09-19,4952,凌通,twse,45.50,45.55,43.80,44.00,421870,18743665,-1.35,,108815816,1267,,,1
2025-09-22,4952,凌通,twse,44.00,44.00,42.75,42.90,299930,12942539,-1.1,,108815816,557,,,1
2025-09-23,4952,凌通,twse,43.05,43.05,42.20,42.55,211803,9013012,-0.35,,108815816,223,,,1
2025-09-24,4952,凌通,twse,42.70,42.75,41.85,42.40,164265,6952263,-0.15,,108815816,268,,,1
2025-09-25,4952,凌通,twse,42.80,42.95,42.00,42.00,140822,5955418,-0.4,,108815816,161,,,1
2025-09-26,4952,凌通,twse,42.10,42.10,40.20,40.30,241940,9848872,-1.7,,108815816,268,,,1
2025-09-30,4952,凌通,twse,40.35,41.60,40.35,40.75,135799,5566119,0.45,,108815816,147,,,1
2025-10-01,4952,凌通,twse,40.90,40.90,40.45,40.65,85808,3487610,-0.1,,108815816,138,,,1
2025-10-02,4952,凌通,twse,40.90,41.10,40.35,40.40,101636,4133760,-0.25,,108815816,108,,,1
2025-10-03,4952,凌通,twse,40.45,40.65,40.15,40.40,73148,2956185,0.0,,108815816,88,,,1
2025-10-07,4952,凌通,twse,40.05,40.90,39.90,40.40,119363,4841729,0.0,,108815816,113,,,1
2025-10-08,4952,凌通,twse,40.25,40.60,40.05,40.35,84602,3404151,-0.05,,108815816,79,,,1
2025-10-09,4952,凌通,twse,40.30,40.40,39.90,39.90,181792,7292893,-0.45,,108815816,188,,,1
2025-10-13,4952,凌通,twse,39.50,39.50,38.20,39.00,108470,4216309,-0.9,,108815816,150,,,1
2025-10-14,4952,凌通,twse,39.70,39.70,38.65,38.65,177805,6961224,-0.35,,108815816,199,,,1
2025-10-15,4952,凌通,twse,38.50,38.95,38.30,38.65,111955,4329977,0.0,,108815816,125,,,1
2025-10-16,4952,凌通,twse,38.90,39.40,38.90,39.20,95084,3721500,0.55,,108815816,102,,,1
2025-10-17,4952,凌通,twse,39.15,40.35,39.00,39.70,130859,5175795,0.5,,108815816,161,,,1
2025-10-20,4952,凌通,twse,39.70,40.00,39.40,39.70,74307,2948732,0.0,,108815816,154,,,1
2025-10-21,4952,凌通,twse,39.70,40.60,39.70,40.15,96633,3877560,0.45,,108815816,95,,,1
2025-10-22,4952,凌通,twse,39.90,40.65,39.85,40.65,102139,4119312,0.5,,108815816,100,,,1
2025-10-23,4952,凌通,twse,40.25,40.35,39.90,39.90,113095,4525884,-0.75,,108815816,349,,,1
2025-10-27,4952,凌通,twse,39.80,39.90,39.30,39.80,116150,4604120,-0.1,,108815816,128,,,1
2025-10-28,4952,凌通,twse,39.80,40.10,39.40,39.55,70112,2776996,-0.25,,108815816,90,,,1
2025-10-29,4952,凌通,twse,40.40,40.45,39.75,40.05,106969,4287759,0.5,,108815816,123,,,1
2025-10-30,4952,凌通,twse,39.75,40.05,38.90,39.05,121151,4743299,-1.0,,108815816,189,,,1
2025-10-31,4952,凌通,twse,39.05,39.15,38.70,39.15,84690,3291687,0.1,,108815816,99,,,1
2025-11-03,4952,凌通,twse,39.20,39.30,38.50,38.60,79636,3089192,-0.55,,108815816,95,,,1
2025-11-04,4952,凌通,twse,38.45,38.60,38.00,38.00,168083,6425002,-0.6,,108815816,185,,,1
2025-11-05,4952,凌通,twse,38.00,38.05,37.45,37.65,115627,4351426,-0.35,,108815816,148,,,1
2025-11-06,4952,凌通,twse,37.65,38.00,37.60,37.95,63504,2402219,0.3,,108815816,85,,,1
2025-11-07,4952,凌通,twse,37.35,37.50,37.30,37.35,90269,3379584,-0.6,,108815816,111,,,1
2025-11-10,4952,凌通,twse,37.35,37.35,36.55,37.10,141679,5214307,-0.25,,108815816,166,,,1
2025-11-11,4952,凌通,twse,37.50,37.50,37.00,37.20,120170,4471227,0.1,,108815816,115,,,1
2025-11-12,4952,凌通,twse,37.20,38.55,37.20,37.75,130469,4971665,0.55,,108815816,139,,,1
2025-11-13,4952,凌通,twse,38.20,38.20,37.50,37.80,72028,2729501,0.05,,108815816,111,,,1
2025-11-14,4952,凌通,twse,38.35,38.35,37.10,37.40,84908,3207925,-0.4,,108815816,122,,,1
2025-11-17,4952,凌通,twse,37.40,37.40,36.75,36.75,84577,3120281,-0.65,,108815816,137,,,1
2025-11-18,4952,凌通,twse,36.35,36.40,35.20,35.30,180625,6463813,-1.45,,108815816,223,,,1
2025-11-19,4952,凌通,twse,35.35,35.35,34.70,34.75,102914,3601582,-0.55,,108815816,223,,,1
2025-11-20,4952,凌通,twse,35.35,35.85,34.90,35.15,80793,2844231,0.4,,108815816,144,,,1
2025-11-21,4952,凌通,twse,34.65,34.95,34.10,34.50,126144,4343945,-0.65,,108815816,197,,,1
2025-11-24,4952,凌通,twse,34.90,34.90,34.20,34.40,121188,4181809,-0.1,,108815816,90,,,1
2025-11-25,4952,凌通,twse,34.60,35.65,34.60,35.10,99622,3506487,0.7,,108815816,80,,,1
2025-11-26,4952,凌通,twse,35.30,35.85,35.30,35.40,78473,2791052,0.3,,108815816,75,,,1
2025-11-27,4952,凌通,twse,35.70,36.15,34.95,35.95,120785,4266879,0.55,,108815816,127,,,1
2025-11-28,4952,凌通,twse,35.95,36.15,35.70,36.00,71507,2575129,0.05,,108815816,60,,,1
2025-12-01,4952,凌通,twse,35.95,35.95,35.15,35.30,44775,1586205,-0.7,,108815816,76,,,1
2025-12-02,4952,凌通,twse,35.30,35.85,35.30,35.45,47835,1696259,0.15,,108815816,60,,,1
2025-12-03,4952,凌通,twse,35.55,35.90,35.45,35.60,58276,2077243,0.15,,108815816,62,,,1
2025-12-04,4952,凌通,twse,36.20,36.50,36.05,36.50,134127,4864271,0.9,,108815816,120,,,1
2025-12-05,4952,凌通,twse,36.60,36.60,35.85,35.90,91315,3295200,-0.6,,108815816,89,,,1
2025-12-08,4952,凌通,twse,35.80,36.60,35.75,36.30,55306,2002675,0.4,,108815816,62,,,1
2025-12-09,4952,凌通,twse,35.80,36.50,35.80,36.25,40143,1451265,-0.05,,108815816,43,,,1
2025-12-10,4952,凌通,twse,36.40,36.90,36.30,36.30,61666,2248974,0.05,,108815816,67,,,1
2025-12-11,4952,凌通,twse,36.90,37.05,36.00,36.30,50167,1822220,0.0,,108815816,69,,,1
2025-12-12,4952,凌通,twse,37.30,37.30,36.30,36.50,76628,2815031,0.2,,108815816,119,,,1
2025-12-15,4952,凌通,twse,36.50,37.50,36.40,36.45,37033,1355431,-0.05,,108815816,130,,,1
2025-12-16,4952,凌通,twse,36.05,36.30,35.55,36.30,100889,3624828,-0.15,,108815816,96,,,1
2025-12-17,4952,凌通,twse,35.75,36.75,35.75,35.90,72846,2640476,-0.4,,108815816,101,,,1
2025-12-18,4952,凌通,twse,35.90,36.10,35.55,35.55,45716,1637572,-0.35,,108815816,49,,,1
2025-12-19,4952,凌通,twse,35.60,35.80,35.35,35.55,99349,3535255,0.0,,108815816,79,,,1
2025-12-22,4952,凌通,twse,37.45,37.45,35.70,35.90,117208,4231865,0.35,,108815816,95,,,1
2025-12-23,4952,凌通,twse,36.80,36.80,35.45,35.65,161151,5747249,-0.25,,108815816,103,,,1
2025-12-24,4952,凌通,twse,35.75,35.80,35.30,35.45,70305,2495857,-0.2,,108815816,85,,,1
2025-12-26,4952,凌通,twse,35.55,35.75,34.75,35.00,154173,5396643,-0.45,,108815816,159,,,1
2025-12-29,4952,凌通,twse,35.05,35.55,35.05,35.30,127735,4519181,0.3,,108815816,100,,,1
2025-12-30,4952,凌通,twse,35.30,35.60,35.10,35.35,84578,2981026,0.05,,108815816,70,,,1
2025-12-31,4952,凌通,twse,35.60,35.70,35.20,35.30,41025,1451711,-0.05,,108815816,58,,,1
2026-01-02,4952,凌通,twse,35.25,35.85,35.15,35.30,114671,4070179,0.0,,108815816,181,,,1
2026-01-05,4952,凌通,twse,35.40,35.40,34.40,34.65,265287,9182944,-0.65,,108815816,355,,,1
2026-01-06,4952,凌通,twse,34.65,36.00,34.65,35.65,182372,6480851,1.0,,108815816,154,,,1
2026-01-07,4952,凌通,twse,36.00,37.30,36.00,36.90,284361,10495525,1.25,,108815816,249,,,1
2026-01-08,4952,凌通,twse,37.25,37.25,36.30,36.85,144884,5297857,-0.05,,108815816,133,,,1
2026-01-09,4952,凌通,twse,36.90,36.90,35.85,36.15,77002,2784663,-0.7,,108815816,78,,,1
2026-01-12,4952,凌通,twse,36.80,37.00,36.20,36.55,105036,3834593,0.4,,108815816,116,,,1
2026-01-13,4952,凌通,twse,36.05,36.50,35.55,35.90,128851,4641342,-0.65,,108815816,145,,,1
2026-01-14,4952,凌通,twse,36.10,37.45,36.10,37.10,180720,6689041,1.2,,108815816,178,,,1
2026-01-15,4952,凌通,twse,37.10,37.10,36.40,36.55,103442,3785221,-0.55,,108815816,183,,,1
2026-01-16,4952,凌通,twse,36.85,37.50,36.85,37.20,243275,9043211,0.65,,108815816,289,,,1
2026-01-19,4952,凌通,twse,37.55,38.85,37.25,38.00,291180,11128741,0.8,,108815816,286,,,1
2026-01-20,4952,凌通,twse,38.00,38.20,37.45,37.60,134395,5086421,-0.4,,108815816,144,,,1
2026-01-21,4952,凌通,twse,37.60,38.95,37.60,38.45,408540,15630884,0.85,,108815816,348,,,1
2026-01-22,4952,凌通,twse,38.65,39.20,38.05,38.25,457295,17686234,-0.2,,108815816,485,,,1
2026-01-23,4952,凌通,twse,38.45,38.60,38.00,38.00,171233,6536896,-0.25,,108815816,145,,,1
2026-01-26,4952,凌通,twse,38.05,40.00,38.05,39.00,372016,14585732,1.0,,108815816,331,,,1
2026-01-27,4952,凌通,twse,39.80,39.80,38.60,38.70,178611,6928108,-0.3,,108815816,201,,,1
2026-01-28,4952,凌通,twse,40.05,42.45,39.80,42.10,1677796,69486601,3.4,,108815816,2023,,,1
2026-01-29,4952,凌通,twse,42.35,42.90,40.95,41.90,3114566,131134387,-0.2,,108815816,2215,,,1
2026-01-30,4952,凌通,twse,40.70,41.30,39.60,40.50,569375,22991539,-1.4,,108815816,695,,,1
2026-02-02,4952,凌通,twse,40.25,40.25,38.30,38.95,347889,13535273,-1.55,,108815816,364,,,1
2026-02-03,4952,凌通,twse,39.65,39.70,38.60,38.90,144056,5603925,-0.05,,108815816,172,,,1
2026-02-04,4952,凌通,twse,39.55,40.85,39.05,40.30,353814,14130136,1.4,,108815816,326,,,1
2026-02-05,4952,凌通,twse,40.30,41.70,40.20,40.50,582022,23875357,0.2,,108815816,503,,,1
2026-02-06,4952,凌通,twse,40.55,40.55,38.60,39.05,249654,9816750,-1.45,,108815816,340,,,1
2026-02-09,4952,凌通,twse,39.55,40.35,39.45,39.90,215420,8599163,0.85,,108815816,194,,,1
2026-02-10,4952,凌通,twse,40.25,41.15,39.90,40.55,638849,25827846,0.65,,108815816,569,,,1
2026-02-11,4952,凌通,twse,40.60,41.35,39.55,40.85,500342,20239268,0.3,,108815816,494,,,1
2026-02-23,4952,凌通,twse,41.20,42.35,41.20,41.75,1161440,48681527,0.9,,108815816,752,,,1
2026-02-24,4952,凌通,twse,41.95,45.75,41.75,44.15,4229832,187339882,2.4,,108815816,3113,,,1
2026-02-25,4952,凌通,twse,43.95,43.95,41.85,42.10,953308,40636562,-2.05,,108815816,1022,,,1
2026-02-26,4952,凌通,twse,42.10,42.20,41.60,42.05,460894,19292207,-0.05,,108815816,406,,,1
2026-03-02,4952,凌通,twse,41.60,44.95,40.65,44.65,1743396,76842401,2.6,,108815816,1312,,,1
2026-03-03,4952,凌通,twse,44.75,45.55,43.05,44.10,1780116,79572551,-0.55,,108815816,1334,,,1
2026-03-04,4952,凌通,twse,43.00,43.20,40.75,42.10,847718,35686289,-2.0,,108815816,684,,,1
2026-03-05,4952,凌通,twse,44.30,46.30,43.30,46.30,3327562,149414631,4.2,,108815816,2180,,,1
2026-03-06,4952,凌通,twse,48.25,50.90,47.00,50.80,10409052,509331143,4.5,,108815816,7611,,,1
2026-03-09,4952,凌通,twse,46.00,47.55,45.75,46.35,2834780,130665298,-4.45,,108815816,2122,,,1
2026-03-10,4952,凌通,twse,48.00,48.05,44.80,45.10,2013296,93695500,-1.25,,108815816,1551,,,1
2026-03-11,4952,凌通,twse,45.70,45.80,44.80,45.00,1073603,48561689,-0.1,,108815816,1109,,,1
2026-03-12,4952,凌通,twse,45.00,45.00,43.45,44.55,948852,41694790,-0.45,,108815816,859,,,1
2026-03-13,4952,凌通,twse,44.00,44.95,43.50,44.30,552512,24531851,-0.25,,108815816,442,,,1
2026-03-16,4952,凌通,twse,45.05,45.45,44.15,44.25,570223,25465038,-0.05,,108815816,476,,,1
2026-03-17,4952,凌通,twse,44.40,45.25,44.25,44.25,648162,29018224,0.0,,108815816,450,,,1
2026-03-18,4952,凌通,twse,44.10,45.80,44.10,45.00,802550,36165838,0.75,,108815816,796,,,1
2026-03-19,4952,凌通,twse,45.45,45.45,43.05,43.05,883692,38910268,-1.95,,108815816,1029,,,1
2026-03-20,4952,凌通,twse,43.40,44.10,42.00,43.30,482354,20829046,0.25,,108815816,467,,,1
2026-03-23,4952,凌通,twse,42.10,42.30,41.00,41.00,432760,17955631,-2.3,,108815816,452,,,1
2026-03-24,4952,凌通,twse,42.40,42.40,40.35,40.70,295257,12137029,-0.3,,108815816,263,,,1
2026-03-25,4952,凌通,twse,41.60,42.40,41.20,42.25,272321,11373084,1.55,,108815816,226,,,1
2026-03-26,4952,凌通,twse,42.25,43.05,41.50,41.50,259624,10952108,-0.75,,108815816,308,,,1
2026-03-27,4952,凌通,twse,40.55,41.05,40.30,40.90,258026,10460049,-0.6,,108815816,295,,,1
2026-03-30,4952,凌通,twse,40.55,40.55,39.75,39.90,175528,7032856,-1.0,,108815816,329,,,1
2026-03-31,4952,凌通,twse,39.90,40.20,38.50,38.75,323537,12690980,-1.15,,108815816,415,,,1
2026-04-01,4952,凌通,twse,39.35,40.00,39.35,40.00,166735,6634181,1.25,,108815816,159,,,1
2026-04-02,4952,凌通,twse,40.20,40.20,38.90,39.10,215729,8453260,-0.9,,108815816,273,,,1
2026-04-07,4952,凌通,twse,39.45,39.50,38.65,38.70,211628,8259014,-0.4,,108815816,226,,,1
2026-04-08,4952,凌通,twse,39.70,40.20,39.40,40.00,241024,9612975,1.3,,108815816,232,,,1
2026-04-09,4952,凌通,twse,41.00,41.40,40.20,40.65,352367,14372355,0.65,,108815816,313,,,1
2026-04-10,4952,凌通,twse,41.20,41.45,40.65,40.80,192902,7912928,0.15,,108815816,215,,,1
2026-04-13,4952,凌通,twse,41.55,42.35,40.90,42.15,299602,12509587,1.35,,108815816,285,,,1
2026-04-14,4952,凌通,twse,42.50,42.90,41.70,42.10,311114,13134956,-0.05,,108815816,468,,,1
2026-04-15,4952,凌通,twse,42.40,42.55,41.60,41.75,324084,13609389,-0.35,,108815816,367,,,1
2026-04-16,4952,凌通,twse,42.05,42.40,41.75,42.20,199102,8367708,0.45,,108815816,206,,,1
2026-04-17,4952,凌通,twse,42.50,43.30,42.10,42.50,383653,16396260,0.3,,108815816,364,,,1
2026-04-20,4952,凌通,twse,42.90,44.30,42.65,44.25,659154,28822341,1.75,,108815816,695,,,1
2026-04-21,4952,凌通,twse,45.00,48.65,44.40,48.65,2170433,101551830,4.4,,108815816,2296,,,1
2026-04-22,4952,凌通,twse,51.00,53.50,50.90,53.50,6638283,348982829,4.85,,108815816,5578,,,1
2026-04-23,4952,凌通,twse,56.00,56.20,48.85,52.00,5981982,317157929,-1.5,,108815816,4417,,,1
2026-04-24,4952,凌通,twse,53.00,53.00,49.90,50.30,1652896,83971784,-1.7,,108815816,1624,,,1
2026-04-27,4952,凌通,twse,49.70,49.90,46.75,47.85,915990,43621514,-2.45,,108815816,978,,,1
2026-04-28,4952,凌通,twse,48.00,48.55,47.10,47.70,601872,28792633,-0.15,,108815816,631,,,1
2026-04-29,4952,凌通,twse,48.35,48.35,46.55,46.55,587439,27672126,-1.15,,108815816,622,,,1
2026-04-30,4952,凌通,twse,46.55,47.55,46.25,46.55,482564,22551768,0.0,,108815816,641,,,1
2026-05-04,4952,凌通,twse,46.60,47.90,46.60,46.80,378907,17866945,0.25,,108815816,538,,,1
2026-05-05,4952,凌通,twse,45.70,48.65,45.70,47.30,767668,36323145,0.5,,108815816,811,,,1
2026-05-06,4952,凌通,twse,47.90,48.30,46.75,47.10,658574,31273018,-0.2,,108815816,646,,,1
2026-05-07,4952,凌通,twse,48.00,49.75,47.30,48.90,1183657,57506277,1.8,,108815816,873,,,1
2026-05-08,4952,凌通,twse,49.75,51.40,48.25,48.90,1070322,53108454,0.0,,108815816,1178,,,1
2026-05-11,4952,凌通,twse,48.90,51.90,48.90,51.60,1696345,86066583,2.7,,108815816,1197,,,1
2026-05-12,4952,凌通,twse,51.50,52.50,50.50,51.00,1896459,97593091,-0.6,,108815816,1349,,,1
2026-05-13,4952,凌通,twse,51.10,51.80,49.80,50.60,1145598,57920571,-0.4,,108815816,834,,,1
2026-05-14,4952,凌通,twse,53.50,54.20,51.50,52.00,2591079,136776909,1.4,,108815816,1918,,,1
2026-05-15,4952,凌通,twse,52.30,53.10,50.00,50.30,1121612,57392780,-1.7,,108815816,1358,,,1
2026-05-18,4952,凌通,twse,50.20,50.20,49.00,49.75,436229,21631100,-0.55,,108815816,424,,,1
2026-05-19,4952,凌通,twse,49.75,49.80,47.60,48.00,634306,30891808,-1.75,,108815816,588,,,1
2026-05-20,4952,凌通,twse,47.90,51.10,47.50,49.70,705607,35248533,1.7,,108815816,853,,,1
2026-05-21,4952,凌通,twse,50.50,53.50,49.95,52.50,2619814,136192316,2.8,,108815816,2068,,,1
2026-05-22,4952,凌通,twse,52.60,54.30,52.00,53.90,2348532,125183712,1.4,,108815816,1620,,,1
2026-05-25,4952,凌通,twse,54.40,56.40,53.10,54.70,2282914,124413740,0.8,,108815816,2120,,,1
2026-05-26,4952,凌通,twse,54.70,55.70,53.30,55.00,1944485,106429656,0.3,,108815816,1723,,,1
2026-05-27,4952,凌通,twse,55.80,58.40,54.70,55.80,6669911,374949892,0.8,,108815816,5025,,,1
2026-05-28,4952,凌通,twse,54.50,55.50,52.30,53.30,2044758,110650062,-2.5,,108815816,2160,,,1
2026-05-29,4952,凌通,twse,54.40,54.40,52.20,52.80,1167339,61664456,-0.5,,108815816,952,,,1
2026-06-01,4952,凌通,twse,52.80,53.30,51.50,51.90,1029572,53530218,-0.9,,108815816,943,,,1
2026-06-02,4952,凌通,twse,52.30,52.30,50.10,51.10,746932,38095563,-0.8,,108815816,668,,,1
2026-06-03,4952,凌通,twse,52.00,52.50,51.10,52.00,709169,36731278,0.9,,108815816,598,,,1
2026-06-04,4952,凌通,twse,51.60,52.00,50.30,50.70,525661,26792039,-1.3,,108815816,620,,,1
2026-06-05,4952,凌通,twse,50.40,50.60,49.00,49.40,462698,22937910,-1.3,,108815816,489,,,1
2026-06-08,4952,凌通,twse,44.80,46.15,44.75,46.00,509688,23150565,-3.4,,108815816,506,,,1
2026-06-09,4952,凌通,twse,46.75,49.50,46.05,49.05,474973,22799562,3.05,,108815816,425,,,1
2026-06-10,4952,凌通,twse,48.45,49.75,47.00,47.15,391532,18954616,-1.9,,108815816,439,,,1
2026-06-11,4952,凌通,twse,47.50,51.80,47.50,51.80,1522783,76540785,4.65,,108815816,1337,,,1
2026-06-12,4952,凌通,twse,55.00,56.60,53.50,53.80,4641901,256408751,2.0,,108815816,3471,,,1
2026-06-15,4952,凌通,twse,53.90,59.00,53.90,58.50,4851326,279375401,4.7,,108815816,5440,,,1
2026-06-16,4952,凌通,twse,59.00,59.00,55.50,56.00,2896170,165076119,-2.5,,108815816,2331,,,1
2026-06-17,4952,凌通,twse,55.00,58.30,55.00,57.40,1901212,108670389,1.4,,108815816,1621,,,1
2026-06-18,4952,凌通,twse,57.00,58.90,56.20,57.90,1716803,99127454,0.5,,108815816,1576,,,1
2026-06-22,4952,凌通,twse,58.10,61.60,58.10,60.50,3010451,181766052,2.6,,108815816,2780,,,1
2026-06-23,4952,凌通,twse,61.40,61.40,57.60,58.00,1893305,111191841,-2.5,,108815816,1835,,,1
2026-06-24,4952,凌通,twse,56.00,59.10,56.00,57.90,1184824,68460423,0.0,,108815816,1035,,,1
2026-06-25,4952,凌通,twse,58.30,58.50,56.20,56.90,692030,39408848,-1.0,,108815816,1082,,,1
2026-06-26,4952,凌通,twse,57.00,57.00,54.20,54.20,826086,45828952,-2.7,,108815816,933,,,1
2026-06-29,4952,凌通,twse,54.60,57.20,54.50,56.70,949247,53457955,2.5,,108815816,820,,,1
2026-06-30,4952,凌通,twse,59.00,60.60,57.50,57.50,4368442,256166409,0.8,,108815816,3285,,,1
2026-07-01,4952,凌通,twse,57.50,58.90,55.10,55.30,1321463,75329391,-2.2,,108815816,1180,,,1
2026-07-02,4952,凌通,twse,54.50,60.20,54.40,59.80,2176863,127091882,4.5,,108815816,1705,,,1
2026-07-03,4952,凌通,twse,61.00,61.70,59.20,60.10,6364632,386190161,0.3,,108815816,4808,,,1
2026-07-06,4952,凌通,twse,59.70,60.70,58.70,59.20,1465988,87246004,-0.9,,108815816,1424,,,1
2026-07-07,4952,凌通,twse,59.20,59.50,55.70,56.00,976394,55883647,-3.2,,108815816,962,,,1
2026-07-08,4952,凌通,twse,56.50,58.60,55.30,57.40,935221,53540590,1.4,,108815816,811,,,1
2026-07-09,4952,凌通,twse,58.50,60.60,57.80,57.80,2408966,143083918,0.4,,108815816,1953,,,1
2026-07-13,4952,凌通,twse,58.40,58.40,54.80,55.50,1078918,60543325,-2.3,,108815816,1018,,,1
2026-07-14,4952,凌通,twse,55.20,57.10,51.20,54.10,969975,51799599,-1.4,,108815816,966,,,1
2026-07-15,4952,凌通,twse,54.50,55.90,54.00,54.70,478753,26194711,0.6,,108815816,403,,,1
2026-07-16,4952,凌通,twse,54.20,54.60,52.00,52.20,570403,30052935,-2.5,,108815816,521,,,1
2026-07-17,4952,凌通,twse,50.70,51.00,48.40,48.40,814561,40355624,-3.8,,108815816,713,,,1
2026-07-20,4952,凌通,twse,48.60,49.05,46.20,47.25,518038,24464602,-1.15,,108815816,441,,,1
2026-07-21,4952,凌通,twse,47.30,49.35,47.30,49.25,281919,13684437,2.0,,108815816,260,,,1
2026-07-22,4952,凌通,twse,50.00,51.30,49.70,50.30,462113,23426109,1.05,,108815816,360,,,1
2026-07-23,4952,凌通,twse,51.50,51.50,48.90,49.50,340133,16825534,-0.8,,108815816,345,,,1
2026-07-24,4952,凌通,twse,48.90,49.65,48.10,48.85,238017,11613573,-0.65,,108815816,259,,,1
2026-07-27,4952,凌通,twse,49.15,49.15,47.95,48.50,321577,15579402,-0.35,,108815816,248,,,1
2026-07-28,4952,凌通,twse,48.45,48.45,45.50,45.70,512786,23737758,-2.8,,108815816,463,,,1
2026-07-29,4952,凌通,twse,46.10,46.10,41.40,42.85,774803,33372805,-2.85,,108815816,707,,,1
2026-07-30,4952,凌通,twse,43.10,44.60,42.00,43.00,493438,21382440,0.15,,108815816,491,,,1
2026-07-31,4952,凌通,twse,45.45,47.30,45.35,47.30,362343,16855675,4.3,,108815816,352,,,1
2026-08-03,4952,凌通,twse,46.25,48.85,46.25,47.50,500838,23948716,0.2,,108815816,454,,,1
2026-08-04,4952,凌通,twse,47.00,48.10,46.70,48.00,223168,10632626,0.5,,108815816,239,,,1
2026-08-05,4952,凌通,twse,49.40,49.70,48.75,48.90,416836,20537323,0.9,,108815816,554,,,1
2026-08-06,4952,凌通,twse,49.00,49.00,47.30,48.80,207154,9973553,-0.1,,108815816,336,,,1
2026-08-07,4952,凌通,twse,49.30,50.80,48.00,50.50,530657,26512702,1.7,,108815816,497,,,1
2026-08-10,4952,凌通,twse,49.40,50.30,48.85,49.70,786344,38924659,-0.8,,108815816,1082,,,1
2026-08-11,4952,凌通,twse,50.40,50.60,49.00,49.00,416728,20667740,-0.7,,108815816,936,,,1
2026-08-12,4952,凌通,twse,49.70,49.90,49.15,49.45,204248,10078323,0.45,,108815816,199,,,1
2026-08-13,4952,凌通,twse,49.95,50.40,49.45,49.80,331458,16530607,0.35,,108815816,291,,,1
2026-08-14,4952,凌通,twse,50.00,52.00,49.00,51.90,950745,48161167,2.1,,108815816,988,,,1
2026-08-17,4952,凌通,twse,51.90,53.70,51.00,52.20,1045245,54693482,0.3,,108815816,777,,,1
2026-08-18,4952,凌通,twse,52.30,52.70,50.00,50.90,529411,27171843,-1.3,,108815816,623,,,1
2026-08-19,4952,凌通,twse,50.20,52.60,50.00,52.00,517213,26719008,1.1,,108815816,748,,,1
2026-08-20,4952,凌通,twse,51.90,52.20,50.50,52.00,673673,34676538,0.0,,108815816,699,,,1
2026-08-21,4952,凌通,twse,52.90,53.30,50.90,51.00,1148887,59531995,-1.0,,108815816,1098,,,1
2026-08-24,4952,凌通,twse,51.10,51.80,50.30,50.60,338714,17268307,-0.4,,108815816,297,,,1
2026-08-25,4952,凌通,twse,50.30,51.20,49.40,51.20,242522,12191309,0.6,,108815816,273,,,1
2026-08-26,4952,凌通,twse,51.40,52.10,51.00,51.70,459029,23765648,0.5,,108815816,454,,,1
2026-08-27,4952,凌通,twse,52.20,53.10,51.20,52.60,635549,33322974,0.9,,108815816,703,,,1
2026-08-28,4952,凌通,twse,52.60,53.40,51.80,51.90,280400,14722738,-0.7,,108815816,519,,,1
2026-08-31,4952,凌通,twse,51.10,51.30,50.50,50.90,271179,13812659,-1.0,,108815816,362,,,1
2026-09-01,4952,凌通,twse,50.90,52.20,50.90,51.20,278825,14380109,0.3,,108815816,412,,,1
2026-09-02,4952,凌通,twse,51.00,51.70,51.00,51.40,142471,7331741,0.2,,108815816,159,,,1
2026-09-03,4952,凌通,twse,51.80,51.80,50.20,50.20,313060,15978925,-1.2,,108815816,695,,,1
2026-09-04,4952,凌通,twse,51.10,51.20,50.10,50.60,180511,9113833,0.4,,108815816,179,,,1
2026-09-07,4952,凌通,twse,50.50,51.00,50.30,50.60,298136,15131261,0.0,,108815816,357,,,1
2026-09-08,4952,凌通,twse,51.10,51.10,48.50,48.60,439269,21633211,-2.0,,108815816,457,,,1
2026-09-09,4952,凌通,twse,48.70,49.05,48.00,48.05,280927,13561266,-0.55,,108815816,261,,,1
2026-09-10,4952,凌通,twse,48.25,48.90,47.85,48.10,300572,14506842,0.05,,108815816,224,,,1
2026-09-11,4952,凌通,twse,48.55,48.55,47.00,47.25,191547,9063117,-0.85,,108815816,412,,,1
2026-09-14,4952,凌通,twse,47.35,47.65,46.75,47.20,128795,6092025,-0.05,,108815816,166,,,1
2026-09-15,4952,凌通,twse,47.00,47.25,46.15,46.15,180271,8405445,-1.05,,108815816,346,,,1
2026-09-16,4952,凌通,twse,46.80,47.70,46.70,47.35,151140,7121748,1.2,,108815816,149,,,1
2026-09-17,4952,凌通,twse,47.65,47.65,47.20,47.45,172696,8201253,0.1,,108815816,147,,,1
2026-09-18,4952,凌通,twse,47.85,48.20,47.45,47.90,202847,9726823,0.45,,108815816,274,,,1
2026-09-21,4952,凌通,twse,48.35,49.35,48.10,48.60,222650,10863705,0.7,,108815816,318,,,1
2026-09-22,4952,凌通,twse,49.00,50.00,48.90,49.05,359816,17751436,0.45,,108815816,419,,,1
2026-09-23,4952,凌通,twse,49.10,49.75,48.75,48.85,117237,5757173,-0.2,,108815816,207,,,1
2026-09-24,4952,凌通,twse,48.25,49.20,48.25,48.95,112021,5469300,0.1,,108815816,274,,,1
2026-09-29,4952,凌通,twse,48.95,49.80,48.95,49.20,115759,5726261,0.25,,108815816,120,,,1
2026-09-30,4952,凌通,twse,49.35,49.90,49.35,49.40,152291,7549969,0.2,,108815816,175,,,1
2026-10-01,4952,凌通,twse,49.10,50.50,48.70,49.65,304454,15147830,0.25,,108815816,276,,,1
2026-10-02,4952,凌通,twse,49.70,50.80,49.10,50.80,361631,18070020,1.15,,108815816,321,,,1
2026-10-05,4952,凌通,twse,51.00,51.60,50.00,50.30,261855,13328126,-0.5,,108815816,420,,,1
2026-10-06,4952,凌通,twse,49.90,50.10,49.40,49.80,175542,8732756,-0.5,,108815816,216,,,1
2026-10-07,4952,凌通,twse,49.80,50.20,49.00,49.35,215058,10666746,-0.45,,108815816,240,,,1
2026-10-08,4952,凌通,twse,49.05,49.40,48.65,48.65,139652,6832394,-0.7,,108815816,191,,,1
