date,stock_id,name,market,open,high,low,close,volume,amount,change,limit,shares,transactions,price_basis,last_price,valid_bar
2015-01-05,6024,群益期,tpex,24.25,24.30,24.25,24.30,248000,6015500,0.05,,119997847,21,,,1
2015-01-06,6024,群益期,tpex,24.20,24.20,24.10,24.15,117000,2822650,-0.15,,119997847,38,,,1
2015-01-07,6024,群益期,tpex,24.15,24.20,24.10,24.20,70000,1689800,0.05,,119997847,24,,,1
2015-01-08,6024,群益期,tpex,24.25,24.55,24.25,24.45,448000,10941800,0.25,,119997847,177,,,1
2015-01-09,6024,群益期,tpex,24.55,24.65,24.50,24.55,253000,6216850,0.10,,119997847,94,,,1
2015-01-12,6024,群益期,tpex,24.40,24.45,24.35,24.35,190000,4633700,-0.20,,119997847,60,,,1
2015-01-13,6024,群益期,tpex,24.30,24.40,24.30,24.35,224000,5452350,0.00,,119997847,51,,,1
2015-01-14,6024,群益期,tpex,24.40,24.40,24.30,24.35,73000,1775150,0.00,,119997847,20,,,1
2015-01-15,6024,群益期,tpex,24.30,24.35,24.25,24.25,74000,1797950,-0.10,,119997847,27,,,1
2015-01-16,6024,群益期,tpex,24.25,24.25,24.20,24.20,103000,2493350,-0.05,,119997847,43,,,1
2015-01-19,6024,群益期,tpex,24.20,24.25,24.10,24.20,60000,1451350,0.00,,119997847,31,,,1
2015-01-20,6024,群益期,tpex,24.20,24.25,24.10,24.20,38000,919400,0.00,,119997847,14,,,1
2015-01-21,6024,群益期,tpex,24.20,24.20,24.15,24.15,43000,1038950,-0.05,,119997847,27,,,1
2015-01-22,6024,群益期,tpex,24.20,24.25,24.15,24.15,56000,1354900,0.00,,119997847,28,,,1
2015-01-23,6024,群益期,tpex,24.20,24.45,24.20,24.40,181000,4404600,0.25,,119997847,53,,,1
2015-01-26,6024,群益期,tpex,24.40,24.40,24.30,24.35,59000,1435850,-0.05,,119997847,31,,,1
2015-01-27,6024,群益期,tpex,24.35,24.40,24.30,24.40,90000,2192050,0.05,,119997847,28,,,1
2015-01-28,6024,群益期,tpex,24.40,24.45,24.40,24.45,59000,1439650,0.05,,119997847,18,,,1
2015-01-29,6024,群益期,tpex,24.40,24.40,24.40,24.40,49000,1195600,-0.05,down,119997847,22,,,1
2015-01-30,6024,群益期,tpex,24.40,24.45,24.30,24.40,146000,3558000,0.00,,119997847,36,,,1
2015-02-02,6024,群益期,tpex,24.40,24.45,24.40,24.45,43000,1049550,0.05,,119997847,14,,,1
2015-02-03,6024,群益期,tpex,24.40,24.55,24.40,24.50,105000,2573350,0.05,,119997847,35,,,1
2015-02-04,6024,群益期,tpex,24.60,24.70,24.55,24.65,153000,3771700,0.15,,119997847,85,,,1
2015-02-05,6024,群益期,tpex,24.60,24.70,24.60,24.70,158000,3892750,0.05,,119997847,49,,,1
2015-02-06,6024,群益期,tpex,24.70,24.75,24.65,24.70,57000,1407950,0.00,,119997847,46,,,1
2015-02-09,6024,群益期,tpex,24.70,24.85,24.70,24.80,109000,2701150,0.10,,119997847,50,,,1
2015-02-10,6024,群益期,tpex,24.80,24.80,24.70,24.75,99000,2450700,-0.05,,119997847,66,,,1
2015-02-11,6024,群益期,tpex,24.70,24.75,24.70,24.70,117000,2893400,-0.05,,119997847,92,,,1
2015-02-12,6024,群益期,tpex,24.70,24.70,24.60,24.60,196000,4827650,-0.10,,119997847,77,,,1
2015-02-13,6024,群益期,tpex,24.50,24.70,24.50,24.60,122000,3002050,0.00,,119997847,41,,,1
2015-02-24,6024,群益期,tpex,24.70,24.75,24.60,24.75,96000,2368100,0.15,,119997847,56,,,1
2015-02-25,6024,群益期,tpex,24.75,24.80,24.75,24.80,101000,2501550,0.05,,119997847,74,,,1
2015-02-26,6024,群益期,tpex,24.80,24.80,24.55,24.75,98000,2416500,-0.05,,119997847,74,,,1
2015-03-02,6024,群益期,tpex,24.70,24.75,24.65,24.65,44000,1086750,-0.10,,119997847,39,,,1
2015-03-03,6024,群益期,tpex,24.70,24.75,24.70,24.70,83000,2050450,0.05,,119997847,66,,,1
2015-03-04,6024,群益期,tpex,24.70,24.80,24.60,24.75,169000,4176800,0.05,,119997847,71,,,1
2015-03-05,6024,群益期,tpex,24.65,24.70,24.55,24.65,105000,2587750,-0.10,,119997847,61,,,1
2015-03-06,6024,群益期,tpex,24.65,24.75,24.65,24.65,109000,2689800,0.00,,119997847,59,,,1
2015-03-09,6024,群益期,tpex,24.65,24.70,24.60,24.70,121000,2980650,0.05,,119997847,61,,,1
2015-03-10,6024,群益期,tpex,24.75,24.75,24.55,24.60,157000,3861250,-0.10,,119997847,61,,,1
2015-03-11,6024,群益期,tpex,24.50,24.55,24.45,24.55,150000,3673400,-0.05,,119997847,94,,,1
2015-03-12,6024,群益期,tpex,24.55,24.60,24.50,24.55,56000,1373600,0.00,,119997847,37,,,1
2015-03-13,6024,群益期,tpex,24.55,24.60,24.50,24.55,73000,1790800,0.00,,119997847,25,,,1
2015-03-16,6024,群益期,tpex,24.55,24.55,24.45,24.50,146000,3576400,-0.05,,119997847,98,,,1
2015-03-17,6024,群益期,tpex,24.50,24.50,24.45,24.50,68000,1665750,0.00,,119997847,25,,,1
2015-03-18,6024,群益期,tpex,24.50,24.70,24.50,24.65,84000,2063200,0.15,,119997847,31,,,1
2015-03-19,6024,群益期,tpex,24.65,24.70,24.60,24.65,59000,1454350,0.00,,119997847,27,,,1
2015-03-20,6024,群益期,tpex,24.60,24.70,24.55,24.70,95000,2339950,0.05,,119997847,56,,,1
2015-03-23,6024,群益期,tpex,24.70,24.70,24.60,24.65,55000,1353750,-0.05,,119997847,29,,,1
2015-03-24,6024,群益期,tpex,24.70,24.70,24.55,24.65,73000,1798250,0.00,,119997847,40,,,1
2015-03-25,6024,群益期,tpex,24.65,24.75,24.60,24.65,103000,2540000,0.00,,119997847,46,,,1
2015-03-26,6024,群益期,tpex,24.65,25.90,24.65,25.85,1264000,31882850,1.20,,119997847,454,,,1
2015-03-27,6024,群益期,tpex,25.85,25.90,25.45,25.70,479000,12287350,-0.15,,119997847,269,,,1
2015-03-30,6024,群益期,tpex,25.85,25.85,25.20,25.30,419000,10660900,-0.40,,119997847,215,,,1
2015-03-31,6024,群益期,tpex,25.35,25.50,25.35,25.35,150000,3813450,0.05,,119997847,75,,,1
2015-04-01,6024,群益期,tpex,25.35,25.70,25.20,25.35,223000,5672700,0.00,,119997847,127,,,1
2015-04-02,6024,群益期,tpex,25.30,25.45,25.20,25.45,251000,6358550,0.10,,119997847,93,,,1
2015-04-07,6024,群益期,tpex,25.50,25.50,25.25,25.25,207000,5244100,-0.20,,119997847,83,,,1
2015-04-08,6024,群益期,tpex,25.30,25.40,25.25,25.25,177000,4478600,0.00,,119997847,62,,,1
2015-04-09,6024,群益期,tpex,25.40,25.55,25.30,25.40,219000,5562950,0.15,,119997847,100,,,1
2015-04-10,6024,群益期,tpex,25.50,25.50,25.35,25.35,300000,7616400,-0.05,,119997847,111,,,1
2015-04-13,6024,群益期,tpex,25.40,25.60,25.35,25.45,318000,8091300,0.10,,119997847,117,,,1
2015-04-14,6024,群益期,tpex,25.45,25.50,25.40,25.50,159000,4047450,0.05,,119997847,81,,,1
2015-04-15,6024,群益期,tpex,25.50,25.65,25.45,25.55,251000,6409200,0.05,,119997847,96,,,1
2015-04-16,6024,群益期,tpex,25.60,25.75,25.50,25.70,238000,6102050,0.15,,119997847,106,,,1
2015-04-17,6024,群益期,tpex,25.70,26.55,25.70,26.35,768000,20172400,0.65,,119997847,426,,,1
2015-04-20,6024,群益期,tpex,26.35,26.35,25.85,25.95,466000,12112200,-0.40,,119997847,149,,,1
2015-04-21,6024,群益期,tpex,25.95,26.10,25.65,25.70,197000,5088100,-0.25,,119997847,79,,,1
2015-04-22,6024,群益期,tpex,25.70,26.00,25.70,25.90,249000,6443450,0.20,,119997847,181,,,1
2015-04-23,6024,群益期,tpex,26.00,26.20,25.95,26.20,301000,7843300,0.30,,119997847,148,,,1
2015-04-24,6024,群益期,tpex,26.30,27.30,26.30,26.70,965000,25850600,0.50,,119997847,458,,,1
2015-04-27,6024,群益期,tpex,26.95,27.95,26.90,27.45,2056000,56670300,0.75,,119997847,922,,,1
2015-04-28,6024,群益期,tpex,27.50,27.80,27.20,27.55,793000,21824100,0.10,,119997847,432,,,1
2015-04-29,6024,群益期,tpex,27.55,27.80,27.30,27.70,471000,12967300,0.15,,119997847,241,,,1
2015-04-30,6024,群益期,tpex,27.65,27.65,27.30,27.35,218000,5980250,-0.35,,119997847,119,,,1
2015-05-04,6024,群益期,tpex,27.35,27.55,27.25,27.40,197000,5388950,0.05,,119997847,102,,,1
2015-05-05,6024,群益期,tpex,27.40,27.40,26.95,26.95,412000,11144500,-0.45,,119997847,118,,,1
2015-05-06,6024,群益期,tpex,26.90,26.90,26.75,26.90,250000,6705300,-0.05,,119997847,114,,,1
2015-05-07,6024,群益期,tpex,26.95,27.05,26.80,26.85,373000,10043200,-0.05,,119997847,128,,,1
2015-05-08,6024,群益期,tpex,26.85,27.05,26.80,26.80,206000,5537900,-0.05,,119997847,95,,,1
2015-05-11,6024,群益期,tpex,26.90,26.95,26.45,26.60,364000,9713100,-0.20,,119997847,186,,,1
2015-05-12,6024,群益期,tpex,26.45,26.80,26.35,26.60,226000,5995300,0.00,,119997847,96,,,1
2015-05-13,6024,群益期,tpex,26.55,26.70,26.50,26.65,101000,2682750,0.05,,119997847,46,,,1
2015-05-14,6024,群益期,tpex,26.70,26.70,26.40,26.50,189000,5011000,-0.15,,119997847,87,,,1
2015-05-15,6024,群益期,tpex,26.50,26.65,26.35,26.35,221000,5847150,-0.15,,119997847,83,,,1
2015-05-18,6024,群益期,tpex,26.35,26.35,26.15,26.20,104000,2730450,-0.15,,119997847,56,,,1
2015-05-19,6024,群益期,tpex,26.20,26.50,26.20,26.50,131000,3463650,0.30,,119997847,90,,,1
2015-05-20,6024,群益期,tpex,26.50,26.55,26.50,26.50,63000,1671100,0.00,,119997847,50,,,1
2015-05-21,6024,群益期,tpex,26.50,26.50,25.95,26.00,280000,7305300,-0.50,,119997847,145,,,1
2015-05-22,6024,群益期,tpex,26.45,26.45,26.20,26.35,133000,3498150,0.35,,119997847,66,,,1
2015-05-25,6024,群益期,tpex,26.40,26.40,26.10,26.10,86000,2251600,-0.25,,119997847,48,,,1
2015-05-26,6024,群益期,tpex,26.15,26.35,26.05,26.25,186000,4876900,0.15,,119997847,58,,,1
2015-05-27,6024,群益期,tpex,26.15,26.40,26.15,26.30,100000,2628900,0.05,,119997847,52,,,1
2015-05-28,6024,群益期,tpex,26.40,26.50,26.35,26.40,201000,5306950,0.10,,119997847,88,,,1
2015-05-29,6024,群益期,tpex,26.30,26.50,26.30,26.40,77000,2030350,0.00,,119997847,32,,,1
2015-06-01,6024,群益期,tpex,26.45,26.45,26.15,26.20,113000,2971650,-0.20,,119997847,59,,,1
2015-06-02,6024,群益期,tpex,26.20,26.40,26.20,26.30,39000,1026650,0.10,,119997847,31,,,1
2015-06-03,6024,群益期,tpex,26.30,26.45,26.30,26.40,161000,4245850,0.10,,119997847,75,,,1
2015-06-04,6024,群益期,tpex,26.35,26.35,25.75,25.85,304000,7908250,-0.55,,119997847,150,,,1
2015-06-05,6024,群益期,tpex,25.80,25.90,25.70,25.80,148000,3814900,-0.05,,119997847,90,,,1
2015-06-08,6024,群益期,tpex,25.80,25.90,25.60,25.80,58000,1492350,0.00,,119997847,37,,,1
2015-06-09,6024,群益期,tpex,25.80,25.90,25.25,25.30,168000,4290000,-0.50,,119997847,107,,,1
2015-06-10,6024,群益期,tpex,25.30,25.55,25.30,25.50,89000,2263850,0.20,,119997847,47,,,1
2015-06-11,6024,群益期,tpex,25.60,25.95,25.55,25.95,109000,2803600,0.45,,119997847,69,,,1
2015-06-12,6024,群益期,tpex,25.95,26.20,25.95,26.10,175000,4561350,0.15,,119997847,81,,,1
2015-06-15,6024,群益期,tpex,26.10,26.10,25.75,25.80,249000,6429450,-0.30,,119997847,112,,,1
2015-06-16,6024,群益期,tpex,25.85,25.85,25.60,25.65,152000,3911100,-0.15,,119997847,83,,,1
2015-06-17,6024,群益期,tpex,25.65,25.70,25.50,25.65,323000,8279500,0.00,,119997847,89,,,1
2015-06-18,6024,群益期,tpex,25.65,25.70,25.60,25.60,271000,6954800,-0.05,,119997847,97,,,1
2015-06-22,6024,群益期,tpex,25.70,26.00,25.65,25.90,500000,12925000,0.30,,119997847,185,,,1
2015-06-23,6024,群益期,tpex,26.15,26.25,26.00,26.05,362000,9458600,0.15,,119997847,166,,,1
2015-06-24,6024,群益期,tpex,26.05,26.20,26.05,26.10,692000,18056550,0.05,,119997847,261,,,1
2015-06-25,6024,群益期,tpex,24.60,24.65,24.45,24.60,1099000,26956850,,,119997847,277,,,1
2015-06-26,6024,群益期,tpex,24.60,24.70,24.60,24.65,131000,3228550,0.05,,119997847,59,,,1
2015-06-29,6024,群益期,tpex,24.60,24.60,24.20,24.60,167000,4065100,-0.05,,119997847,111,,,1
2015-06-30,6024,群益期,tpex,24.55,24.55,24.35,24.55,56000,1369300,-0.05,,119997847,44,,,1
2015-07-01,6024,群益期,tpex,24.60,24.70,24.50,24.65,84000,2066100,0.10,,119997847,50,,,1
2015-07-02,6024,群益期,tpex,24.60,24.60,24.50,24.60,139000,3417150,-0.05,,119997847,37,,,1
2015-07-03,6024,群益期,tpex,24.60,24.60,24.45,24.60,76000,1863700,0.00,,119997847,43,,,1
2015-07-06,6024,群益期,tpex,24.50,24.55,24.20,24.20,66000,1606550,-0.40,,119997847,44,,,1
2015-07-07,6024,群益期,tpex,24.70,24.80,24.50,24.60,214000,5274800,0.40,,119997847,106,,,1
2015-07-08,6024,群益期,tpex,24.60,24.60,24.30,24.40,288000,7040400,-0.20,,119997847,124,,,1
2015-07-09,6024,群益期,tpex,24.20,24.50,23.85,24.30,230000,5547400,-0.10,,119997847,108,,,1
2015-07-13,6024,群益期,tpex,24.65,24.70,24.50,24.60,138000,3393550,0.30,,119997847,65,,,1
2015-07-14,6024,群益期,tpex,24.60,24.85,24.60,24.85,116000,2868750,0.25,,119997847,74,,,1
2015-07-15,6024,群益期,tpex,24.85,24.85,24.75,24.75,68000,1685900,-0.10,,119997847,34,,,1
2015-07-16,6024,群益期,tpex,24.80,24.95,24.75,24.90,83000,2064100,0.15,,119997847,51,,,1
2015-07-17,6024,群益期,tpex,25.00,25.05,24.95,25.00,67000,1675300,0.10,,119997847,35,,,1
2015-07-20,6024,群益期,tpex,25.10,25.15,24.85,25.10,85000,2127600,0.10,,119997847,57,,,1
2015-07-21,6024,群益期,tpex,25.10,25.20,25.10,25.20,70000,1759400,0.10,,119997847,39,,,1
2015-07-22,6024,群益期,tpex,25.15,25.20,25.00,25.20,83000,2080950,0.00,,119997847,40,,,1
2015-07-23,6024,群益期,tpex,25.05,25.15,24.85,25.10,186000,4653850,-0.10,,119997847,86,,,1
2015-07-24,6024,群益期,tpex,24.90,25.05,24.90,25.05,38000,949450,-0.05,,119997847,21,,,1
2015-07-27,6024,群益期,tpex,25.05,25.05,24.30,24.75,169000,4164800,-0.30,,119997847,87,,,1
2015-07-28,6024,群益期,tpex,24.50,24.80,24.45,24.80,54000,1328450,0.05,,119997847,38,,,1
2015-07-29,6024,群益期,tpex,24.70,24.70,24.45,24.65,84000,2065650,-0.15,,119997847,47,,,1
2015-07-30,6024,群益期,tpex,24.65,24.85,24.65,24.85,68000,1681250,0.20,,119997847,51,,,1
2015-07-31,6024,群益期,tpex,24.80,24.90,24.75,24.90,43000,1066850,0.05,,119997847,25,,,1
2015-08-03,6024,群益期,tpex,24.60,24.95,24.55,24.80,157000,3883700,-0.10,,119997847,74,,,1
2015-08-04,6024,群益期,tpex,24.85,24.90,24.70,24.80,164000,4070200,0.00,,119997847,85,,,1
2015-08-05,6024,群益期,tpex,24.30,24.50,24.10,24.50,224000,5434250,,,122397804,111,,,1
2015-08-06,6024,群益期,tpex,24.85,25.20,24.85,25.00,210000,5256950,0.50,,122397804,114,,,1
2015-08-07,6024,群益期,tpex,25.00,25.35,25.00,25.30,166000,4194150,0.30,,122397804,89,,,1
2015-08-10,6024,群益期,tpex,25.40,25.75,25.35,25.70,97000,2482700,0.40,,122397804,62,,,1
2015-08-11,6024,群益期,tpex,25.90,26.00,25.80,26.00,203000,5257800,0.30,,122397804,123,,,1
2015-08-12,6024,群益期,tpex,26.00,26.00,25.60,25.85,152000,3920050,-0.15,,122397804,81,,,1
2015-08-13,6024,群益期,tpex,25.85,26.00,25.65,25.95,146000,3779500,0.10,,122397804,68,,,1
2015-08-14,6024,群益期,tpex,26.00,26.15,25.80,26.15,111000,2887700,0.20,,122397804,53,,,1
2015-08-17,6024,群益期,tpex,26.15,26.25,25.85,25.90,102000,2654250,-0.25,,122397804,54,,,1
2015-08-18,6024,群益期,tpex,25.95,25.95,25.75,25.90,50000,1293350,0.00,,122397804,32,,,1
2015-08-19,6024,群益期,tpex,25.80,25.80,25.20,25.50,296000,7523700,-0.40,,122397804,152,,,1
2015-08-20,6024,群益期,tpex,25.50,25.50,25.25,25.50,177000,4497350,0.00,,122397804,83,,,1
2015-08-21,6024,群益期,tpex,25.40,25.40,24.90,25.00,253000,6356150,-0.50,,122397804,110,,,1
2015-08-24,6024,群益期,tpex,24.85,24.85,23.50,24.35,559000,13535700,-0.65,,122397804,235,,,1
2015-08-25,6024,群益期,tpex,24.00,24.35,23.90,24.35,243000,5867350,0.00,,122397804,110,,,1
2015-08-26,6024,群益期,tpex,24.00,24.35,23.95,24.35,195000,4697100,0.00,,122397804,83,,,1
2015-08-27,6024,群益期,tpex,24.30,24.80,24.30,24.80,170000,4176900,0.45,,122397804,82,,,1
2015-08-28,6024,群益期,tpex,24.85,25.25,24.85,25.25,208000,5223200,0.45,,122397804,107,,,1
2015-08-31,6024,群益期,tpex,25.25,25.80,25.10,25.80,211000,5376500,0.55,,122397804,96,,,1
2015-09-01,6024,群益期,tpex,25.80,25.80,25.50,25.75,140000,3585050,-0.05,,122397804,74,,,1
2015-09-02,6024,群益期,tpex,25.40,25.80,25.40,25.80,178000,4559400,0.05,,122397804,76,,,1
2015-09-03,6024,群益期,tpex,25.85,26.15,25.70,26.00,207000,5384500,0.20,,122397804,109,,,1
2015-09-04,6024,群益期,tpex,26.40,26.60,26.20,26.25,312000,8233550,0.25,,122397804,185,,,1
2015-09-07,6024,群益期,tpex,26.40,26.40,26.15,26.20,204000,5349850,-0.05,,122397804,105,,,1
2015-09-08,6024,群益期,tpex,26.20,26.30,26.00,26.15,228000,5958700,-0.05,,122397804,99,,,1
2015-09-09,6024,群益期,tpex,26.30,26.75,26.25,26.65,369000,9784300,0.50,,122397804,171,,,1
2015-09-10,6024,群益期,tpex,26.70,26.80,26.60,26.80,228000,6088500,0.15,,122397804,125,,,1
2015-09-11,6024,群益期,tpex,26.75,27.35,26.75,27.30,334000,9067250,0.50,,122397804,211,,,1
2015-09-14,6024,群益期,tpex,27.40,28.00,27.40,27.95,634000,17615100,0.65,,122397804,324,,,1
2015-09-15,6024,群益期,tpex,27.90,27.90,27.50,27.65,287000,7931850,-0.30,,122397804,144,,,1
2015-09-16,6024,群益期,tpex,27.60,27.80,27.50,27.55,203000,5594500,-0.10,,122397804,106,,,1
2015-09-17,6024,群益期,tpex,27.80,27.80,27.50,27.60,314000,8666800,0.05,,122397804,153,,,1
2015-09-18,6024,群益期,tpex,27.80,27.80,27.55,27.65,98000,2711250,0.05,,122397804,65,,,1
2015-09-21,6024,群益期,tpex,27.65,27.65,27.10,27.30,177000,4832550,-0.35,,122397804,92,,,1
2015-09-22,6024,群益期,tpex,27.20,27.45,27.15,27.40,173000,4718850,0.10,,122397804,90,,,1
2015-09-23,6024,群益期,tpex,27.25,27.40,27.20,27.25,107000,2918400,-0.15,,122397804,59,,,1
2015-09-24,6024,群益期,tpex,27.20,27.40,27.10,27.25,150000,4088450,0.00,,122397804,97,,,1
2015-09-25,6024,群益期,tpex,27.25,27.40,27.20,27.40,91000,2483900,0.15,,122397804,60,,,1
2015-09-30,6024,群益期,tpex,27.35,28.40,27.30,27.85,378000,10530050,0.45,,122397804,225,,,1
2015-10-01,6024,群益期,tpex,27.90,28.15,27.75,28.00,418000,11711450,0.15,,122397804,171,,,1
2015-10-02,6024,群益期,tpex,28.05,28.20,28.00,28.15,156000,4377450,0.15,,122397804,98,,,1
2015-10-05,6024,群益期,tpex,28.20,28.40,28.15,28.40,247000,6980350,0.25,,122397804,147,,,1
2015-10-06,6024,群益期,tpex,28.45,28.55,28.15,28.25,543000,15376750,-0.15,,122397804,171,,,1
2015-10-07,6024,群益期,tpex,28.70,29.70,28.70,29.05,900000,26204000,0.80,,122397804,442,,,1
2015-10-08,6024,群益期,tpex,29.10,29.20,28.80,29.05,419000,12154350,0.00,,122397804,165,,,1
2015-10-12,6024,群益期,tpex,28.85,29.05,28.70,28.95,317000,9149050,-0.10,,122397804,133,,,1
2015-10-13,6024,群益期,tpex,28.90,28.95,28.70,28.95,250000,7204450,0.00,,122397804,119,,,1
2015-10-14,6024,群益期,tpex,28.80,28.80,28.55,28.60,205000,5877150,-0.35,,122397804,115,,,1
2015-10-15,6024,群益期,tpex,28.65,28.80,28.65,28.80,148000,4249900,0.20,,122397804,80,,,1
2015-10-16,6024,群益期,tpex,28.80,28.85,28.55,28.80,221000,6336950,0.00,,122397804,98,,,1
2015-10-19,6024,群益期,tpex,28.80,28.85,28.60,28.80,83000,2381750,0.00,,122397804,44,,,1
2015-10-20,6024,群益期,tpex,28.70,28.90,28.70,28.90,102000,2935550,0.10,,122397804,57,,,1
2015-10-21,6024,群益期,tpex,29.00,29.10,28.75,28.90,152000,4392550,0.00,,122397804,66,,,1
2015-10-22,6024,群益期,tpex,28.75,29.00,28.75,28.90,63000,1819200,0.00,,122397804,37,,,1
2015-10-23,6024,群益期,tpex,28.80,29.10,28.80,29.00,174000,5026150,0.10,,122397804,88,,,1
2015-10-26,6024,群益期,tpex,29.15,29.15,28.85,29.00,181000,5246750,0.00,,122397804,80,,,1
2015-10-27,6024,群益期,tpex,29.00,29.05,28.85,29.00,79000,2285800,0.00,,122397804,38,,,1
2015-10-28,6024,群益期,tpex,29.00,29.00,28.80,28.90,131000,3782100,-0.10,,122397804,54,,,1
2015-10-29,6024,群益期,tpex,28.90,28.95,28.75,28.90,139000,4004950,0.00,,122397804,63,,,1
2015-10-30,6024,群益期,tpex,28.90,29.00,28.75,28.95,165000,4767500,0.05,,122397804,86,,,1
2015-11-02,6024,群益期,tpex,29.00,29.20,29.00,29.05,193000,5609100,0.10,,122397804,84,,,1
2015-11-03,6024,群益期,tpex,29.15,29.30,29.10,29.25,210000,6128700,0.20,,122397804,102,,,1
2015-11-04,6024,群益期,tpex,29.30,29.40,29.20,29.40,272000,7973700,0.15,,122397804,104,,,1
2015-11-05,6024,群益期,tpex,29.50,29.60,29.35,29.55,244000,7187200,0.15,,122397804,122,,,1
2015-11-06,6024,群益期,tpex,29.60,29.60,29.30,29.55,236000,6955950,0.00,,122397804,119,,,1
2015-11-09,6024,群益期,tpex,29.40,29.40,29.00,29.40,173000,5044200,-0.15,,122397804,109,,,1
2015-11-10,6024,群益期,tpex,29.05,29.05,28.80,28.90,280000,8084000,-0.50,,122397804,148,,,1
2015-11-11,6024,群益期,tpex,28.90,28.90,28.55,28.55,371000,10641550,-0.35,,122397804,146,,,1
2015-11-12,6024,群益期,tpex,28.60,28.65,28.20,28.35,217000,6163100,-0.20,,122397804,116,,,1
2015-11-13,6024,群益期,tpex,28.05,28.35,28.05,28.15,198000,5582200,-0.20,,122397804,106,,,1
2015-11-16,6024,群益期,tpex,28.00,28.30,28.00,28.30,172000,4845750,0.15,,122397804,88,,,1
2015-11-17,6024,群益期,tpex,28.30,28.50,28.30,28.45,146000,4146800,0.15,,122397804,67,,,1
2015-11-18,6024,群益期,tpex,28.45,28.45,28.30,28.45,115000,3264750,0.00,,122397804,64,,,1
2015-11-19,6024,群益期,tpex,28.35,28.65,28.25,28.60,261000,7414000,0.15,,122397804,121,,,1
2015-11-20,6024,群益期,tpex,28.40,28.50,28.35,28.35,77000,2188100,-0.25,,122397804,43,,,1
2015-11-23,6024,群益期,tpex,28.35,28.45,28.30,28.45,99000,2810000,0.10,,122397804,51,,,1
2015-11-24,6024,群益期,tpex,28.50,28.50,28.25,28.25,151000,4288700,-0.20,,122397804,68,,,1
2015-11-25,6024,群益期,tpex,28.25,28.30,28.10,28.10,121000,3411800,-0.15,,122397804,68,,,1
2015-11-26,6024,群益期,tpex,28.10,28.35,28.10,28.30,75000,2118300,0.20,,122397804,41,,,1
2015-11-27,6024,群益期,tpex,28.30,28.30,28.15,28.15,68000,1919850,-0.15,,122397804,40,,,1
2015-11-30,6024,群益期,tpex,28.20,28.20,28.00,28.20,152000,4272050,0.05,,122397804,100,,,1
2015-12-01,6024,群益期,tpex,28.10,28.40,28.10,28.40,99000,2802450,0.20,,122397804,43,,,1
2015-12-02,6024,群益期,tpex,28.40,28.55,28.35,28.55,80000,2276300,0.15,,122397804,52,,,1
2015-12-03,6024,群益期,tpex,28.60,28.60,28.35,28.55,134000,3808900,0.00,,122397804,57,,,1
2015-12-04,6024,群益期,tpex,28.45,28.55,28.40,28.55,50000,1423800,0.00,,122397804,28,,,1
2015-12-07,6024,群益期,tpex,28.60,28.60,28.45,28.60,96000,2738000,0.05,,122397804,51,,,1
2015-12-08,6024,群益期,tpex,28.70,28.80,28.45,28.55,209000,5985300,-0.05,,122397804,119,,,1
2015-12-09,6024,群益期,tpex,28.55,28.65,28.40,28.45,142000,4048150,-0.10,,122397804,112,,,1
2015-12-10,6024,群益期,tpex,28.45,28.50,28.40,28.40,102000,2900500,-0.05,,122397804,88,,,1
2015-12-11,6024,群益期,tpex,28.55,28.55,28.20,28.55,123000,3493100,0.15,,122397804,68,,,1
2015-12-14,6024,群益期,tpex,28.50,28.60,28.30,28.60,144000,4096550,0.05,,122397804,82,,,1
2015-12-15,6024,群益期,tpex,28.60,28.70,28.45,28.70,150000,4286850,0.10,,122397804,65,,,1
2015-12-16,6024,群益期,tpex,28.85,29.25,28.75,29.15,463000,13447350,0.45,,122397804,185,,,1
2015-12-17,6024,群益期,tpex,29.30,29.35,29.00,29.30,250000,7294850,0.15,,122397804,110,,,1
2015-12-18,6024,群益期,tpex,29.05,29.55,29.00,29.50,241000,7066150,0.20,,122397804,148,,,1
2015-12-21,6024,群益期,tpex,29.40,30.00,29.40,29.95,421000,12539450,0.45,,122397804,224,,,1
2015-12-22,6024,群益期,tpex,29.95,30.20,29.80,29.95,242000,7258600,0.00,,122397804,99,,,1
2015-12-23,6024,群益期,tpex,29.85,30.10,29.85,29.95,106000,3177250,0.00,,122397804,63,,,1
2015-12-24,6024,群益期,tpex,29.95,30.00,29.00,29.75,209000,6195550,-0.20,,122397804,97,,,1
2015-12-25,6024,群益期,tpex,29.70,29.85,29.65,29.85,157000,4663150,0.10,,122397804,86,,,1
2015-12-28,6024,群益期,tpex,29.85,30.15,29.85,29.95,110000,3291600,0.10,,122397804,69,,,1
2015-12-29,6024,群益期,tpex,29.90,30.05,29.80,29.95,184000,5499350,0.00,,122397804,66,,,1
2015-12-30,6024,群益期,tpex,29.95,30.05,29.80,30.00,95000,2844650,0.05,,122397804,56,,,1
2015-12-31,6024,群益期,tpex,29.90,30.00,29.70,30.00,160000,4777100,0.00,,122397804,92,,,1
2016-01-04,6024,群益期,tpex,30.00,30.10,29.80,30.00,199000,5963150,0.00,,122397804,61,,,1
2016-01-05,6024,群益期,tpex,29.95,29.95,29.35,29.95,219000,6496950,-0.05,,122397804,97,,,1
2016-01-06,6024,群益期,tpex,29.90,30.00,29.70,30.00,213000,6373400,0.05,,122397804,83,,,1
2016-01-07,6024,群益期,tpex,30.00,30.35,29.60,30.15,515000,15391350,0.15,,122397804,218,,,1
2016-01-08,6024,群益期,tpex,30.00,30.20,29.85,30.10,196000,5899300,-0.05,,122397804,80,,,1
2016-01-11,6024,群益期,tpex,30.00,30.00,29.70,29.90,191000,5691350,-0.20,,122397804,103,,,1
2016-01-12,6024,群益期,tpex,29.80,29.80,29.30,29.70,224000,6632650,-0.20,,122397804,126,,,1
2016-01-13,6024,群益期,tpex,29.50,29.70,29.35,29.40,129000,3803900,-0.30,,122397804,99,,,1
2016-01-14,6024,群益期,tpex,29.30,29.30,28.85,29.20,260000,7569850,-0.20,,122397804,159,,,1
2016-01-15,6024,群益期,tpex,29.20,29.35,28.95,29.20,102000,2972900,0.00,,122397804,74,,,1
2016-01-18,6024,群益期,tpex,28.70,29.25,28.70,29.25,178000,5153100,0.05,,122397804,83,,,1
2016-01-19,6024,群益期,tpex,29.25,29.45,29.15,29.45,216000,6331100,0.20,,122397804,85,,,1
2016-01-20,6024,群益期,tpex,29.40,29.40,28.85,29.00,120000,3483200,-0.45,,122397804,81,,,1
2016-01-21,6024,群益期,tpex,28.85,29.20,28.80,29.00,204000,5898100,0.00,,122397804,120,,,1
2016-01-22,6024,群益期,tpex,29.00,29.05,28.80,29.05,74000,2141300,0.05,,122397804,53,,,1
2016-01-25,6024,群益期,tpex,29.05,29.15,28.90,29.15,142000,4122600,0.10,,122397804,70,,,1
2016-01-26,6024,群益期,tpex,29.00,29.15,28.90,29.15,84000,2439100,0.00,,122397804,45,,,1
2016-01-27,6024,群益期,tpex,29.10,29.15,28.95,29.05,68000,1975250,-0.10,,122397804,46,,,1
2016-01-28,6024,群益期,tpex,29.00,29.10,28.95,29.00,48000,1392600,-0.05,,122397804,32,,,1
2016-01-29,6024,群益期,tpex,29.00,29.10,28.95,29.10,99000,2874500,0.10,,122397804,50,,,1
2016-01-30,6024,群益期,tpex,29.20,29.60,29.20,29.60,239000,7028150,0.50,,122397804,157,,,1
2016-02-01,6024,群益期,tpex,29.60,29.60,29.05,29.35,252000,7386400,-0.25,,122397804,133,,,1
2016-02-02,6024,群益期,tpex,29.35,29.45,29.25,29.45,130000,3813500,0.10,,122397804,69,,,1
2016-02-03,6024,群益期,tpex,29.35,29.60,29.30,29.60,172000,5074100,0.15,,122397804,82,,,1
2016-02-15,6024,群益期,tpex,30.40,31.60,30.40,31.55,534000,16637450,1.95,,122397804,337,,,1
2016-02-16,6024,群益期,tpex,31.90,32.20,31.75,31.95,511000,16316350,0.40,,122397804,262,,,1
2016-02-17,6024,群益期,tpex,31.90,31.95,31.65,31.75,205000,6512250,-0.20,,122397804,123,,,1
2016-02-18,6024,群益期,tpex,32.00,32.00,31.60,31.80,268000,8502750,0.05,,122397804,124,,,1
2016-02-19,6024,群益期,tpex,31.80,31.90,31.70,31.90,231000,7347050,0.10,,122397804,68,,,1
2016-02-22,6024,群益期,tpex,32.10,32.90,32.10,32.90,534000,17428900,1.00,,122397804,276,,,1
2016-02-23,6024,群益期,tpex,33.00,33.40,32.75,32.90,267000,8815950,0.00,,122397804,166,,,1
2016-02-24,6024,群益期,tpex,32.75,33.00,32.50,32.70,205000,6699750,-0.20,,122397804,135,,,1
2016-02-25,6024,群益期,tpex,32.75,32.85,32.65,32.75,207000,6780400,0.05,,122397804,126,,,1
2016-02-26,6024,群益期,tpex,32.75,32.75,32.35,32.65,326000,10605050,-0.10,,122397804,175,,,1
2016-03-01,6024,群益期,tpex,32.60,34.10,32.60,34.10,679000,22719300,1.45,,122397804,339,,,1
2016-03-02,6024,群益期,tpex,34.30,34.55,33.85,34.05,302000,10321300,-0.05,,122397804,191,,,1
2016-03-03,6024,群益期,tpex,34.05,34.35,33.85,34.10,199000,6786150,0.05,,122397804,122,,,1
2016-03-04,6024,群益期,tpex,34.90,36.60,34.90,36.15,1039000,37343700,2.05,,122397804,580,,,1
2016-03-07,6024,群益期,tpex,36.25,36.35,35.80,36.00,416000,15007200,-0.15,,122397804,240,,,1
2016-03-08,6024,群益期,tpex,36.00,37.00,36.00,37.00,509000,18625700,1.00,,122397804,316,,,1
2016-03-09,6024,群益期,tpex,36.90,37.80,36.80,37.75,532000,19935350,0.75,,122397804,353,,,1
2016-03-10,6024,群益期,tpex,38.25,38.45,37.20,38.00,649000,24559350,0.25,,122397804,330,,,1
2016-03-11,6024,群益期,tpex,37.70,37.95,37.35,37.80,338000,12700300,-0.20,,122397804,227,,,1
2016-03-14,6024,群益期,tpex,37.90,38.45,37.60,37.95,413000,15684800,0.15,,122397804,271,,,1
2016-03-15,6024,群益期,tpex,37.95,37.95,36.45,36.80,468000,17293250,-1.15,,122397804,284,,,1
2016-03-16,6024,群益期,tpex,36.75,36.90,36.45,36.85,275000,10088700,0.05,,122397804,170,,,1
2016-03-17,6024,群益期,tpex,36.90,37.35,36.80,36.85,228000,8430350,0.00,,122397804,158,,,1
2016-03-18,6024,群益期,tpex,37.25,37.35,37.00,37.25,210000,7808300,0.40,,122397804,167,,,1
2016-03-21,6024,群益期,tpex,37.30,37.45,37.10,37.30,192000,7151150,0.05,,122397804,125,,,1
2016-03-22,6024,群益期,tpex,37.40,37.45,37.20,37.45,185000,6913650,0.15,,122397804,146,,,1
2016-03-23,6024,群益期,tpex,37.50,38.50,37.50,38.30,599000,22840650,0.85,,122397804,335,,,1
2016-03-24,6024,群益期,tpex,38.10,38.10,36.85,37.50,739000,27533600,-0.80,,122397804,423,,,1
2016-03-25,6024,群益期,tpex,37.15,37.15,36.45,36.60,589000,21639650,-0.90,,122397804,332,,,1
2016-03-28,6024,群益期,tpex,36.60,36.60,36.05,36.05,349000,12652950,-0.55,,122397804,187,,,1
2016-03-29,6024,群益期,tpex,36.05,36.40,35.40,35.65,671000,24009700,-0.40,,122397804,257,,,1
2016-03-30,6024,群益期,tpex,35.85,36.65,35.85,36.50,292000,10610600,0.85,,122397804,158,,,1
2016-03-31,6024,群益期,tpex,36.65,36.80,36.20,36.55,257000,9383250,0.05,,122397804,110,,,1
2016-04-01,6024,群益期,tpex,36.35,36.80,36.35,36.75,149000,5459750,0.20,,122397804,111,,,1
2016-04-06,6024,群益期,tpex,36.70,36.80,36.35,36.80,145000,5314250,0.05,,122397804,88,,,1
2016-04-07,6024,群益期,tpex,36.80,36.80,36.50,36.75,189000,6922050,-0.05,,122397804,96,,,1
2016-04-08,6024,群益期,tpex,36.70,37.25,36.50,37.25,376000,13843900,0.50,,122397804,164,,,1
2016-04-11,6024,群益期,tpex,37.25,37.25,36.30,36.50,524000,19200300,-0.75,,122397804,252,,,1
2016-04-12,6024,群益期,tpex,36.60,36.75,36.20,36.30,252000,9172250,-0.20,,122397804,153,,,1
2016-04-13,6024,群益期,tpex,36.15,36.25,35.90,36.20,309000,11147100,-0.10,,122397804,178,,,1
2016-04-14,6024,群益期,tpex,36.30,36.30,36.05,36.10,132000,4773700,-0.10,,122397804,90,,,1
2016-04-15,6024,群益期,tpex,36.05,36.10,35.90,36.05,134000,4827150,-0.05,,122397804,73,,,1
2016-04-18,6024,群益期,tpex,36.00,36.00,35.55,35.70,177000,6325250,-0.35,,122397804,121,,,1
2016-04-19,6024,群益期,tpex,35.65,35.70,35.50,35.50,167000,5937650,-0.20,,122397804,102,,,1
2016-04-20,6024,群益期,tpex,35.50,35.55,35.30,35.30,175000,6197200,-0.20,,122397804,103,,,1
2016-04-21,6024,群益期,tpex,35.50,35.50,35.30,35.35,85000,3007050,0.05,,122397804,59,,,1
2016-04-22,6024,群益期,tpex,35.40,35.45,35.25,35.35,131000,4630700,0.00,,122397804,86,,,1
2016-04-25,6024,群益期,tpex,35.35,35.35,35.00,35.00,174000,6109700,-0.35,,122397804,99,,,1
2016-04-26,6024,群益期,tpex,35.00,35.40,34.95,35.30,165000,5816600,0.30,,122397804,99,,,1
2016-04-27,6024,群益期,tpex,35.60,35.60,35.05,35.20,122000,4301100,-0.10,,122397804,78,,,1
2016-04-28,6024,群益期,tpex,35.10,35.35,34.85,35.00,143000,5002600,-0.20,,122397804,80,,,1
2016-04-29,6024,群益期,tpex,35.10,35.10,34.80,35.00,137000,4775950,0.00,,122397804,84,,,1
2016-05-03,6024,群益期,tpex,35.20,35.20,34.75,34.80,92000,3205400,-0.20,,122397804,53,,,1
2016-05-04,6024,群益期,tpex,34.80,34.85,34.40,34.40,219000,7569050,-0.40,,122397804,132,,,1
2016-05-05,6024,群益期,tpex,34.40,34.50,34.10,34.50,243000,8317650,0.10,,122397804,115,,,1
2016-05-06,6024,群益期,tpex,34.55,34.80,34.35,34.80,189000,6527400,0.30,,122397804,121,,,1
2016-05-09,6024,群益期,tpex,34.85,34.85,34.15,34.40,285000,9807400,-0.40,,122397804,130,,,1
2016-05-10,6024,群益期,tpex,34.15,34.70,34.10,34.50,104000,3582550,0.10,,122397804,58,,,1
2016-05-11,6024,群益期,tpex,34.50,34.65,34.50,34.50,56000,1935600,0.00,,122397804,36,,,1
2016-05-12,6024,群益期,tpex,34.30,34.55,34.20,34.30,163000,5601500,-0.20,,122397804,84,,,1
2016-05-13,6024,群益期,tpex,34.40,34.40,34.10,34.40,135000,4623200,0.10,,122397804,76,,,1
2016-05-16,6024,群益期,tpex,33.95,34.30,33.95,34.25,172000,5863450,-0.15,,122397804,82,,,1
2016-05-17,6024,群益期,tpex,34.25,34.55,34.25,34.50,336000,11582100,0.25,,122397804,67,,,1
2016-05-18,6024,群益期,tpex,34.40,34.60,34.30,34.60,110000,3793650,0.10,,122397804,59,,,1
2016-05-19,6024,群益期,tpex,34.65,34.70,34.30,34.50,178000,6131500,-0.10,,122397804,76,,,1
2016-05-20,6024,群益期,tpex,34.30,34.65,34.30,34.55,82000,2831250,0.05,,122397804,54,,,1
2016-05-23,6024,群益期,tpex,34.50,35.60,34.50,35.30,422000,14794950,0.75,,122397804,214,,,1
2016-05-24,6024,群益期,tpex,35.30,35.50,35.25,35.35,118000,4171700,0.05,,122397804,74,,,1
2016-05-25,6024,群益期,tpex,35.35,35.80,35.35,35.55,167000,5934500,0.20,,122397804,106,,,1
2016-05-26,6024,群益期,tpex,35.45,35.55,35.00,35.10,216000,7602750,-0.45,,122397804,122,,,1
2016-05-27,6024,群益期,tpex,35.10,35.30,35.00,35.30,112000,3929950,0.20,,122397804,71,,,1
2016-05-30,6024,群益期,tpex,35.30,35.55,35.20,35.45,392000,13881700,0.15,,122397804,144,,,1
2016-05-31,6024,群益期,tpex,35.45,35.75,35.35,35.50,249000,8834200,0.05,,122397804,108,,,1
2016-06-01,6024,群益期,tpex,35.50,35.60,35.30,35.45,224000,7932400,-0.05,,122397804,111,,,1
2016-06-02,6024,群益期,tpex,35.45,35.50,35.30,35.40,301000,10657750,-0.05,,122397804,106,,,1
2016-06-03,6024,群益期,tpex,35.40,35.40,34.95,35.05,377000,13237800,-0.35,,122397804,155,,,1
2016-06-04,6024,群益期,tpex,35.40,35.65,35.40,35.60,297000,10559250,0.55,,122397804,147,,,1
2016-06-06,6024,群益期,tpex,35.80,36.15,35.80,36.05,465000,16725500,0.45,,122397804,259,,,1
2016-06-07,6024,群益期,tpex,36.15,36.80,36.15,36.55,383000,13997950,0.50,,122397804,229,,,1
2016-06-08,6024,群益期,tpex,36.55,36.90,36.55,36.80,356000,13060250,0.25,,122397804,189,,,1
2016-06-13,6024,群益期,tpex,36.50,36.65,36.35,36.40,406000,14801250,-0.40,,122397804,201,,,1
2016-06-14,6024,群益期,tpex,36.20,36.50,36.20,36.40,290000,10540100,0.00,,122397804,143,,,1
2016-06-15,6024,群益期,tpex,36.40,36.45,36.35,36.40,235000,8558650,0.00,,122397804,110,,,1
2016-06-16,6024,群益期,tpex,36.40,36.40,35.90,36.10,324000,11715100,-0.30,,122397804,183,,,1
2016-06-17,6024,群益期,tpex,36.10,36.35,36.10,36.30,315000,11421200,0.20,,122397804,125,,,1
2016-06-20,6024,群益期,tpex,36.30,36.70,36.20,36.65,588000,21468000,0.35,,122397804,244,,,1
2016-06-21,6024,群益期,tpex,36.65,36.65,36.45,36.60,1022000,37338550,-0.05,,122397804,397,,,1
2016-06-22,6024,群益期,tpex,34.10,34.65,34.10,34.55,795000,27325250,,,122397804,355,,,1
2016-06-23,6024,群益期,tpex,34.60,34.85,34.40,34.45,353000,12201100,-0.10,,122397804,178,,,1
2016-06-24,6024,群益期,tpex,34.50,34.50,33.95,34.25,524000,17912600,-0.20,,122397804,240,,,1
2016-06-27,6024,群益期,tpex,34.10,34.55,34.10,34.50,203000,6960250,0.25,,122397804,90,,,1
2016-06-28,6024,群益期,tpex,34.40,34.90,34.40,34.90,202000,7002250,0.40,,122397804,118,,,1
2016-06-29,6024,群益期,tpex,34.95,35.65,34.95,35.55,326000,11522700,0.65,,122397804,208,,,1
2016-06-30,6024,群益期,tpex,35.80,36.35,35.60,36.10,438000,15772500,0.55,,122397804,221,,,1
2016-07-01,6024,群益期,tpex,36.10,36.15,35.75,36.00,200000,7180700,-0.10,,122397804,126,,,1
2016-07-04,6024,群益期,tpex,36.00,36.50,36.00,36.45,357000,12960900,0.45,,122397804,166,,,1
2016-07-05,6024,群益期,tpex,36.40,36.60,36.10,36.60,197000,7146050,0.15,,122397804,97,,,1
2016-07-06,6024,群益期,tpex,36.40,36.60,36.25,36.60,241000,8758050,0.00,,122397804,128,,,1
2016-07-07,6024,群益期,tpex,36.70,36.80,36.45,36.55,305000,11151400,-0.05,,122397804,135,,,1
2016-07-11,6024,群益期,tpex,36.60,36.60,36.20,36.35,304000,11059250,-0.20,,122397804,138,,,1
2016-07-12,6024,群益期,tpex,36.20,36.70,36.20,36.60,311000,11366950,0.25,,122397804,147,,,1
2016-07-13,6024,群益期,tpex,36.60,36.65,36.30,36.35,184000,6710000,-0.25,,122397804,105,,,1
2016-07-14,6024,群益期,tpex,36.40,36.50,36.40,36.50,117000,4263750,0.15,,122397804,62,,,1
2016-07-15,6024,群益期,tpex,36.60,36.75,36.50,36.65,224000,8199850,0.15,,122397804,79,,,1
2016-07-18,6024,群益期,tpex,36.70,36.95,36.65,36.70,472000,17356450,0.05,,122397804,173,,,1
2016-07-19,6024,群益期,tpex,36.60,36.70,36.50,36.65,130000,4754250,-0.05,,122397804,61,,,1
2016-07-20,6024,群益期,tpex,36.55,36.55,36.25,36.45,207000,7533950,-0.20,,122397804,110,,,1
2016-07-21,6024,群益期,tpex,36.50,36.50,36.25,36.25,214000,7770000,-0.20,,122397804,96,,,1
2016-07-22,6024,群益期,tpex,36.25,36.50,36.20,36.45,122000,4434100,0.20,,122397804,61,,,1
2016-07-25,6024,群益期,tpex,36.45,36.65,36.45,36.60,270000,9870000,0.15,,122397804,117,,,1
2016-07-26,6024,群益期,tpex,36.50,36.80,36.50,36.70,125000,4585950,0.10,,122397804,67,,,1
2016-07-27,6024,群益期,tpex,36.80,36.90,36.70,36.80,200000,7364050,0.10,,122397804,90,,,1
2016-07-28,6024,群益期,tpex,36.80,37.85,36.80,37.75,668000,25002400,0.95,,122397804,332,,,1
2016-07-29,6024,群益期,tpex,37.75,37.90,37.45,37.85,314000,11829450,0.10,,122397804,168,,,1
2016-08-01,6024,群益期,tpex,37.75,39.35,37.70,39.35,828000,31777500,1.50,,122397804,433,,,1
2016-08-02,6024,群益期,tpex,39.20,40.00,39.00,39.65,866000,34250350,0.30,,122397804,456,,,1
2016-08-03,6024,群益期,tpex,39.30,39.40,38.85,39.30,567000,22189400,-0.35,,122397804,358,,,1
2016-08-04,6024,群益期,tpex,39.50,39.85,39.00,39.40,495000,19487950,0.10,,122397804,241,,,1
2016-08-05,6024,群益期,tpex,39.40,39.50,38.90,39.15,359000,14042300,-0.25,,122397804,205,,,1
2016-08-08,6024,群益期,tpex,39.35,39.40,38.70,39.00,350000,13620600,-0.15,,122397804,190,,,1
2016-08-09,6024,群益期,tpex,38.80,38.80,38.55,38.70,213000,8232800,-0.30,,122397804,134,,,1
2016-08-10,6024,群益期,tpex,38.50,38.90,38.30,38.80,339000,13090200,0.10,,122397804,187,,,1
2016-08-11,6024,群益期,tpex,38.80,38.90,38.30,38.40,270000,10395100,-0.40,,122397804,151,,,1
2016-08-12,6024,群益期,tpex,38.70,38.90,38.55,38.85,206000,7985400,0.45,,122397804,146,,,1
2016-08-15,6024,群益期,tpex,38.90,39.00,38.75,38.90,154000,5986200,0.05,,122397804,103,,,1
2016-08-16,6024,群益期,tpex,39.25,39.80,39.10,39.45,333000,13128750,0.55,,122397804,227,,,1
2016-08-17,6024,群益期,tpex,39.50,39.50,38.95,39.35,222000,8693450,-0.10,,122397804,144,,,1
2016-08-18,6024,群益期,tpex,39.40,39.45,39.10,39.25,121000,4754500,-0.10,,122397804,83,,,1
2016-08-19,6024,群益期,tpex,39.20,39.95,39.20,39.20,312000,12336150,-0.05,,122397804,215,,,1
2016-08-22,6024,群益期,tpex,39.40,39.40,38.70,38.95,280000,10871850,-0.25,,122397804,129,,,1
2016-08-23,6024,群益期,tpex,39.10,39.10,38.50,39.00,345000,13347950,0.05,,122397804,188,,,1
2016-08-24,6024,群益期,tpex,39.00,39.10,38.90,38.90,60000,2336900,-0.10,,122397804,41,,,1
2016-08-25,6024,群益期,tpex,38.90,38.90,38.80,38.90,75000,2912800,0.00,,122397804,46,,,1
2016-08-26,6024,群益期,tpex,38.90,38.95,38.70,38.90,91000,3531200,0.00,,122397804,37,,,1
2016-08-29,6024,群益期,tpex,38.90,38.95,38.60,38.70,239000,9268050,-0.20,,122397804,131,,,1
2016-08-30,6024,群益期,tpex,38.90,39.20,38.70,38.90,148000,5767450,0.20,,122397804,85,,,1
2016-08-31,6024,群益期,tpex,39.30,39.40,38.70,39.15,165000,6463000,0.25,,122397804,98,,,1
2016-09-01,6024,群益期,tpex,39.35,39.35,39.00,39.00,70000,2734000,-0.15,,122397804,51,,,1
2016-09-02,6024,群益期,tpex,39.05,39.45,39.00,39.20,129000,5054550,0.20,,122397804,98,,,1
2016-09-05,6024,群益期,tpex,39.30,39.40,39.05,39.10,71000,2788100,-0.10,,122397804,47,,,1
2016-09-06,6024,群益期,tpex,39.05,39.05,38.80,38.90,190000,7383800,-0.20,,122397804,120,,,1
2016-09-07,6024,群益期,tpex,39.00,39.10,38.85,38.90,153000,5963350,0.00,,122397804,90,,,1
2016-09-08,6024,群益期,tpex,38.95,38.95,38.55,38.75,187000,7236300,-0.15,,122397804,121,,,1
2016-09-09,6024,群益期,tpex,38.80,38.85,38.50,38.65,174000,6727100,-0.10,,122397804,120,,,1
2016-09-10,6024,群益期,tpex,38.40,38.70,38.30,38.65,128000,4926200,0.00,,122397804,76,,,1
2016-09-12,6024,群益期,tpex,38.40,38.50,38.15,38.30,202000,7743050,-0.35,,122397804,132,,,1
2016-09-13,6024,群益期,tpex,38.40,38.40,37.35,37.60,485000,18306900,-0.70,,122397804,307,,,1
2016-09-14,6024,群益期,tpex,37.30,37.40,36.80,37.00,500000,18509850,-0.60,,122397804,313,,,1
2016-09-19,6024,群益期,tpex,36.85,37.10,36.80,37.10,410000,15141000,0.10,,122397804,216,,,1
2016-09-20,6024,群益期,tpex,37.10,37.20,37.00,37.00,168000,6227400,-0.10,,122397804,101,,,1
2016-09-21,6024,群益期,tpex,37.10,37.90,37.05,37.80,215000,8086800,0.80,,122397804,140,,,1
2016-09-22,6024,群益期,tpex,37.95,38.05,37.65,37.80,79000,2994700,0.00,,122397804,44,,,1
2016-09-23,6024,群益期,tpex,37.80,37.90,37.60,37.90,143000,5401950,0.10,,122397804,98,,,1
2016-09-26,6024,群益期,tpex,37.80,38.10,37.70,38.00,82000,3110200,0.10,,122397804,37,,,1
2016-09-29,6024,群益期,tpex,38.00,38.00,37.60,37.70,35000,1320050,-0.30,,122397804,26,,,1
2016-09-30,6024,群益期,tpex,37.35,37.35,36.90,37.20,446000,16545950,-0.50,,122397804,231,,,1
2016-10-03,6024,群益期,tpex,37.00,37.10,36.80,37.00,301000,11114550,-0.20,,122397804,178,,,1
2016-10-04,6024,群益期,tpex,37.00,37.00,36.10,36.65,551000,20081250,-0.35,,122397804,348,,,1
2016-10-05,6024,群益期,tpex,36.65,37.15,36.60,37.15,176000,6481850,0.50,,122397804,119,,,1
2016-10-06,6024,群益期,tpex,37.10,37.10,36.75,37.00,125000,4611850,-0.15,,122397804,67,,,1
2016-10-07,6024,群益期,tpex,36.95,37.35,36.95,37.05,143000,5315350,0.05,,122397804,88,,,1
2016-10-11,6024,群益期,tpex,37.20,37.30,36.70,36.90,128000,4727500,-0.15,,122397804,86,,,1
2016-10-12,6024,群益期,tpex,37.10,37.10,36.65,36.95,128000,4714950,0.05,,122397804,78,,,1
2016-10-13,6024,群益期,tpex,36.85,36.95,36.80,36.90,60000,2212600,-0.05,,122397804,41,,,1
2016-10-14,6024,群益期,tpex,36.90,36.90,36.40,36.70,169000,6181850,-0.20,,122397804,98,,,1
2016-10-17,6024,群益期,tpex,36.70,36.80,36.40,36.80,108000,3950600,0.10,,122397804,59,,,1
2016-10-18,6024,群益期,tpex,36.75,36.75,36.45,36.60,65000,2376350,-0.20,,122397804,52,,,1
2016-10-19,6024,群益期,tpex,36.55,36.65,36.55,36.65,59000,2161100,0.05,,122397804,41,,,1
2016-10-20,6024,群益期,tpex,36.65,37.10,36.65,37.00,204000,7531650,0.35,,122397804,100,,,1
2016-10-21,6024,群益期,tpex,37.00,37.00,36.80,37.00,58000,2143350,0.00,,122397804,35,,,1
2016-10-24,6024,群益期,tpex,37.00,37.00,36.85,36.85,65000,2397950,-0.15,,122397804,42,,,1
2016-10-25,6024,群益期,tpex,36.90,37.00,36.85,37.00,106000,3912800,0.15,,122397804,59,,,1
2016-10-26,6024,群益期,tpex,37.00,37.00,36.90,37.00,47000,1736900,0.00,,122397804,28,,,1
2016-10-27,6024,群益期,tpex,37.00,37.00,36.85,37.00,65000,2399250,0.00,,122397804,34,,,1
2016-10-28,6024,群益期,tpex,37.00,37.00,36.65,37.00,60000,2212600,0.00,,122397804,42,,,1
2016-10-31,6024,群益期,tpex,36.80,37.00,36.75,37.00,69000,2541200,0.00,,122397804,27,,,1
2016-11-01,6024,群益期,tpex,36.85,36.90,36.80,36.85,29000,1068700,-0.15,,122397804,23,,,1
2016-11-02,6024,群益期,tpex,36.85,36.85,36.55,36.80,172000,6312150,-0.05,,122397804,85,,,1
2016-11-03,6024,群益期,tpex,36.80,36.80,36.40,36.50,165000,6029800,-0.30,,122397804,99,,,1
2016-11-04,6024,群益期,tpex,36.40,36.60,36.40,36.60,154000,5619350,0.10,,122397804,78,,,1
2016-11-07,6024,群益期,tpex,36.60,36.80,36.60,36.70,84000,3083650,0.10,,122397804,54,,,1
2016-11-08,6024,群益期,tpex,36.70,36.80,36.65,36.80,65000,2384350,0.10,,122397804,35,,,1
2016-11-09,6024,群益期,tpex,36.70,36.85,36.40,36.85,194000,7100750,0.05,,122397804,123,,,1
2016-11-10,6024,群益期,tpex,36.90,37.20,36.90,37.20,275000,10186950,0.35,,122397804,136,,,1
2016-11-11,6024,群益期,tpex,37.25,37.25,36.80,37.00,141000,5214550,-0.20,,122397804,68,,,1
2016-11-14,6024,群益期,tpex,37.00,37.05,36.70,36.85,84000,3093200,-0.15,,122397804,54,,,1
2016-11-15,6024,群益期,tpex,36.85,36.95,36.80,36.85,113000,4165850,0.00,,122397804,56,,,1
2016-11-16,6024,群益期,tpex,36.95,37.05,36.85,36.85,106000,3915800,0.00,,122397804,57,,,1
2016-11-17,6024,群益期,tpex,36.85,36.95,36.75,36.90,58000,2138850,0.05,,122397804,44,,,1
2016-11-18,6024,群益期,tpex,37.00,37.15,37.00,37.10,129000,4782600,0.20,,122397804,68,,,1
2016-11-21,6024,群益期,tpex,37.15,37.20,37.00,37.05,86000,3190850,-0.05,,122397804,53,,,1
2016-11-22,6024,群益期,tpex,37.05,37.25,37.00,37.10,71000,2635800,0.05,,122397804,43,,,1
2016-11-23,6024,群益期,tpex,37.20,37.20,36.90,37.15,128000,4735550,0.05,,122397804,73,,,1
2016-11-24,6024,群益期,tpex,37.05,37.20,37.00,37.20,84000,3116050,0.05,,122397804,44,,,1
2016-11-25,6024,群益期,tpex,37.25,37.25,37.10,37.15,67000,2488050,-0.05,,122397804,39,,,1
2016-11-28,6024,群益期,tpex,37.15,37.20,37.10,37.20,113000,4197850,0.05,,122397804,61,,,1
2016-11-29,6024,群益期,tpex,37.30,37.45,37.15,37.35,101000,3767550,0.15,,122397804,60,,,1
2016-11-30,6024,群益期,tpex,37.35,37.55,37.25,37.55,165000,6170100,0.20,,122397804,93,,,1
2016-12-01,6024,群益期,tpex,37.60,37.60,37.30,37.60,178000,6671800,0.05,,122397804,103,,,1
2016-12-02,6024,群益期,tpex,37.60,37.70,37.60,37.70,84000,3161750,0.10,,122397804,43,,,1
2016-12-05,6024,群益期,tpex,37.75,38.30,37.75,38.25,375000,14300350,0.55,,122397804,215,,,1
2016-12-06,6024,群益期,tpex,38.25,38.45,38.20,38.35,211000,8091150,0.10,,122397804,148,,,1
2016-12-07,6024,群益期,tpex,38.45,38.45,38.10,38.10,195000,7465100,-0.25,,122397804,133,,,1
2016-12-08,6024,群益期,tpex,38.30,38.30,38.15,38.20,216000,8249250,0.10,,122397804,105,,,1
2016-12-09,6024,群益期,tpex,38.25,38.40,38.20,38.25,145000,5553350,0.05,,122397804,81,,,1
2016-12-12,6024,群益期,tpex,38.40,38.45,38.25,38.30,167000,6402600,0.05,,122397804,109,,,1
2016-12-13,6024,群益期,tpex,38.35,38.55,38.35,38.55,228000,8770900,0.25,,122397804,148,,,1
2016-12-14,6024,群益期,tpex,38.60,39.15,38.60,38.90,425000,16554750,0.35,,122397804,255,,,1
2016-12-15,6024,群益期,tpex,38.90,39.15,38.85,38.95,321000,12515250,0.05,,122397804,172,,,1
2016-12-16,6024,群益期,tpex,39.00,39.00,38.70,38.75,148000,5749350,-0.20,,122397804,81,,,1
2016-12-19,6024,群益期,tpex,38.70,38.70,38.25,38.40,252000,9691150,-0.35,,122397804,131,,,1
2016-12-20,6024,群益期,tpex,38.40,38.40,38.00,38.15,200000,7622800,-0.25,,122397804,127,,,1
2016-12-21,6024,群益期,tpex,38.10,38.15,38.00,38.05,295000,11242850,-0.10,,122397804,142,,,1
2016-12-22,6024,群益期,tpex,38.00,38.00,37.25,37.40,824000,30856000,-0.65,,122397804,444,,,1
2016-12-23,6024,群益期,tpex,37.25,37.35,37.20,37.35,566000,21089700,-0.05,,122397804,253,,,1
2016-12-26,6024,群益期,tpex,37.40,37.60,37.30,37.45,974000,36481600,0.10,,122397804,292,,,1
2016-12-27,6024,群益期,tpex,37.50,37.70,37.45,37.70,784000,29437900,0.25,,122397804,284,,,1
2016-12-28,6024,群益期,tpex,36.90,36.90,36.15,36.50,1065000,39037150,,,160397804,628,,,1
2016-12-29,6024,群益期,tpex,36.45,36.60,36.30,36.30,415000,15128850,-0.20,,160397804,183,,,1
2016-12-30,6024,群益期,tpex,36.25,36.30,36.20,36.25,495000,17949500,-0.05,,160397804,238,,,1
2017-01-03,6024,群益期,tpex,36.20,36.60,36.20,36.35,162000,5903600,0.10,,160397804,102,,,1
2017-01-04,6024,群益期,tpex,36.50,36.50,36.35,36.40,179000,6515400,0.05,,160397804,97,,,1
2017-01-05,6024,群益期,tpex,36.40,36.70,36.35,36.60,157000,5735050,0.20,,160397804,109,,,1
2017-01-06,6024,群益期,tpex,36.75,36.80,36.60,36.65,533000,19558850,0.05,,160397804,236,,,1
2017-01-09,6024,群益期,tpex,36.65,36.75,36.55,36.65,451000,16539250,0.00,,160397804,175,,,1
2017-01-10,6024,群益期,tpex,36.60,36.60,36.45,36.50,265000,9675300,-0.15,,160397804,131,,,1
2017-01-11,6024,群益期,tpex,36.50,36.50,36.15,36.20,499000,18116900,-0.30,,160397804,253,,,1
2017-01-12,6024,群益期,tpex,36.10,36.25,36.00,36.20,322000,11642900,0.00,,160397804,196,,,1
2017-01-13,6024,群益期,tpex,36.25,36.25,36.10,36.25,131000,4740800,0.05,,160397804,92,,,1
2017-01-16,6024,群益期,tpex,36.20,36.25,36.05,36.10,363000,13115450,-0.15,,160397804,154,,,1
2017-01-17,6024,群益期,tpex,36.10,36.20,36.05,36.10,170000,6137050,0.00,,160397804,101,,,1
2017-01-18,6024,群益期,tpex,36.10,36.50,36.10,36.50,354000,12865800,0.40,,160397804,145,,,1
2017-01-19,6024,群益期,tpex,36.50,36.50,36.25,36.40,161000,5851950,-0.10,,160397804,73,,,1
2017-01-20,6024,群益期,tpex,36.35,36.45,36.30,36.30,185000,6725900,-0.10,,160397804,78,,,1
2017-01-23,6024,群益期,tpex,36.30,36.45,36.30,36.40,210000,7643900,0.10,,160397804,114,,,1
2017-01-24,6024,群益期,tpex,36.40,36.50,36.35,36.50,240000,8746350,0.10,,160397804,159,,,1
2017-02-02,6024,群益期,tpex,36.50,36.75,36.45,36.60,429000,15691900,0.10,,160397804,219,,,1
2017-02-03,6024,群益期,tpex,36.60,37.30,36.60,37.30,597000,22129550,0.70,,160397804,341,,,1
2017-02-06,6024,群益期,tpex,37.50,37.75,37.40,37.60,496000,18661800,0.30,,160397804,306,,,1
2017-02-07,6024,群益期,tpex,37.80,37.95,37.30,37.35,675000,25464750,-0.25,,160397804,428,,,1
2017-02-08,6024,群益期,tpex,36.80,36.80,36.00,36.65,1082000,39376950,-0.70,,160397804,639,,,1
2017-02-09,6024,群益期,tpex,36.60,36.70,36.35,36.55,380000,13881500,-0.10,,160397804,194,,,1
2017-02-10,6024,群益期,tpex,36.55,36.75,36.50,36.70,346000,12688500,0.15,,160397804,192,,,1
2017-02-13,6024,群益期,tpex,36.75,36.75,36.55,36.65,317000,11620650,-0.05,,160397804,151,,,1
2017-02-14,6024,群益期,tpex,36.70,36.85,36.55,36.55,299000,10971950,-0.10,,160397804,151,,,1
2017-02-15,6024,群益期,tpex,36.00,36.20,35.50,36.10,3166000,113862550,-0.45,,160397804,2441,,,1
2017-02-16,6024,群益期,tpex,36.05,36.25,35.95,36.15,667000,24064300,0.05,,160397804,485,,,1
2017-02-17,6024,群益期,tpex,36.10,36.35,36.10,36.15,434000,15702250,0.00,,160397804,317,,,1
2017-02-18,6024,群益期,tpex,36.15,36.40,36.10,36.40,350000,12686800,0.25,,160397804,255,,,1
2017-02-20,6024,群益期,tpex,36.40,36.45,36.25,36.25,377000,13698500,-0.15,,160397804,221,,,1
2017-02-21,6024,群益期,tpex,36.25,36.30,36.10,36.30,385000,13942350,0.05,,160397804,200,,,1
2017-02-22,6024,群益期,tpex,36.35,37.10,36.30,36.85,831000,30496800,0.55,,160397804,510,,,1
2017-02-23,6024,群益期,tpex,36.85,36.85,36.60,36.70,260000,9546500,-0.15,,160397804,160,,,1
2017-02-24,6024,群益期,tpex,36.60,37.05,36.55,36.90,459000,16941450,0.20,,160397804,254,,,1
2017-03-01,6024,群益期,tpex,36.90,36.90,36.50,36.70,411000,15074800,-0.20,,160397804,224,,,1
2017-03-02,6024,群益期,tpex,36.70,36.95,36.60,36.70,255000,9376750,0.00,,160397804,135,,,1
2017-03-03,6024,群益期,tpex,36.70,36.70,36.50,36.65,298000,10903800,-0.05,,160397804,184,,,1
2017-03-06,6024,群益期,tpex,36.65,36.65,36.15,36.35,684000,24885400,-0.30,,160397804,401,,,1
2017-03-07,6024,群益期,tpex,36.15,36.20,35.95,36.05,1082000,38981550,-0.30,,160397804,573,,,1
2017-03-08,6024,群益期,tpex,36.00,36.20,35.90,36.10,391000,14073300,0.05,,160397804,202,,,1
2017-03-09,6024,群益期,tpex,36.05,36.05,35.80,35.90,766000,27489300,-0.20,,160397804,304,,,1
2017-03-10,6024,群益期,tpex,36.00,36.00,35.50,35.65,875000,31176900,-0.25,,160397804,454,,,1
2017-03-13,6024,群益期,tpex,35.65,35.80,35.55,35.70,335000,11940400,0.05,,160397804,164,,,1
2017-03-14,6024,群益期,tpex,35.75,36.05,35.70,36.00,181000,6499850,0.30,,160397804,106,,,1
2017-03-15,6024,群益期,tpex,35.95,36.10,35.90,36.05,210000,7561350,0.05,,160397804,134,,,1
2017-03-16,6024,群益期,tpex,36.05,36.15,36.00,36.15,230000,8295050,0.10,,160397804,163,,,1
2017-03-17,6024,群益期,tpex,36.20,36.20,36.05,36.10,186000,6714700,-0.05,,160397804,128,,,1
2017-03-20,6024,群益期,tpex,36.10,36.15,36.05,36.10,185000,6681100,0.00,,160397804,125,,,1
2017-03-21,6024,群益期,tpex,36.15,36.20,36.05,36.10,130000,4696800,0.00,,160397804,93,,,1
2017-03-22,6024,群益期,tpex,36.00,36.10,35.90,36.10,208000,7493400,0.00,,160397804,88,,,1
2017-03-23,6024,群益期,tpex,36.10,36.20,36.00,36.20,107000,3865150,0.10,,160397804,59,,,1
2017-03-24,6024,群益期,tpex,36.20,36.40,36.20,36.35,256000,9278300,0.15,,160397804,145,,,1
2017-03-27,6024,群益期,tpex,36.35,36.45,36.30,36.30,242000,8803350,-0.05,,160397804,150,,,1
2017-03-28,6024,群益期,tpex,36.00,36.05,35.50,35.60,811000,28995650,-0.70,,160397804,442,,,1
2017-03-29,6024,群益期,tpex,35.60,35.80,35.55,35.75,264000,9407950,0.15,,160397804,152,,,1
2017-03-30,6024,群益期,tpex,35.75,35.90,35.75,35.80,140000,5015250,0.05,,160397804,77,,,1
2017-03-31,6024,群益期,tpex,35.80,35.90,35.80,35.80,106000,3797550,0.00,,160397804,66,,,1
2017-04-05,6024,群益期,tpex,35.80,36.10,35.80,35.90,128000,4598600,0.10,,160397804,78,,,1
2017-04-06,6024,群益期,tpex,35.95,35.95,35.85,35.85,53000,1902700,-0.05,,160397804,42,,,1
2017-04-07,6024,群益期,tpex,35.85,35.90,35.70,35.80,167000,5978550,-0.05,,160397804,100,,,1
2017-04-10,6024,群益期,tpex,35.95,35.95,35.75,35.80,185000,6629150,0.00,,160397804,103,,,1
2017-04-11,6024,群益期,tpex,35.80,35.95,35.60,35.65,241000,8597000,-0.15,,160397804,152,,,1
2017-04-12,6024,群益期,tpex,35.70,35.70,35.40,35.55,265000,9412500,-0.10,,160397804,158,,,1
2017-04-13,6024,群益期,tpex,35.55,35.55,35.30,35.35,197000,6978500,-0.20,,160397804,115,,,1
2017-04-14,6024,群益期,tpex,35.30,35.30,35.00,35.00,493000,17320700,-0.35,,160397804,235,,,1
2017-04-17,6024,群益期,tpex,35.00,35.00,34.65,34.70,522000,18151550,-0.30,,160397804,236,,,1
2017-04-18,6024,群益期,tpex,34.75,34.90,34.65,34.85,158000,5493750,0.15,,160397804,94,,,1
2017-04-19,6024,群益期,tpex,34.75,34.80,34.65,34.65,177000,6141150,-0.20,,160397804,121,,,1
2017-04-20,6024,群益期,tpex,34.60,34.70,34.50,34.60,188000,6494800,-0.05,,160397804,130,,,1
2017-04-21,6024,群益期,tpex,34.70,34.95,34.70,34.90,92000,3201500,0.30,,160397804,60,,,1
2017-04-24,6024,群益期,tpex,34.90,35.00,34.65,34.70,104000,3619200,-0.20,,160397804,64,,,1
2017-04-25,6024,群益期,tpex,34.85,34.95,34.80,34.95,103000,3591800,0.25,,160397804,65,,,1
2017-04-26,6024,群益期,tpex,35.15,35.15,34.95,34.95,94000,3294450,0.00,,160397804,64,,,1
2017-04-27,6024,群益期,tpex,34.95,35.05,34.95,35.05,47000,1644200,0.10,,160397804,41,,,1
2017-04-28,6024,群益期,tpex,35.20,35.50,35.05,35.20,207000,7308200,0.15,,160397804,118,,,1
2017-05-02,6024,群益期,tpex,35.30,35.40,35.20,35.25,88000,3104950,0.05,,160397804,58,,,1
2017-05-03,6024,群益期,tpex,35.25,35.35,35.10,35.35,87000,3067300,0.10,,160397804,46,,,1
2017-05-04,6024,群益期,tpex,35.35,35.40,35.25,35.40,102000,3602750,0.05,,160397804,52,,,1
2017-05-05,6024,群益期,tpex,36.00,36.30,35.95,36.15,835000,30178800,0.75,,160397804,432,,,1
2017-05-08,6024,群益期,tpex,36.25,36.45,36.20,36.20,310000,11260500,0.05,,160397804,143,,,1
2017-05-09,6024,群益期,tpex,36.35,36.35,36.00,36.10,342000,12364900,-0.10,,160397804,175,,,1
2017-05-10,6024,群益期,tpex,36.15,36.35,36.15,36.20,145000,5252200,0.10,,160397804,79,,,1
2017-05-11,6024,群益期,tpex,36.30,36.50,36.30,36.40,421000,15330950,0.20,,160397804,194,,,1
2017-05-12,6024,群益期,tpex,36.40,36.40,36.25,36.35,195000,7086550,-0.05,,160397804,81,,,1
2017-05-15,6024,群益期,tpex,36.35,36.45,36.20,36.25,226000,8207450,-0.10,,160397804,119,,,1
2017-05-16,6024,群益期,tpex,36.20,36.25,36.10,36.25,166000,6004000,0.00,,160397804,115,,,1
2017-05-17,6024,群益期,tpex,36.25,36.25,36.15,36.20,87000,3148400,-0.05,,160397804,55,,,1
2017-05-18,6024,群益期,tpex,36.20,36.20,36.10,36.20,167000,6036000,0.00,,160397804,89,,,1
2017-05-19,6024,群益期,tpex,36.30,36.50,36.30,36.50,321000,11699200,0.30,,160397804,148,,,1
2017-05-22,6024,群益期,tpex,36.50,36.60,36.50,36.60,204000,7456800,0.10,,160397804,111,,,1
2017-05-23,6024,群益期,tpex,36.55,36.90,36.55,36.85,364000,13401650,0.25,,160397804,193,,,1
2017-05-24,6024,群益期,tpex,36.80,36.85,36.60,36.75,213000,7831800,-0.10,,160397804,118,,,1
2017-05-25,6024,群益期,tpex,36.75,36.95,36.75,36.95,124000,4567000,0.20,,160397804,74,,,1
2017-05-26,6024,群益期,tpex,36.90,36.95,36.80,36.95,151000,5563850,0.00,,160397804,88,,,1
2017-05-31,6024,群益期,tpex,36.95,37.05,36.90,37.00,230000,8503800,0.05,,160397804,140,,,1
2017-06-01,6024,群益期,tpex,37.05,37.10,37.00,37.10,244000,9039600,0.10,,160397804,146,,,1
2017-06-02,6024,群益期,tpex,37.10,37.50,37.10,37.40,581000,21669750,0.30,,160397804,325,,,1
2017-06-03,6024,群益期,tpex,37.35,37.50,37.35,37.50,188000,7039700,0.10,,160397804,92,,,1
2017-06-05,6024,群益期,tpex,37.90,37.95,37.70,37.85,475000,17970250,0.35,,160397804,260,,,1
2017-06-06,6024,群益期,tpex,37.90,37.95,37.70,37.80,246000,9299050,-0.05,,160397804,120,,,1
2017-06-07,6024,群益期,tpex,37.80,37.90,37.70,37.75,248000,9376500,-0.05,,160397804,133,,,1
2017-06-08,6024,群益期,tpex,37.75,37.75,37.60,37.60,203000,7648650,-0.15,,160397804,101,,,1
2017-06-09,6024,群益期,tpex,37.60,38.00,37.60,38.00,399000,15100050,0.40,,160397804,186,,,1
2017-06-12,6024,群益期,tpex,38.05,38.50,38.05,38.45,470000,18044300,0.45,,160397804,283,,,1
2017-06-13,6024,群益期,tpex,38.45,38.45,37.90,37.90,408000,15558300,-0.55,,160397804,210,,,1
2017-06-14,6024,群益期,tpex,37.95,38.10,37.50,37.75,372000,14052000,-0.15,,160397804,208,,,1
2017-06-15,6024,群益期,tpex,37.75,37.80,37.65,37.70,192000,7243400,-0.05,,160397804,101,,,1
2017-06-16,6024,群益期,tpex,37.75,38.20,37.70,38.00,306000,11606400,0.30,,160397804,167,,,1
2017-06-19,6024,群益期,tpex,38.00,38.10,37.95,37.95,155000,5894050,-0.05,,160397804,77,,,1
2017-06-20,6024,群益期,tpex,38.00,38.05,37.90,37.95,181000,6875150,0.00,,160397804,114,,,1
2017-06-21,6024,群益期,tpex,37.95,37.95,37.80,37.95,128000,4849300,0.00,,160397804,65,,,1
2017-06-22,6024,群益期,tpex,37.95,38.10,37.90,37.95,122000,4633450,0.00,,160397804,81,,,1
2017-06-23,6024,群益期,tpex,37.95,37.95,37.85,37.95,78000,2955800,0.00,,160397804,49,,,1
2017-06-26,6024,群益期,tpex,37.95,38.05,37.90,38.00,203000,7711900,0.05,,160397804,123,,,1
2017-06-27,6024,群益期,tpex,38.00,38.00,37.90,37.95,128000,4861550,-0.05,,160397804,83,,,1
2017-06-28,6024,群益期,tpex,37.90,38.00,37.85,37.85,141000,5350350,-0.10,,160397804,90,,,1
2017-06-29,6024,群益期,tpex,38.00,38.10,37.90,37.90,272000,10332450,0.05,,160397804,113,,,1
2017-06-30,6024,群益期,tpex,37.85,37.90,37.80,37.85,144000,5446150,-0.05,,160397804,85,,,1
2017-07-03,6024,群益期,tpex,37.85,38.00,37.85,37.95,204000,7740200,0.10,,160397804,99,,,1
2017-07-04,6024,群益期,tpex,37.95,38.00,37.85,38.00,226000,8570500,0.05,,160397804,110,,,1
2017-07-05,6024,群益期,tpex,38.00,38.00,37.90,38.00,107000,4062400,0.00,,160397804,68,,,1
2017-07-06,6024,群益期,tpex,38.25,38.45,38.00,38.35,2105000,80338550,0.35,,160397804,562,,,1
2017-07-07,6024,群益期,tpex,38.40,39.20,38.35,38.90,1528000,59427100,0.55,,160397804,666,,,1
2017-07-10,6024,群益期,tpex,39.10,39.20,38.70,39.00,384000,14953800,0.10,,160397804,200,,,1
2017-07-11,6024,群益期,tpex,39.00,39.05,38.90,38.95,362000,14104250,-0.05,,160397804,127,,,1
2017-07-12,6024,群益期,tpex,38.90,39.00,38.70,38.80,241000,9355950,-0.15,,160397804,128,,,1
2017-07-13,6024,群益期,tpex,38.90,39.00,38.85,39.00,237000,9221600,0.20,,160397804,92,,,1
2017-07-14,6024,群益期,tpex,39.00,39.05,38.85,39.00,172000,6703750,0.00,,160397804,88,,,1
2017-07-17,6024,群益期,tpex,39.05,39.25,39.05,39.25,339000,13272450,0.25,,160397804,176,,,1
2017-07-18,6024,群益期,tpex,39.30,39.30,39.10,39.10,291000,11399600,-0.15,,160397804,119,,,1
2017-07-19,6024,群益期,tpex,39.10,39.25,39.10,39.15,416000,16288950,0.05,,160397804,197,,,1
2017-07-20,6024,群益期,tpex,39.20,39.20,39.10,39.10,643000,25169650,-0.05,,160397804,224,,,1
2017-07-21,6024,群益期,tpex,39.10,39.20,39.05,39.15,1034000,40465450,0.05,,160397804,410,,,1
2017-07-24,6024,群益期,tpex,37.20,37.40,37.20,37.35,956000,35669900,,,160397804,396,,,1
2017-07-25,6024,群益期,tpex,37.35,37.40,37.25,37.35,252000,9409750,0.00,,160397804,149,,,1
2017-07-26,6024,群益期,tpex,37.45,37.45,37.20,37.30,244000,9101300,-0.05,,160397804,130,,,1
2017-07-27,6024,群益期,tpex,37.30,37.30,37.20,37.25,200000,7450450,-0.05,,160397804,123,,,1
2017-07-28,6024,群益期,tpex,37.25,37.25,36.90,37.00,501000,18561650,-0.25,,160397804,234,,,1
2017-07-31,6024,群益期,tpex,36.95,37.10,36.85,37.05,240000,8867650,0.05,,160397804,110,,,1
2017-08-01,6024,群益期,tpex,37.00,37.40,37.00,37.30,257000,9562850,0.25,,160397804,117,,,1
2017-08-02,6024,群益期,tpex,37.30,37.50,37.30,37.50,293000,10963600,0.20,,160397804,124,,,1
2017-08-03,6024,群益期,tpex,37.50,37.55,37.35,37.40,238000,8917300,-0.10,,160397804,149,,,1
2017-08-04,6024,群益期,tpex,37.70,38.30,37.70,38.30,864000,32914450,0.90,,160397804,450,,,1
2017-08-07,6024,群益期,tpex,38.65,39.05,38.50,38.75,565000,21950300,0.45,,160397804,293,,,1
2017-08-08,6024,群益期,tpex,38.75,38.90,38.50,38.65,289000,11159200,-0.10,,160397804,154,,,1
2017-08-09,6024,群益期,tpex,38.55,38.65,38.35,38.45,216000,8310800,-0.20,,160397804,135,,,1
2017-08-10,6024,群益期,tpex,38.45,38.45,37.90,38.25,553000,21096500,-0.20,,160397804,326,,,1
2017-08-11,6024,群益期,tpex,38.10,38.45,38.00,38.45,282000,10805950,0.20,,160397804,117,,,1
2017-08-14,6024,群益期,tpex,38.50,38.50,38.20,38.20,287000,11007050,-0.25,,160397804,166,,,1
2017-08-15,6024,群益期,tpex,38.20,38.65,38.15,38.60,427000,16427500,0.40,,160397804,164,,,1
2017-08-16,6024,群益期,tpex,38.55,38.55,38.45,38.55,173000,6659750,-0.05,,160397804,86,,,1
2017-08-17,6024,群益期,tpex,38.55,38.70,38.55,38.65,242000,9347050,0.10,,160397804,121,,,1
2017-08-18,6024,群益期,tpex,38.70,38.70,38.60,38.70,174000,6721600,0.05,,160397804,63,,,1
2017-08-21,6024,群益期,tpex,38.75,39.20,38.75,39.15,350000,13641050,0.45,,160397804,191,,,1
2017-08-22,6024,群益期,tpex,39.20,39.45,39.20,39.40,263000,10348250,0.25,,160397804,141,,,1
2017-08-23,6024,群益期,tpex,39.50,39.50,39.15,39.30,181000,7109600,-0.10,,160397804,102,,,1
2017-08-24,6024,群益期,tpex,39.30,39.35,39.20,39.25,219000,8602900,-0.05,,160397804,90,,,1
2017-08-25,6024,群益期,tpex,39.25,39.40,39.20,39.35,211000,8295350,0.10,,160397804,88,,,1
2017-08-28,6024,群益期,tpex,39.35,39.75,39.25,39.55,245000,9676950,0.20,,160397804,143,,,1
2017-08-29,6024,群益期,tpex,39.55,39.55,39.40,39.45,128000,5045900,-0.10,,160397804,56,,,1
2017-08-30,6024,群益期,tpex,39.50,39.70,39.50,39.65,93000,3683550,0.20,,160397804,59,,,1
2017-08-31,6024,群益期,tpex,39.70,39.80,39.70,39.75,122000,4850450,0.10,,160397804,68,,,1
2017-09-01,6024,群益期,tpex,39.75,39.75,39.50,39.75,215000,8522250,0.00,,160397804,123,,,1
2017-09-04,6024,群益期,tpex,39.75,40.35,39.75,40.35,476000,19124850,0.60,,160397804,259,,,1
2017-09-05,6024,群益期,tpex,40.50,41.45,40.50,41.25,568000,23373750,0.90,,160397804,351,,,1
2017-09-06,6024,群益期,tpex,42.15,42.90,41.90,42.60,1325000,56202250,1.35,,160397804,635,,,1
2017-09-07,6024,群益期,tpex,42.90,42.90,42.00,42.00,599000,25354700,-0.60,,160397804,324,,,1
2017-09-08,6024,群益期,tpex,42.00,42.45,41.90,42.40,232000,9779250,0.40,,160397804,134,,,1
2017-09-11,6024,群益期,tpex,42.85,42.85,42.40,42.50,239000,10165000,0.10,,160397804,126,,,1
2017-09-12,6024,群益期,tpex,42.65,43.40,42.60,43.30,401000,17278450,0.80,,160397804,208,,,1
2017-09-13,6024,群益期,tpex,43.40,43.70,43.00,43.50,400000,17343650,0.20,,160397804,205,,,1
2017-09-14,6024,群益期,tpex,43.80,44.30,43.60,44.30,357000,15663050,0.80,,160397804,191,,,1
2017-09-15,6024,群益期,tpex,44.60,45.95,44.50,45.75,868000,39277400,1.45,,160397804,487,,,1
2017-09-18,6024,群益期,tpex,45.95,46.25,44.75,45.35,942000,42738650,-0.40,,160397804,514,,,1
2017-09-19,6024,群益期,tpex,45.30,45.30,44.00,44.10,1049000,46633000,-1.25,,160397804,553,,,1
2017-09-20,6024,群益期,tpex,44.05,44.45,43.90,44.05,445000,19669850,-0.05,,160397804,236,,,1
2017-09-21,6024,群益期,tpex,44.50,46.25,44.50,46.00,1011000,45976950,1.95,,160397804,594,,,1
2017-09-22,6024,群益期,tpex,46.20,46.20,44.80,44.95,771000,34885700,-1.05,,160397804,502,,,1
2017-09-25,6024,群益期,tpex,44.95,44.95,43.50,43.75,933000,40864200,-1.20,,160397804,503,,,1
2017-09-26,6024,群益期,tpex,43.60,44.40,42.60,43.00,912000,39658700,-0.75,,160397804,459,,,1
2017-09-27,6024,群益期,tpex,43.20,43.75,43.10,43.50,495000,21473900,0.50,,160397804,239,,,1
2017-09-28,6024,群益期,tpex,43.50,44.00,43.45,43.90,266000,11623600,0.40,,160397804,136,,,1
2017-09-29,6024,群益期,tpex,43.75,43.90,43.50,43.75,158000,6908250,-0.15,,160397804,108,,,1
2017-09-30,6024,群益期,tpex,43.95,44.65,43.95,44.55,432000,19163300,0.80,,160397804,197,,,1
2017-10-02,6024,群益期,tpex,44.70,45.15,44.55,45.10,291000,13056200,0.55,,160397804,181,,,1
2017-10-03,6024,群益期,tpex,45.10,46.20,44.85,46.10,594000,27072650,1.00,,160397804,326,,,1
2017-10-05,6024,群益期,tpex,46.40,48.50,46.35,48.50,1117000,53001550,2.40,,160397804,702,,,1
2017-10-06,6024,群益期,tpex,47.90,48.00,46.70,47.35,837000,39647700,-1.15,,160397804,504,,,1
2017-10-11,6024,群益期,tpex,47.60,47.60,46.80,47.30,330000,15579900,-0.05,,160397804,212,,,1
2017-10-12,6024,群益期,tpex,47.50,48.40,47.50,48.10,601000,28869750,0.80,,160397804,347,,,1
2017-10-13,6024,群益期,tpex,47.95,48.15,47.55,48.15,187000,8955100,0.05,,160397804,147,,,1
2017-10-16,6024,群益期,twse,48.00,48.10,47.35,48.00,358328,17151544,0.0,,160397804,214,,,1
2017-10-17,6024,群益期,twse,48.20,48.20,47.65,48.15,284224,13645337,0.15,,160397804,186,,,1
2017-10-18,6024,群益期,twse,48.10,48.10,47.50,47.80,324880,15516408,-0.35,,160397804,211,,,1
2017-10-19,6024,群益期,twse,47.80,47.80,47.30,47.55,201789,9591762,-0.25,,160397804,132,,,1
2017-10-20,6024,群益期,twse,47.15,47.15,46.60,47.15,340628,15963916,-0.4,,160397804,245,,,1
2017-10-23,6024,群益期,twse,47.10,47.50,47.10,47.25,126434,5987854,0.1,,160397804,85,,,1
2017-10-24,6024,群益期,twse,47.15,47.30,47.05,47.30,152747,7199132,0.05,,160397804,87,,,1
2017-10-25,6024,群益期,twse,47.30,47.30,46.80,46.85,175700,8245139,-0.45,,160397804,121,,,1
2017-10-26,6024,群益期,twse,46.85,47.00,46.65,46.80,112004,5245682,-0.05,,160397804,89,,,1
2017-10-27,6024,群益期,twse,46.80,47.00,46.40,46.70,387516,18093748,-0.1,,160397804,180,,,1
2017-10-30,6024,群益期,twse,46.70,46.95,46.30,46.55,307284,14284718,-0.15,,160397804,175,,,1
2017-10-31,6024,群益期,twse,46.55,46.75,46.45,46.50,125916,5864419,-0.05,,160397804,93,,,1
2017-11-01,6024,群益期,twse,46.60,47.25,46.60,47.05,196400,9226438,0.55,,160397804,134,,,1
2017-11-02,6024,群益期,twse,47.05,47.30,46.90,47.10,193805,9121162,0.05,,160397804,131,,,1
2017-11-03,6024,群益期,twse,47.00,47.10,46.80,47.05,80616,3784052,-0.05,,160397804,63,,,1
2017-11-06,6024,群益期,twse,47.20,47.20,46.45,46.55,450202,21057244,-0.5,,160397804,221,,,1
2017-11-07,6024,群益期,twse,46.50,46.55,45.80,45.90,575414,26475619,-0.65,,160397804,313,,,1
2017-11-08,6024,群益期,twse,46.00,46.10,45.90,46.00,215982,9926522,0.1,,160397804,146,,,1
2017-11-09,6024,群益期,twse,46.00,46.40,45.70,45.90,277450,12756850,-0.1,,160397804,155,,,1
2017-11-10,6024,群益期,twse,45.70,45.90,45.55,45.90,200833,9168615,0.0,,160397804,122,,,1
2017-11-13,6024,群益期,twse,45.60,45.75,45.40,45.55,210579,9597259,-0.35,,160397804,121,,,1
2017-11-14,6024,群益期,twse,45.60,45.70,45.30,45.55,107703,4899045,0.0,,160397804,81,,,1
2017-11-15,6024,群益期,twse,45.50,45.55,45.40,45.45,152524,6931946,-0.1,,160397804,70,,,1
2017-11-16,6024,群益期,twse,45.50,45.65,45.20,45.45,218424,9918975,0.0,,160397804,133,,,1
2017-11-17,6024,群益期,twse,45.50,45.50,45.30,45.40,91141,4140413,-0.05,,160397804,73,,,1
2017-11-20,6024,群益期,twse,45.40,45.70,45.30,45.65,117442,5339696,0.25,,160397804,77,,,1
2017-11-21,6024,群益期,twse,45.65,46.10,45.50,46.05,297495,13647917,0.4,,160397804,160,,,1
2017-11-22,6024,群益期,twse,46.05,46.90,46.05,46.65,315228,14659866,0.6,,160397804,151,,,1
2017-11-23,6024,群益期,twse,46.75,47.25,46.70,47.10,279447,13140397,0.45,,160397804,173,,,1
2017-11-24,6024,群益期,twse,47.15,47.15,46.75,46.75,163265,7663081,-0.35,,160397804,98,,,1
2017-11-27,6024,群益期,twse,46.75,46.75,46.45,46.50,136645,6367636,-0.25,,160397804,86,,,1
2017-11-28,6024,群益期,twse,46.50,46.85,46.25,46.45,167990,7802528,-0.05,,160397804,90,,,1
2017-11-29,6024,群益期,twse,46.50,46.80,46.35,46.45,113861,5296383,0.0,,160397804,72,,,1
2017-11-30,6024,群益期,twse,46.45,46.45,46.00,46.30,173431,8013567,-0.15,,160397804,113,,,1
2017-12-01,6024,群益期,twse,46.35,46.40,46.05,46.05,199151,9198040,-0.25,,160397804,139,,,1
2017-12-04,6024,群益期,twse,46.10,46.20,46.00,46.05,188548,8689462,0.0,,160397804,104,,,1
2017-12-05,6024,群益期,twse,46.20,46.40,46.15,46.40,214657,9933816,0.35,,160397804,113,,,1
2017-12-06,6024,群益期,twse,46.50,46.50,46.15,46.20,141274,6535553,-0.2,,160397804,90,,,1
2017-12-07,6024,群益期,twse,44.65,44.90,43.75,44.10,1204799,53296656,-2.1,,160397804,717,,,1
2017-12-08,6024,群益期,twse,44.10,44.35,43.85,44.10,299193,13197030,0.0,,160397804,172,,,1
2017-12-11,6024,群益期,twse,44.10,44.20,43.95,44.15,234868,10346342,0.05,,160397804,157,,,1
2017-12-12,6024,群益期,twse,44.10,44.10,43.90,44.00,182769,8037753,-0.15,,160397804,86,,,1
2017-12-13,6024,群益期,twse,43.90,44.10,43.70,43.75,158443,6937874,-0.25,,160397804,109,,,1
2017-12-14,6024,群益期,twse,44.10,44.70,44.05,44.45,455728,20258248,0.7,,160397804,232,,,1
2017-12-15,6024,群益期,twse,44.35,44.40,44.15,44.25,429771,19037574,-0.2,,160397804,115,,,1
2017-12-18,6024,群益期,twse,44.50,44.50,44.20,44.25,235220,10405095,0.0,,160397804,96,,,1
2017-12-19,6024,群益期,twse,44.50,44.50,44.15,44.25,123250,5450475,0.0,,160397804,77,,,1
2017-12-20,6024,群益期,twse,44.25,44.50,44.15,44.35,94736,4201139,0.1,,160397804,58,,,1
2017-12-21,6024,群益期,twse,44.40,44.40,44.20,44.40,160012,7083733,0.05,,160397804,76,,,1
2017-12-22,6024,群益期,twse,44.60,44.60,44.40,44.60,63090,2806350,0.2,,160397804,49,,,1
2017-12-25,6024,群益期,twse,44.75,44.80,44.60,44.70,77602,3468218,0.1,,160397804,61,,,1
2017-12-26,6024,群益期,twse,44.70,44.70,44.45,44.70,105499,4706454,0.0,,160397804,66,,,1
2017-12-27,6024,群益期,twse,44.75,44.85,44.70,44.85,126433,5662238,0.15,,160397804,72,,,1
2017-12-28,6024,群益期,twse,44.90,45.25,44.90,45.20,145979,6583545,0.35,,160397804,93,,,1
2017-12-29,6024,群益期,twse,45.20,45.25,45.00,45.25,101477,4578281,0.05,,160397804,73,,,1
2018-01-02,6024,群益期,twse,45.20,45.45,45.10,45.45,109403,4949620,0.2,,160397804,82,,,1
2018-01-03,6024,群益期,twse,45.55,45.80,45.50,45.70,175110,8001431,0.25,,160397804,122,,,1
2018-01-04,6024,群益期,twse,45.80,46.00,45.60,45.70,136967,6271490,0.0,,160397804,109,,,1
2018-01-05,6024,群益期,twse,45.90,45.95,45.65,45.85,73085,3345240,0.15,,160397804,66,,,1
2018-01-08,6024,群益期,twse,45.00,45.80,44.95,45.60,777549,35246526,-0.25,,160397804,335,,,1
2018-01-09,6024,群益期,twse,45.70,46.15,45.45,45.70,345103,15780790,0.1,,160397804,174,,,1
2018-01-10,6024,群益期,twse,45.85,45.85,45.10,45.40,288334,13079045,-0.3,,160397804,135,,,1
2018-01-11,6024,群益期,twse,45.40,45.50,44.50,45.10,304268,13672179,-0.3,,160397804,196,,,1
2018-01-12,6024,群益期,twse,45.00,45.50,44.80,45.40,190069,8595312,0.3,,160397804,105,,,1
2018-01-15,6024,群益期,twse,45.40,45.90,45.30,45.75,206640,9436122,0.35,,160397804,145,,,1
2018-01-16,6024,群益期,twse,45.85,46.00,45.50,45.65,122674,5608114,-0.1,,160397804,94,,,1
2018-01-17,6024,群益期,twse,45.70,46.75,45.70,46.60,636185,29476485,0.95,,160397804,365,,,1
2018-01-18,6024,群益期,twse,46.75,46.80,46.35,46.60,250705,11672147,0.0,,160397804,159,,,1
2018-01-19,6024,群益期,twse,46.80,46.80,46.25,46.50,227445,10573210,-0.1,,160397804,107,,,1
2018-01-22,6024,群益期,twse,46.60,46.85,46.60,46.70,327012,15282857,0.2,,160397804,138,,,1
2018-01-23,6024,群益期,twse,46.85,46.85,46.20,46.45,153628,7121217,-0.25,,160397804,109,,,1
2018-01-24,6024,群益期,twse,46.40,46.65,46.30,46.50,141716,6586043,0.05,,160397804,95,,,1
2018-01-25,6024,群益期,twse,46.70,46.70,46.50,46.55,231721,10796097,0.05,,160397804,153,,,1
2018-01-26,6024,群益期,twse,46.70,46.80,46.50,46.75,160249,7481002,0.2,,160397804,87,,,1
2018-01-29,6024,群益期,twse,46.80,47.00,46.75,46.95,167948,7873352,0.2,,160397804,116,,,1
2018-01-30,6024,群益期,twse,46.95,46.95,46.50,46.50,148880,6948468,-0.45,,160397804,105,,,1
2018-01-31,6024,群益期,twse,46.10,46.50,46.10,46.35,78000,3612100,-0.15,,160397804,48,,,1
2018-02-01,6024,群益期,twse,46.35,46.80,46.35,46.65,103000,4804900,0.3,,160397804,64,,,1
2018-02-02,6024,群益期,twse,46.90,47.80,46.85,47.40,934323,44354555,0.75,,160397804,505,,,1
2018-02-05,6024,群益期,twse,47.00,47.75,46.70,47.75,416463,19702024,0.35,,160397804,288,,,1
2018-02-06,6024,群益期,twse,47.60,47.60,45.70,47.40,866030,40319330,-0.35,,160397804,507,,,1
2018-02-07,6024,群益期,twse,48.60,49.20,48.00,48.15,1674604,81358607,0.75,,160397804,855,,,1
2018-02-08,6024,群益期,twse,48.15,48.60,48.05,48.30,348694,16833299,0.15,,160397804,227,,,1
2018-02-09,6024,群益期,twse,47.30,48.40,47.20,48.10,520456,24907754,-0.2,,160397804,321,,,1
2018-02-12,6024,群益期,twse,47.90,48.45,47.85,48.25,487546,23514141,0.15,,160397804,240,,,1
2018-02-21,6024,群益期,twse,48.65,48.70,48.30,48.55,533882,25903196,0.3,,160397804,284,,,1
2018-02-22,6024,群益期,twse,48.60,49.60,48.60,49.60,798383,39321513,1.05,,160397804,492,,,1
2018-02-23,6024,群益期,twse,49.95,51.80,49.95,51.60,1181767,60668170,2.0,,160397804,785,,,1
2018-02-26,6024,群益期,twse,52.40,52.70,50.90,51.60,907253,47071149,0.0,,160397804,533,,,1
2018-02-27,6024,群益期,twse,51.70,51.70,50.90,51.30,493051,25257901,-0.3,,160397804,296,,,1
2018-03-01,6024,群益期,twse,51.20,52.80,51.00,52.30,1313036,68513079,1.0,,160397804,569,,,1
2018-03-02,6024,群益期,twse,52.30,55.50,52.30,54.00,2896861,155933393,1.7,,160397804,1453,,,1
2018-03-05,6024,群益期,twse,55.00,55.80,53.80,55.80,1655369,90973874,1.8,,160397804,886,,,1
2018-03-06,6024,群益期,twse,55.80,57.70,54.90,57.00,1368657,77034249,1.2,,160397804,802,,,1
2018-03-07,6024,群益期,twse,56.70,57.20,56.50,57.00,592508,33698549,0.0,,160397804,376,,,1
2018-03-08,6024,群益期,twse,56.00,57.80,56.00,57.30,1142777,64945812,0.3,,160397804,633,,,1
2018-03-09,6024,群益期,twse,58.30,62.10,58.00,59.50,3567904,213322380,2.2,,160397804,1924,,,1
2018-03-12,6024,群益期,twse,60.40,61.20,59.60,61.20,1207263,73149080,1.7,,160397804,750,,,1
2018-03-13,6024,群益期,twse,62.00,67.00,61.50,64.20,2971508,190731201,3.0,,160397804,1775,,,1
2018-03-14,6024,群益期,twse,64.60,66.40,63.30,65.20,2542473,164627278,1.0,,160397804,1586,,,1
2018-03-15,6024,群益期,twse,65.00,65.10,63.60,63.90,1151493,73893090,-1.3,,160397804,770,,,1
2018-03-16,6024,群益期,twse,64.30,65.00,63.60,64.70,737357,47519593,0.8,,160397804,511,,,1
2018-03-19,6024,群益期,twse,64.80,66.00,64.80,66.00,1449508,95364970,1.3,,160397804,662,,,1
2018-03-20,6024,群益期,twse,66.50,68.70,66.10,67.50,1308426,88356049,1.5,,160397804,938,,,1
2018-03-21,6024,群益期,twse,68.00,68.00,66.80,66.80,876963,58993610,-0.7,,160397804,573,,,1
2018-03-22,6024,群益期,twse,67.20,68.00,66.10,66.30,711888,47776279,-0.5,,160397804,505,,,1
2018-03-23,6024,群益期,twse,65.80,67.00,63.80,66.50,930964,61299607,0.2,,160397804,604,,,1
2018-03-26,6024,群益期,twse,66.50,67.40,64.40,65.70,1084344,70989627,-0.8,,160397804,770,,,1
2018-03-27,6024,群益期,twse,66.60,66.80,63.30,63.80,2140455,138359320,-1.9,,160397804,1375,,,1
2018-03-28,6024,群益期,twse,63.10,63.60,62.20,63.00,1037105,65184129,-0.8,,160397804,664,,,1
2018-03-29,6024,群益期,twse,63.10,65.00,63.10,64.50,984166,63135036,1.5,,160397804,567,,,1
2018-03-30,6024,群益期,twse,65.10,65.50,63.50,63.90,729961,47035887,-0.6,,160397804,435,,,1
2018-03-31,6024,群益期,twse,63.90,64.10,62.60,63.10,656632,41471730,-0.8,,160397804,394,,,1
2018-04-02,6024,群益期,twse,62.60,62.80,61.30,61.60,1365453,84383832,-1.5,,160397804,806,,,1
2018-04-03,6024,群益期,twse,61.20,62.50,61.00,62.50,813420,50238548,0.9,,160397804,482,,,1
2018-04-09,6024,群益期,twse,63.00,63.10,61.50,61.50,834277,51788912,-1.0,,160397804,487,,,1
2018-04-10,6024,群益期,twse,61.50,62.50,61.00,61.80,871246,53771997,0.3,,160397804,516,,,1
2018-04-11,6024,群益期,twse,61.80,62.00,61.30,61.80,388314,23940668,0.0,,160397804,233,,,1
2018-04-12,6024,群益期,twse,61.20,61.80,61.20,61.80,311784,19160608,0.0,,160397804,213,,,1
2018-04-13,6024,群益期,twse,61.60,61.70,61.30,61.60,315616,19393263,-0.2,,160397804,234,,,1
2018-04-16,6024,群益期,twse,61.80,61.80,60.30,60.50,580477,35394241,-1.1,,160397804,397,,,1
2018-04-17,6024,群益期,twse,60.50,60.50,58.90,59.20,925831,55222303,-1.3,,160397804,572,,,1
2018-04-18,6024,群益期,twse,59.20,60.30,59.20,60.00,349775,20921786,0.8,,160397804,251,,,1
2018-04-19,6024,群益期,twse,60.30,60.90,60.10,60.20,280164,16951998,0.2,,160397804,227,,,1
2018-04-20,6024,群益期,twse,60.50,60.80,60.20,60.80,221400,13425100,0.6,,160397804,169,,,1
2018-04-23,6024,群益期,twse,60.50,62.50,60.50,61.90,611355,37807710,1.1,,160397804,456,,,1
2018-04-24,6024,群益期,twse,61.90,61.90,59.80,60.30,651752,39441992,-1.6,,160397804,421,,,1
2018-04-25,6024,群益期,twse,60.00,60.20,59.40,59.90,356263,21289280,-0.4,,160397804,223,,,1
2018-04-26,6024,群益期,twse,60.20,60.20,59.20,59.50,310867,18545984,-0.4,,160397804,231,,,1
2018-04-27,6024,群益期,twse,59.70,59.80,59.30,59.80,143934,8579140,0.3,,160397804,113,,,1
2018-04-30,6024,群益期,twse,59.80,61.70,59.80,61.60,387271,23681270,1.8,,160397804,289,,,1
2018-05-02,6024,群益期,twse,61.80,61.80,60.90,61.20,234518,14374597,-0.4,,160397804,162,,,1
2018-05-03,6024,群益期,twse,60.80,60.80,60.00,60.20,264420,15942944,-1.0,,160397804,201,,,1
2018-05-04,6024,群益期,twse,60.00,60.40,59.60,60.40,333266,19943542,0.2,,160397804,216,,,1
2018-05-07,6024,群益期,twse,61.30,61.90,60.80,61.20,394120,24151988,0.8,,160397804,244,,,1
2018-05-08,6024,群益期,twse,61.20,61.20,60.60,61.00,171192,10411312,-0.2,,160397804,152,,,1
2018-05-09,6024,群益期,twse,61.20,61.20,60.60,60.90,203249,12360738,-0.1,,160397804,164,,,1
2018-05-10,6024,群益期,twse,61.30,61.40,60.90,61.20,186970,11436262,0.3,,160397804,156,,,1
2018-05-11,6024,群益期,twse,61.30,61.30,60.60,61.20,338846,20623506,0.0,,160397804,256,,,1
2018-05-14,6024,群益期,twse,61.40,63.20,60.90,63.20,1085920,67389720,2.0,,160397804,619,,,1
2018-05-15,6024,群益期,twse,63.50,64.00,62.50,63.10,665725,42147419,-0.1,,160397804,438,,,1
2018-05-16,6024,群益期,twse,63.00,63.40,62.40,63.20,460934,28982627,0.1,,160397804,312,,,1
2018-05-17,6024,群益期,twse,63.50,63.50,62.80,63.10,280388,17699617,-0.1,,160397804,188,,,1
2018-05-18,6024,群益期,twse,63.10,63.20,62.30,63.00,444700,27867437,-0.1,,160397804,273,,,1
2018-05-21,6024,群益期,twse,63.10,63.20,62.50,62.70,299461,18842643,-0.3,,160397804,185,,,1
2018-05-22,6024,群益期,twse,62.90,63.40,62.60,62.80,264095,16612685,0.1,,160397804,182,,,1
2018-05-23,6024,群益期,twse,62.80,63.20,62.60,62.60,210244,13196073,-0.2,,160397804,142,,,1
2018-05-24,6024,群益期,twse,63.00,63.30,62.50,62.70,379543,23858609,0.1,,160397804,219,,,1
2018-05-25,6024,群益期,twse,62.70,62.70,62.00,62.00,413800,25775520,-0.7,,160397804,242,,,1
2018-05-28,6024,群益期,twse,61.80,62.20,61.80,61.90,209631,12991679,-0.1,,160397804,146,,,1
2018-05-29,6024,群益期,twse,61.90,62.30,61.40,61.60,436657,26928993,-0.3,,160397804,196,,,1
2018-05-30,6024,群益期,twse,62.00,62.10,60.60,61.50,701771,42960366,-0.1,,160397804,415,,,1
2018-05-31,6024,群益期,twse,61.70,61.90,61.50,61.60,178111,10983459,0.1,,160397804,142,,,1
2018-06-01,6024,群益期,twse,61.50,61.90,61.50,61.90,203952,12599923,0.3,,160397804,159,,,1
2018-06-04,6024,群益期,twse,62.10,64.80,62.10,64.70,1105535,70571400,2.8,,160397804,695,,,1
2018-06-05,6024,群益期,twse,64.80,64.80,64.10,64.30,513598,33103824,-0.4,,160397804,314,,,1
2018-06-06,6024,群益期,twse,65.30,65.50,64.40,65.00,1446430,94035050,0.7,,160397804,803,,,1
2018-06-07,6024,群益期,twse,65.20,66.90,64.80,66.70,1060003,69856991,1.7,,160397804,740,,,1
2018-06-08,6024,群益期,twse,67.00,67.60,66.00,66.60,807610,53942401,-0.1,,160397804,524,,,1
2018-06-11,6024,群益期,twse,66.60,67.20,66.40,67.00,416661,27828612,0.4,,160397804,324,,,1
2018-06-12,6024,群益期,twse,67.00,68.00,66.80,67.90,977049,65846632,0.9,,160397804,494,,,1
2018-06-13,6024,群益期,twse,68.00,68.80,67.50,68.00,1271336,86738677,0.1,,160397804,737,,,1
2018-06-14,6024,群益期,twse,67.80,68.30,67.30,67.80,1460346,99002354,-0.2,,160397804,758,,,1
2018-06-15,6024,群益期,twse,65.20,66.60,65.20,66.00,1292246,85090278,0.0,,160397804,876,,,1
2018-06-19,6024,群益期,twse,66.20,66.20,65.00,65.20,402722,26338116,-0.8,,160397804,303,,,1
2018-06-20,6024,群益期,twse,65.30,65.60,63.80,64.60,583236,37558340,-0.6,,160397804,359,,,1
2018-06-21,6024,群益期,twse,64.80,65.50,64.70,64.70,179625,11672925,0.1,,160397804,141,,,1
2018-06-22,6024,群益期,twse,65.10,65.40,64.70,65.40,217660,14175292,0.7,,160397804,176,,,1
2018-06-25,6024,群益期,twse,65.80,65.80,65.00,65.00,195728,12797620,-0.4,,160397804,153,,,1
2018-06-26,6024,群益期,twse,64.80,64.90,64.00,64.00,332750,21378250,-1.0,,160397804,253,,,1
2018-06-27,6024,群益期,twse,64.20,64.40,63.80,63.80,205818,13179652,-0.2,,160397804,141,,,1
2018-06-28,6024,群益期,twse,63.70,63.70,62.80,63.40,396650,25057975,-0.4,,160397804,282,,,1
2018-06-29,6024,群益期,twse,63.40,64.20,63.10,64.10,254859,16220430,0.7,,160397804,178,,,1
2018-07-02,6024,群益期,twse,64.10,64.20,63.60,64.00,109450,6999233,-0.1,,160397804,103,,,1
2018-07-03,6024,群益期,twse,64.60,64.60,63.00,63.60,306483,19460213,-0.4,,160397804,230,,,1
2018-07-04,6024,群益期,twse,63.80,63.80,62.90,63.40,219933,13887779,-0.2,,160397804,150,,,1
2018-07-05,6024,群益期,twse,63.80,63.80,61.00,61.40,762134,47176767,-2.0,,160397804,523,,,1
2018-07-06,6024,群益期,twse,60.00,60.40,56.80,60.30,1793670,104835831,-1.1,,160397804,1198,,,1
2018-07-09,6024,群益期,twse,59.50,60.20,59.10,59.60,420681,25110660,-0.7,,160397804,298,,,1
2018-07-10,6024,群益期,twse,59.60,60.20,59.60,59.90,407744,24450511,0.3,,160397804,207,,,1
2018-07-11,6024,群益期,twse,60.20,61.60,59.90,61.00,325214,19753461,1.1,,160397804,242,,,1
2018-07-12,6024,群益期,twse,61.00,61.40,60.90,61.00,141310,8638265,0.0,,160397804,111,,,1
2018-07-13,6024,群益期,twse,61.60,61.60,61.00,61.30,116747,7139888,0.3,,160397804,90,,,1
2018-07-16,6024,群益期,twse,61.10,61.10,60.40,60.40,216555,13148298,-0.9,,160397804,160,,,1
2018-07-17,6024,群益期,twse,61.20,61.20,60.20,60.50,138444,8382594,0.1,,160397804,116,,,1
2018-07-18,6024,群益期,twse,60.50,60.70,60.30,60.60,215677,13046727,0.1,,160397804,129,,,1
2018-07-19,6024,群益期,twse,60.70,60.70,60.40,60.60,100520,6090722,0.0,,160397804,71,,,1
2018-07-20,6024,群益期,twse,60.80,60.80,60.00,60.20,185912,11196975,-0.4,,160397804,144,,,1
2018-07-23,6024,群益期,twse,60.00,60.40,59.10,59.10,375844,22350540,-1.1,,160397804,293,,,1
2018-07-24,6024,群益期,twse,59.20,59.90,59.20,59.80,107922,6424920,0.7,,160397804,102,,,1
2018-07-25,6024,群益期,twse,59.60,60.30,59.30,59.80,249876,14958581,0.0,,160397804,207,,,1
2018-07-26,6024,群益期,twse,60.40,61.10,60.10,61.10,210653,12765925,1.3,,160397804,160,,,1
2018-07-27,6024,群益期,twse,61.20,61.40,60.60,61.00,181887,11085682,-0.1,,160397804,150,,,1
2018-07-30,6024,群益期,twse,61.00,61.00,60.20,60.70,213970,12948975,-0.3,,160397804,160,,,1
2018-07-31,6024,群益期,twse,61.20,61.20,60.40,60.70,111766,6770347,0.0,,160397804,95,,,1
2018-08-01,6024,群益期,twse,60.70,60.80,60.50,60.80,184673,11206953,0.1,,160397804,130,,,1
2018-08-02,6024,群益期,twse,60.90,61.00,60.10,60.20,533209,32220849,-0.6,,160397804,320,,,1
2018-08-03,6024,群益期,twse,55.70,56.20,55.50,55.60,596290,33262577,0.0,,160397804,427,,,1
2018-08-06,6024,群益期,twse,55.70,55.80,55.50,55.50,181146,10081824,-0.1,,160397804,147,,,1
2018-08-07,6024,群益期,twse,54.90,54.90,52.50,53.70,1425728,75999730,-1.8,,160397804,1005,,,1
2018-08-08,6024,群益期,twse,53.80,54.20,53.70,54.00,264899,14273532,0.3,,160397804,217,,,1
2018-08-09,6024,群益期,twse,54.30,54.50,54.00,54.20,212940,11557642,0.2,,160397804,143,,,1
2018-08-10,6024,群益期,twse,54.20,54.30,53.80,53.90,319105,17237490,-0.3,,160397804,178,,,1
2018-08-13,6024,群益期,twse,53.90,54.00,52.50,53.30,400988,21273454,-0.6,,160397804,285,,,1
2018-08-14,6024,群益期,twse,53.30,53.30,52.50,52.70,469354,24746401,-0.6,,160397804,251,,,1
2018-08-15,6024,群益期,twse,52.70,53.20,52.30,52.60,259982,13700346,-0.1,,160397804,193,,,1
2018-08-16,6024,群益期,twse,52.40,52.70,52.20,52.40,279788,14652546,-0.2,,160397804,194,,,1
2018-08-17,6024,群益期,twse,52.40,52.90,52.40,52.70,214593,11290608,0.3,,160397804,188,,,1
2018-08-20,6024,群益期,twse,52.70,52.70,51.90,52.30,249097,12992192,-0.4,,160397804,206,,,1
2018-08-21,6024,群益期,twse,52.20,52.30,51.90,52.10,207841,10822351,-0.2,,160397804,155,,,1
2018-08-22,6024,群益期,twse,52.00,52.00,51.70,51.90,223450,11581790,-0.2,,160397804,170,,,1
2018-08-23,6024,群益期,twse,51.80,51.80,50.90,51.30,326758,16763937,-0.6,,160397804,225,,,1
2018-08-24,6024,群益期,twse,51.30,51.40,50.60,50.60,244470,12432362,-0.7,,160397804,187,,,1
2018-08-27,6024,群益期,twse,50.70,52.10,50.50,51.90,201796,10352592,1.3,,176437584,155,,,1
2018-08-28,6024,群益期,twse,52.00,54.30,52.00,54.00,676553,36151862,2.1,,176437584,435,,,1
2018-08-29,6024,群益期,twse,54.10,54.70,53.50,54.70,332003,18020159,0.7,,176437584,275,,,1
2018-08-30,6024,群益期,twse,55.00,55.00,53.90,54.00,227902,12389208,-0.7,,176437584,199,,,1
2018-08-31,6024,群益期,twse,54.00,54.70,53.50,54.60,216301,11755693,0.6,,176437584,195,,,1
2018-09-03,6024,群益期,twse,54.60,54.60,53.50,53.70,196693,10591322,-0.9,,176437584,161,,,1
2018-09-04,6024,群益期,twse,53.90,54.30,53.80,53.90,100591,5431914,0.2,,176437584,75,,,1
2018-09-05,6024,群益期,twse,53.90,54.30,53.50,54.10,226016,12200066,0.2,,176437584,179,,,1
2018-09-06,6024,群益期,twse,53.90,54.40,53.60,54.10,170656,9230654,0.0,,176437584,142,,,1
2018-09-07,6024,群益期,twse,53.90,54.00,52.80,53.60,215801,11577290,-0.5,,176437584,203,,,1
2018-09-10,6024,群益期,twse,53.60,53.70,52.00,52.20,842591,44506425,-1.4,,176437584,221,,,1
2018-09-11,6024,群益期,twse,52.20,53.00,51.80,52.50,708623,37445304,0.3,,176437584,121,,,1
2018-09-12,6024,群益期,twse,52.30,52.70,52.00,52.70,188389,9848464,0.2,,176437584,176,,,1
2018-09-13,6024,群益期,twse,52.70,53.30,52.60,53.20,204717,10849561,0.5,,176437584,167,,,1
2018-09-14,6024,群益期,twse,53.30,53.40,52.80,53.40,133078,7072545,0.2,,176437584,145,,,1
2018-09-17,6024,群益期,twse,53.40,53.60,52.80,53.00,131013,6971989,-0.4,,176437584,91,,,1
2018-09-18,6024,群益期,twse,52.60,53.00,52.40,52.50,144387,7588812,-0.5,,176437584,144,,,1
2018-09-19,6024,群益期,twse,52.60,53.10,52.60,52.80,93227,4929680,0.3,,176437584,111,,,1
2018-09-20,6024,群益期,twse,52.80,53.00,51.80,52.10,170142,8915006,-0.7,,176437584,143,,,1
2018-09-21,6024,群益期,twse,52.10,52.40,51.50,51.60,288729,14966927,-0.5,,176437584,226,,,1
2018-09-25,6024,群益期,twse,51.50,51.50,51.20,51.20,227010,11640397,-0.4,,176437584,209,,,1
2018-09-26,6024,群益期,twse,51.10,51.60,51.10,51.30,195811,10056065,0.1,,176437584,148,,,1
2018-09-27,6024,群益期,twse,51.30,51.30,50.80,50.80,294706,15037014,-0.5,,176437584,194,,,1
2018-09-28,6024,群益期,twse,50.80,51.20,50.50,50.90,248700,12618210,0.1,,176437584,195,,,1
2018-10-01,6024,群益期,twse,50.80,51.40,50.80,51.40,75989,3891629,0.5,,176437584,79,,,1
2018-10-02,6024,群益期,twse,51.30,51.30,50.60,50.90,180473,9163810,-0.5,,176437584,171,,,1
2018-10-03,6024,群益期,twse,50.70,50.90,50.50,50.90,109132,5530656,0.0,,176437584,88,,,1
2018-10-04,6024,群益期,twse,50.70,50.70,50.40,50.50,133428,6740528,-0.4,,176437584,98,,,1
2018-10-05,6024,群益期,twse,50.50,50.50,49.25,49.90,477351,23745866,-0.6,,176437584,318,,,1
2018-10-08,6024,群益期,twse,48.85,48.85,45.90,46.00,1868231,87733977,-3.9,,176437584,1191,,,1
2018-10-09,6024,群益期,twse,45.80,45.80,43.80,43.90,1054072,46970409,-2.1,,176437584,792,,,1
2018-10-11,6024,群益期,twse,40.50,41.60,39.55,41.00,2302380,92816314,-2.9,,176437584,1252,,,1
2018-10-12,6024,群益期,twse,41.50,44.35,41.00,44.00,874103,37217533,3.0,,176437584,642,,,1
2018-10-15,6024,群益期,twse,43.95,44.70,42.95,44.70,454042,19956018,0.7,,176437584,342,,,1
2018-10-16,6024,群益期,twse,44.10,44.90,43.70,43.95,262732,11585503,-0.75,,176437584,206,,,1
2018-10-17,6024,群益期,twse,44.55,44.60,43.20,43.65,361572,15860118,-0.3,,176437584,219,,,1
2018-10-18,6024,群益期,twse,44.00,44.00,42.50,42.90,266469,11433107,-0.75,,176437584,219,,,1
2018-10-19,6024,群益期,twse,42.50,44.50,41.40,44.50,660840,28581225,1.6,,176437584,358,,,1
2018-10-22,6024,群益期,twse,43.30,44.20,42.80,44.15,199699,8719527,-0.35,,176437584,155,,,1
2018-10-23,6024,群益期,twse,43.95,43.95,42.35,42.75,432523,18521404,-1.4,,176437584,275,,,1
2018-10-24,6024,群益期,twse,42.90,42.90,41.90,42.25,167716,7077289,-0.5,,176437584,129,,,1
2018-10-25,6024,群益期,twse,41.00,41.40,40.80,41.35,469283,19265723,-0.9,,176437584,309,,,1
2018-10-26,6024,群益期,twse,41.50,42.20,40.65,40.70,281271,11523028,-0.65,,176437584,230,,,1
2018-10-29,6024,群益期,twse,40.80,41.30,40.60,41.25,254065,10393023,0.55,,176437584,155,,,1
2018-10-30,6024,群益期,twse,41.25,41.30,40.65,41.10,269200,11024388,-0.15,,176437584,158,,,1
2018-10-31,6024,群益期,twse,41.65,42.00,41.00,41.40,234458,9715352,0.3,,176437584,147,,,1
2018-11-01,6024,群益期,twse,41.30,42.00,41.25,42.00,298494,12408748,0.6,,176437584,185,,,1
2018-11-02,6024,群益期,twse,42.50,42.50,41.80,42.45,293818,12406693,0.45,,176437584,195,,,1
2018-11-05,6024,群益期,twse,42.30,42.45,41.90,42.10,162017,6817923,-0.35,,176437584,116,,,1
2018-11-06,6024,群益期,twse,42.20,42.20,41.80,41.80,153782,6444726,-0.3,,176437584,121,,,1
2018-11-07,6024,群益期,twse,39.70,40.95,39.40,40.65,1226393,49190466,-1.15,,176437584,641,,,1
2018-11-08,6024,群益期,twse,40.95,41.20,40.80,41.00,404478,16571348,0.35,,176437584,278,,,1
2018-11-09,6024,群益期,twse,41.00,41.05,40.50,41.05,120800,4935209,0.05,,176437584,114,,,1
2018-11-12,6024,群益期,twse,41.05,41.50,41.00,41.00,102400,4214629,-0.05,,176437584,83,,,1
2018-11-13,6024,群益期,twse,40.60,40.85,40.05,40.75,142250,5782748,-0.25,,176437584,95,,,1
2018-11-14,6024,群益期,twse,40.70,41.10,40.70,41.00,150933,6155339,0.25,,176437584,93,,,1
2018-11-15,6024,群益期,twse,41.00,41.65,40.90,41.55,142100,5870070,0.55,,176437584,110,,,1
2018-11-16,6024,群益期,twse,41.55,41.90,41.55,41.90,131988,5517091,0.35,,176437584,108,,,1
2018-11-19,6024,群益期,twse,41.85,42.40,41.85,42.40,153831,6483663,0.5,,176437584,111,,,1
2018-11-20,6024,群益期,twse,42.40,42.40,41.75,42.20,129165,5426043,-0.2,,176437584,109,,,1
2018-11-21,6024,群益期,twse,41.90,42.00,41.55,41.85,118720,4956690,-0.35,,176437584,74,,,1
2018-11-22,6024,群益期,twse,41.85,41.90,41.25,41.55,185977,7724184,-0.3,,176437584,126,,,1
2018-11-23,6024,群益期,twse,41.60,41.60,41.15,41.20,83500,3446074,-0.35,,176437584,61,,,1
2018-11-26,6024,群益期,twse,41.20,41.75,41.15,41.65,150400,6241977,0.45,,176437584,88,,,1
2018-11-27,6024,群益期,twse,41.70,41.70,41.40,41.60,97616,4055548,-0.05,,176437584,68,,,1
2018-11-28,6024,群益期,twse,41.65,42.15,41.55,42.05,124520,5217011,0.45,,176437584,111,,,1
2018-11-29,6024,群益期,twse,42.20,42.45,41.80,41.85,184527,7774334,-0.2,,176437584,128,,,1
2018-11-30,6024,群益期,twse,42.35,42.60,42.10,42.20,178581,7559979,0.35,,176437584,128,,,1
2018-12-03,6024,群益期,twse,42.70,43.45,42.70,43.40,507700,21933278,1.2,,176437584,323,,,1
2018-12-04,6024,群益期,twse,43.40,43.40,42.45,42.70,395720,16887038,-0.7,,176437584,324,,,1
2018-12-05,6024,群益期,twse,42.50,42.50,42.10,42.20,210400,8896650,-0.5,,176437584,119,,,1
2018-12-06,6024,群益期,twse,42.30,42.30,41.20,41.35,260100,10828458,-0.85,,176437584,192,,,1
2018-12-07,6024,群益期,twse,41.70,42.25,41.70,42.00,230494,9661148,0.65,,176437584,142,,,1
2018-12-10,6024,群益期,twse,42.00,42.10,41.45,41.80,145851,6090442,-0.2,,176437584,124,,,1
2018-12-11,6024,群益期,twse,42.20,42.20,41.00,41.40,334485,13809224,-0.4,,176437584,215,,,1
2018-12-12,6024,群益期,twse,41.50,41.95,41.50,41.80,138306,5780116,0.4,,176437584,101,,,1
2018-12-13,6024,群益期,twse,42.00,42.50,42.00,42.25,283078,11946753,0.45,,176437584,167,,,1
2018-12-14,6024,群益期,twse,42.30,42.35,42.00,42.25,120110,5064608,0.0,,176437584,97,,,1
2018-12-17,6024,群益期,twse,42.25,42.40,41.80,42.20,152890,6435646,-0.05,,176437584,110,,,1
2018-12-18,6024,群益期,twse,42.20,42.30,41.95,42.10,167760,7067792,-0.1,,176437584,124,,,1
2018-12-19,6024,群益期,twse,42.90,43.40,42.60,42.95,515678,22145691,0.85,,176437584,392,,,1
2018-12-20,6024,群益期,twse,43.05,44.50,42.90,44.00,940247,41226542,1.05,,176437584,661,,,1
2018-12-21,6024,群益期,twse,44.00,46.50,43.90,45.65,1217262,55213932,1.65,,176437584,855,,,1
2018-12-22,6024,群益期,twse,46.20,46.25,44.85,45.60,253860,11544063,-0.05,,176437584,200,,,1
2018-12-24,6024,群益期,twse,45.60,45.95,45.05,45.50,299078,13559793,-0.1,,176437584,247,,,1
2018-12-25,6024,群益期,twse,45.20,45.20,43.50,44.60,633588,28018856,-0.9,,176437584,452,,,1
2018-12-26,6024,群益期,twse,44.65,45.30,44.20,44.65,314606,14092486,0.05,,176437584,218,,,1
2018-12-27,6024,群益期,twse,45.15,45.20,44.50,44.65,260842,11656686,0.0,,176437584,202,,,1
2018-12-28,6024,群益期,twse,44.45,45.15,44.45,45.15,257365,11570356,0.5,,176437584,173,,,1
2019-01-02,6024,群益期,twse,45.50,45.95,45.30,45.85,369687,16923009,0.7,,176437584,261,,,1
2019-01-03,6024,群益期,twse,45.85,48.00,45.85,47.30,955065,45050460,1.45,,176437584,619,,,1
2019-01-04,6024,群益期,twse,47.30,47.30,46.30,46.95,239793,11222671,-0.35,,176437584,203,,,1
2019-01-07,6024,群益期,twse,47.30,47.45,47.10,47.15,185451,8761133,0.2,,176437584,164,,,1
2019-01-08,6024,群益期,twse,47.00,47.00,45.80,46.20,748590,34518884,-0.95,,176437584,466,,,1
2019-01-09,6024,群益期,twse,46.00,46.60,45.60,46.60,607240,27933804,0.4,,176437584,385,,,1
2019-01-10,6024,群益期,twse,46.60,46.60,46.00,46.30,231630,10700406,-0.3,,176437584,167,,,1
2019-01-11,6024,群益期,twse,46.30,46.35,46.00,46.25,204689,9439426,-0.05,,176437584,158,,,1
2019-01-14,6024,群益期,twse,46.25,46.25,46.00,46.10,113510,5228333,-0.15,,176437584,103,,,1
2019-01-15,6024,群益期,twse,46.10,46.20,45.95,46.20,128720,5930735,0.1,,176437584,96,,,1
2019-01-16,6024,群益期,twse,46.20,46.20,45.75,45.80,232800,10686650,-0.4,,176437584,168,,,1
2019-01-17,6024,群益期,twse,45.80,47.50,45.80,47.00,415549,19454703,1.2,,176437584,319,,,1
2019-01-18,6024,群益期,twse,47.40,48.00,46.75,48.00,487101,23198733,1.0,,176437584,365,,,1
2019-01-21,6024,群益期,twse,48.00,48.45,48.00,48.05,234739,11304854,0.05,,176437584,171,,,1
2019-01-22,6024,群益期,twse,48.00,48.00,47.20,47.55,280316,13295240,-0.5,,176437584,199,,,1
2019-01-23,6024,群益期,twse,47.00,47.95,47.00,47.85,187450,8927631,0.3,,176437584,134,,,1
2019-01-24,6024,群益期,twse,47.75,48.15,47.75,47.90,139400,6681400,0.05,,176437584,102,,,1
2019-01-25,6024,群益期,twse,47.90,48.15,47.45,47.80,313409,14972346,-0.1,,176437584,212,,,1
2019-01-28,6024,群益期,twse,48.20,48.20,47.65,47.65,113117,5409116,-0.15,,176437584,93,,,1
2019-01-29,6024,群益期,twse,47.45,47.60,47.10,47.50,114360,5420952,-0.15,,176437584,109,,,1
2019-01-30,6024,群益期,twse,48.10,48.10,47.30,47.65,225776,10742678,0.15,,176437584,142,,,1
2019-02-11,6024,群益期,twse,47.65,48.20,47.65,48.20,173200,8303925,0.55,,176437584,138,,,1
2019-02-12,6024,群益期,twse,48.10,48.20,47.85,48.15,224065,10776224,-0.05,,176437584,143,,,1
2019-02-13,6024,群益期,twse,48.20,48.20,47.80,48.20,139077,6674407,0.05,,176437584,100,,,1
2019-02-14,6024,群益期,twse,48.00,48.15,47.90,48.05,382101,18354954,-0.15,,176437584,88,,,1
2019-02-15,6024,群益期,twse,47.50,47.50,46.45,46.50,744603,34775083,-1.55,,176437584,495,,,1
2019-02-18,6024,群益期,twse,46.90,46.90,45.80,46.25,355556,16386350,-0.25,,176437584,282,,,1
2019-02-19,6024,群益期,twse,46.05,46.25,45.95,46.20,198800,9163035,-0.05,,176437584,158,,,1
2019-02-20,6024,群益期,twse,46.20,46.75,46.20,46.60,209161,9726815,0.4,,176437584,177,,,1
2019-02-21,6024,群益期,twse,46.60,46.60,46.25,46.40,153200,7105106,-0.2,,176437584,125,,,1
2019-02-22,6024,群益期,twse,46.50,46.60,46.30,46.40,142600,6623998,0.0,,176437584,107,,,1
2019-02-25,6024,群益期,twse,46.80,47.00,46.55,46.95,172100,8059400,0.55,,176437584,143,,,1
2019-02-26,6024,群益期,twse,47.00,47.00,46.65,46.95,157453,7365413,0.0,,176437584,119,,,1
2019-02-27,6024,群益期,twse,46.60,46.75,46.45,46.65,158535,7383695,-0.3,,176437584,114,,,1
2019-03-04,6024,群益期,twse,46.70,47.00,46.65,46.95,161243,7552695,0.3,,176437584,150,,,1
2019-03-05,6024,群益期,twse,46.95,46.95,46.55,46.85,148150,6926529,-0.1,,176437584,145,,,1
2019-03-06,6024,群益期,twse,46.85,46.95,46.60,46.60,265321,12403999,-0.25,,176437584,210,,,1
2019-03-07,6024,群益期,twse,46.60,46.85,46.40,46.60,185067,8621425,0.0,,176437584,159,,,1
2019-03-08,6024,群益期,twse,46.15,46.15,45.50,45.60,594472,27171612,-1.0,,176437584,411,,,1
2019-03-11,6024,群益期,twse,45.60,45.60,44.95,45.40,287274,12984211,-0.2,,176437584,239,,,1
2019-03-12,6024,群益期,twse,45.35,45.90,45.35,45.45,206610,9409362,0.05,,176437584,170,,,1
2019-03-13,6024,群益期,twse,45.50,45.50,45.15,45.20,230539,10439367,-0.25,,176437584,192,,,1
2019-03-14,6024,群益期,twse,45.30,45.35,44.85,45.00,383490,17267768,-0.2,,176437584,286,,,1
2019-03-15,6024,群益期,twse,44.95,45.00,44.70,44.95,295461,13243095,-0.05,,176437584,220,,,1
2019-03-18,6024,群益期,twse,45.00,45.75,44.95,45.65,262829,11956837,0.7,,176437584,218,,,1
2019-03-19,6024,群益期,twse,45.85,45.85,45.60,45.65,139205,6360375,0.0,,176437584,123,,,1
2019-03-20,6024,群益期,twse,45.70,46.00,45.65,46.00,188776,8645096,0.35,,176437584,135,,,1
2019-03-21,6024,群益期,twse,46.10,46.35,46.00,46.35,259327,11984918,0.35,,176437584,184,,,1
2019-03-22,6024,群益期,twse,46.40,46.50,46.25,46.45,194426,9019057,0.1,,176437584,136,,,1
2019-03-25,6024,群益期,twse,45.85,46.20,45.85,46.00,226790,10436841,-0.45,,176437584,154,,,1
2019-03-26,6024,群益期,twse,45.70,46.15,45.70,45.95,145300,6677300,-0.05,,176437584,92,,,1
2019-03-27,6024,群益期,twse,45.95,46.00,45.80,45.95,156079,7163984,0.0,,176437584,76,,,1
2019-03-28,6024,群益期,twse,46.75,47.30,46.20,47.15,994854,46657072,1.2,,176437584,615,,,1
2019-03-29,6024,群益期,twse,47.30,47.35,46.70,47.05,358299,16852177,-0.1,,176437584,260,,,1
2019-04-01,6024,群益期,twse,47.10,47.15,46.90,46.90,402943,18933555,-0.15,,176437584,225,,,1
2019-04-02,6024,群益期,twse,47.00,47.05,46.90,46.95,218205,10245763,0.05,,176437584,140,,,1
2019-04-03,6024,群益期,twse,47.00,47.85,47.00,47.75,561037,26547459,0.8,,176437584,343,,,1
2019-04-08,6024,群益期,twse,48.00,48.90,48.00,48.55,796729,38683429,0.8,,176437584,477,,,1
2019-04-09,6024,群益期,twse,48.10,48.70,47.80,48.10,580692,27933379,-0.45,,176437584,346,,,1
2019-04-10,6024,群益期,twse,48.10,48.40,48.05,48.10,217433,10461474,0.0,,176437584,151,,,1
2019-04-11,6024,群益期,twse,48.10,48.40,47.95,48.05,382960,18432425,-0.05,,176437584,221,,,1
2019-04-12,6024,群益期,twse,48.10,48.10,47.80,47.85,204019,9768056,-0.2,,176437584,120,,,1
2019-04-15,6024,群益期,twse,47.90,48.00,47.75,47.95,235123,11249654,0.1,,176437584,171,,,1
2019-04-16,6024,群益期,twse,47.90,47.90,47.65,47.75,187229,8940893,-0.2,,176437584,145,,,1
2019-04-17,6024,群益期,twse,47.90,47.90,47.50,47.60,194900,9285486,-0.15,,176437584,163,,,1
2019-04-18,6024,群益期,twse,47.60,47.60,47.20,47.20,275971,13063772,-0.4,,176437584,208,,,1
2019-04-19,6024,群益期,twse,47.20,47.60,47.20,47.45,137540,6519330,0.25,,176437584,93,,,1
2019-04-22,6024,群益期,twse,47.45,47.80,47.45,47.60,138332,6581659,0.15,,176437584,117,,,1
2019-04-23,6024,群益期,twse,47.60,47.60,47.45,47.45,149152,7089412,-0.15,,176437584,118,,,1
2019-04-24,6024,群益期,twse,47.50,47.60,47.45,47.55,112729,5356044,0.1,,176437584,87,,,1
2019-04-25,6024,群益期,twse,47.45,47.65,47.40,47.45,168542,7994766,-0.1,,176437584,88,,,1
2019-04-26,6024,群益期,twse,47.45,47.45,47.20,47.40,134244,6349961,-0.05,,176437584,107,,,1
2019-04-29,6024,群益期,twse,47.20,47.65,47.20,47.55,183503,8689151,0.15,,176437584,146,,,1
2019-04-30,6024,群益期,twse,47.60,47.85,47.60,47.80,124332,5934136,0.25,,176437584,103,,,1
2019-05-02,6024,群益期,twse,47.90,48.20,47.90,48.05,164223,7890180,0.25,,176437584,124,,,1
2019-05-03,6024,群益期,twse,48.00,48.00,47.80,47.95,166175,7958650,-0.1,,176437584,123,,,1
2019-05-06,6024,群益期,twse,47.95,47.95,47.50,47.60,271008,12920581,-0.35,,176437584,217,,,1
2019-05-07,6024,群益期,twse,47.60,47.75,47.50,47.65,148900,7086480,0.05,,176437584,106,,,1
2019-05-08,6024,群益期,twse,47.50,47.50,47.15,47.40,351558,16633245,-0.25,,176437584,232,,,1
2019-05-09,6024,群益期,twse,47.40,47.40,46.85,46.90,407084,19133184,-0.5,,176437584,257,,,1
2019-05-10,6024,群益期,twse,46.90,47.00,45.30,46.00,795697,36678864,-0.9,,176437584,500,,,1
2019-05-13,6024,群益期,twse,46.00,46.00,45.35,45.55,296242,13501256,-0.45,,176437584,220,,,1
2019-05-14,6024,群益期,twse,45.55,45.75,45.00,45.70,300410,13622710,0.15,,176437584,203,,,1
2019-05-15,6024,群益期,twse,45.85,45.95,45.75,45.80,219100,10048287,0.1,,176437584,146,,,1
2019-05-16,6024,群益期,twse,45.80,45.85,45.60,45.80,129325,5915200,0.0,,176437584,104,,,1
2019-05-17,6024,群益期,twse,45.80,45.90,45.55,45.70,248494,11361674,-0.1,,176437584,147,,,1
2019-05-20,6024,群益期,twse,45.85,45.85,45.50,45.70,161081,7345905,0.0,,176437584,127,,,1
2019-05-21,6024,群益期,twse,45.75,46.50,45.70,46.50,240391,11073845,0.8,,176437584,186,,,1
2019-05-22,6024,群益期,twse,46.50,46.60,46.30,46.50,151903,7055913,0.0,,176437584,98,,,1
2019-05-23,6024,群益期,twse,46.50,46.50,46.15,46.30,101650,4702575,-0.2,,176437584,90,,,1
2019-05-24,6024,群益期,twse,46.55,46.90,46.40,46.80,199708,9320803,0.5,,176437584,125,,,1
2019-05-27,6024,群益期,twse,46.95,47.50,46.80,47.50,266016,12531652,0.7,,176437584,216,,,1
2019-05-28,6024,群益期,twse,47.50,47.70,47.30,47.45,145015,6885020,-0.05,,176437584,119,,,1
2019-05-29,6024,群益期,twse,47.35,47.45,47.15,47.30,125103,5917655,-0.15,,176437584,93,,,1
2019-05-30,6024,群益期,twse,47.30,47.40,47.10,47.15,160463,7574679,-0.15,,176437584,105,,,1
2019-05-31,6024,群益期,twse,47.50,47.50,47.15,47.20,253600,11987834,0.05,,176437584,198,,,1
2019-06-03,6024,群益期,twse,47.20,47.20,46.90,47.10,135660,6377562,-0.1,,176437584,105,,,1
2019-06-04,6024,群益期,twse,47.30,47.80,47.30,47.55,323992,15434764,0.45,,176437584,234,,,1
2019-06-05,6024,群益期,twse,47.80,47.85,47.55,47.80,272316,12997090,0.25,,176437584,189,,,1
2019-06-06,6024,群益期,twse,47.90,48.00,47.80,47.80,312466,14965834,0.0,,176437584,206,,,1
2019-06-10,6024,群益期,twse,47.95,48.35,47.60,47.60,655527,31340329,-0.2,,176437584,358,,,1
2019-06-11,6024,群益期,twse,47.65,47.85,47.60,47.75,284924,13599066,0.15,,176437584,171,,,1
2019-06-12,6024,群益期,twse,47.95,48.00,47.80,47.95,274776,13162298,0.2,,176437584,209,,,1
2019-06-13,6024,群益期,twse,47.95,48.10,47.85,48.10,420168,20164033,0.15,,176437584,260,,,1
2019-06-14,6024,群益期,twse,48.10,48.15,47.95,47.95,295162,14186746,-0.15,,176437584,160,,,1
2019-06-17,6024,群益期,twse,47.95,48.05,47.90,47.95,407250,19537706,0.0,,176437584,216,,,1
2019-06-18,6024,群益期,twse,47.95,47.95,47.75,47.85,336761,16125728,-0.1,,176437584,174,,,1
2019-06-19,6024,群益期,twse,47.85,47.90,47.70,47.85,785804,37565804,0.0,,176437584,408,,,1
2019-06-20,6024,群益期,twse,47.80,47.85,47.70,47.75,876732,41871115,-0.1,,176437584,407,,,1
2019-06-21,6024,群益期,twse,47.80,47.95,47.80,47.80,1591290,76145211,0.05,,176437584,791,,,1
2019-06-24,6024,群益期,twse,44.60,45.20,44.55,45.10,1834815,82234685,0.0,,176437584,849,,,1
2019-06-25,6024,群益期,twse,45.15,45.45,44.90,45.00,480170,21645540,-0.1,,176437584,312,,,1
2019-06-26,6024,群益期,twse,45.10,45.20,44.95,45.00,246520,11108451,0.0,,176437584,150,,,1
2019-06-27,6024,群益期,twse,45.05,45.10,44.95,44.95,314030,14133609,-0.05,,176437584,220,,,1
2019-06-28,6024,群益期,twse,45.05,45.05,44.85,44.90,166856,7497420,-0.05,,176437584,149,,,1
2019-07-01,6024,群益期,twse,45.20,45.20,45.00,45.20,260095,11742498,0.3,,176437584,177,,,1
2019-07-02,6024,群益期,twse,45.20,45.35,45.10,45.35,243899,11040051,0.15,,176437584,166,,,1
2019-07-03,6024,群益期,twse,45.35,45.40,45.10,45.25,155340,7024667,-0.1,,176437584,108,,,1
2019-07-04,6024,群益期,twse,45.20,45.30,45.15,45.25,164141,7423535,0.0,,176437584,122,,,1
2019-07-05,6024,群益期,twse,45.25,45.30,45.15,45.25,160895,7277596,0.0,,176437584,116,,,1
2019-07-08,6024,群益期,twse,45.25,45.25,45.10,45.20,180649,8160162,-0.05,,176437584,109,,,1
2019-07-09,6024,群益期,twse,45.05,45.05,44.55,44.55,718640,32191769,-0.65,,176437584,462,,,1
2019-07-10,6024,群益期,twse,44.50,44.55,44.05,44.05,593558,26246635,-0.5,,176437584,417,,,1
2019-07-11,6024,群益期,twse,44.10,44.10,43.25,43.45,715550,31157286,-0.6,,176437584,533,,,1
2019-07-12,6024,群益期,twse,43.45,43.75,43.45,43.50,267790,11658925,0.05,,176437584,212,,,1
2019-07-15,6024,群益期,twse,43.60,43.60,43.00,43.00,535214,23084241,-0.5,,176437584,355,,,1
2019-07-16,6024,群益期,twse,43.00,43.30,42.95,43.15,221112,9547650,0.15,,176437584,178,,,1
2019-07-17,6024,群益期,twse,43.15,43.65,43.05,43.65,205279,8901119,0.5,,176437584,157,,,1
2019-07-18,6024,群益期,twse,43.65,43.65,43.35,43.35,117415,5103600,-0.3,,176437584,107,,,1
2019-07-19,6024,群益期,twse,43.30,43.60,43.25,43.55,466160,20285390,0.2,,176437584,132,,,1
2019-07-22,6024,群益期,twse,43.65,43.65,43.50,43.50,411425,17907003,-0.05,,176437584,98,,,1
2019-07-23,6024,群益期,twse,43.50,43.50,43.35,43.35,85536,3712064,-0.15,,176437584,65,,,1
2019-07-24,6024,群益期,twse,43.35,43.60,43.30,43.50,136909,5955740,0.15,,176437584,97,,,1
2019-07-25,6024,群益期,twse,43.50,43.70,43.50,43.70,89910,3921129,0.2,,176437584,77,,,1
2019-07-26,6024,群益期,twse,43.55,43.85,43.55,43.75,91889,4019743,0.05,,176437584,74,,,1
2019-07-29,6024,群益期,twse,43.75,43.80,43.75,43.80,460233,20153402,0.05,,176437584,97,,,1
2019-07-30,6024,群益期,twse,43.85,43.85,43.75,43.75,112355,4921670,-0.05,,176437584,71,,,1
2019-07-31,6024,群益期,twse,43.90,43.90,43.75,43.80,68234,2989596,0.05,,176437584,63,,,1
2019-08-01,6024,群益期,twse,43.75,43.85,43.70,43.70,406608,17778727,-0.1,,176437584,80,,,1
2019-08-02,6024,群益期,twse,43.70,43.75,43.15,43.15,552500,23915998,-0.55,,176437584,177,,,1
2019-08-05,6024,群益期,twse,43.15,43.15,42.70,42.70,316096,13564718,-0.45,,176437584,226,,,1
2019-08-06,6024,群益期,twse,42.00,42.70,41.35,42.65,183484,7732835,-0.05,,176437584,152,,,1
2019-08-07,6024,群益期,twse,42.65,43.30,42.65,43.00,68131,2930754,0.35,,176437584,52,,,1
2019-08-08,6024,群益期,twse,43.05,43.30,42.90,43.00,151000,6503248,0.0,,176437584,75,,,1
2019-08-12,6024,群益期,twse,43.00,43.60,43.00,43.45,175796,7605091,0.45,,176437584,104,,,1
2019-08-13,6024,群益期,twse,43.45,43.50,43.30,43.40,111272,4833081,-0.05,,176437584,75,,,1
2019-08-14,6024,群益期,twse,43.45,43.60,43.40,43.45,142600,6197266,0.05,,176437584,86,,,1
2019-08-15,6024,群益期,twse,43.40,43.40,42.90,43.00,182338,7858814,-0.45,,176437584,115,,,1
2019-08-16,6024,群益期,twse,43.00,43.20,43.00,43.10,70050,3018001,0.1,,176437584,59,,,1
2019-08-19,6024,群益期,twse,43.10,43.25,43.00,43.00,210552,9073110,-0.1,,176437584,120,,,1
2019-08-20,6024,群益期,twse,43.00,43.25,43.00,43.10,116965,5044188,0.1,,176437584,66,,,1
2019-08-21,6024,群益期,twse,43.10,43.25,43.05,43.05,114000,4917700,-0.05,,176437584,54,,,1
2019-08-22,6024,群益期,twse,43.05,43.10,42.90,42.95,198158,8528844,-0.1,,176437584,102,,,1
2019-08-23,6024,群益期,twse,42.95,43.10,42.95,42.95,164500,7071700,0.0,,176437584,78,,,1
2019-08-26,6024,群益期,twse,42.85,42.90,42.50,42.60,189532,8083413,-0.35,,176437584,133,,,1
2019-08-27,6024,群益期,twse,42.60,42.90,42.60,42.85,60600,2592769,0.25,,176437584,53,,,1
2019-08-28,6024,群益期,twse,42.80,43.70,42.75,43.70,180176,7804766,0.85,,176437584,141,,,1
2019-08-29,6024,群益期,twse,43.70,44.10,43.40,44.00,183749,8063489,0.3,,176437584,132,,,1
2019-08-30,6024,群益期,twse,44.00,44.05,43.70,43.85,117054,5136363,-0.15,,176437584,96,,,1
2019-09-02,6024,群益期,twse,43.85,44.00,43.70,43.95,96172,4218150,0.1,,176437584,66,,,1
2019-09-03,6024,群益期,twse,43.90,44.60,43.90,44.15,238217,10556124,0.2,,176437584,145,,,1
2019-09-04,6024,群益期,twse,44.20,44.20,44.00,44.05,100900,4451388,-0.1,,176437584,78,,,1
2019-09-05,6024,群益期,twse,43.90,44.10,43.80,43.95,82537,3625678,-0.1,,176437584,56,,,1
2019-09-06,6024,群益期,twse,44.05,44.05,43.90,43.95,100920,4436569,0.0,,176437584,62,,,1
2019-09-09,6024,群益期,twse,44.10,44.40,44.10,44.25,151756,6716764,0.3,,176437584,112,,,1
2019-09-10,6024,群益期,twse,44.25,44.25,43.95,44.20,104100,4584034,-0.05,,176437584,67,,,1
2019-09-11,6024,群益期,twse,44.20,44.20,43.90,43.95,55646,2448133,-0.25,,176437584,63,,,1
2019-09-12,6024,群益期,twse,44.00,44.00,43.85,43.95,98400,4321640,0.0,,176437584,69,,,1
2019-09-16,6024,群益期,twse,44.00,44.30,43.95,44.10,145600,6415849,0.15,,176437584,89,,,1
2019-09-17,6024,群益期,twse,44.00,44.35,44.00,44.20,123300,5445805,0.1,,176437584,100,,,1
2019-09-18,6024,群益期,twse,44.15,44.15,43.95,44.10,121320,5341210,-0.1,,176437584,83,,,1
2019-09-19,6024,群益期,twse,44.10,44.15,44.05,44.15,47730,2104765,0.05,,176437584,42,,,1
2019-09-20,6024,群益期,twse,44.10,44.10,43.90,44.00,112599,4951706,-0.15,,176437584,86,,,1
2019-09-23,6024,群益期,twse,43.90,44.00,43.50,43.80,173319,7592970,-0.2,,176437584,110,,,1
2019-09-24,6024,群益期,twse,43.90,43.90,43.80,43.85,51244,2247635,0.05,,176437584,46,,,1
2019-09-25,6024,群益期,twse,43.60,43.70,43.60,43.65,69537,3035165,-0.2,,176437584,53,,,1
2019-09-26,6024,群益期,twse,43.65,43.65,43.40,43.60,144685,6293013,-0.05,,176437584,101,,,1
2019-09-27,6024,群益期,twse,43.60,43.95,43.40,43.50,131819,5744725,-0.1,,176437584,88,,,1
2019-10-01,6024,群益期,twse,43.40,43.55,43.40,43.45,39365,1711341,-0.05,,176437584,37,,,1
2019-10-02,6024,群益期,twse,43.40,43.45,43.30,43.45,72000,3121098,0.0,,176437584,55,,,1
2019-10-03,6024,群益期,twse,43.45,43.90,43.45,43.45,61200,2662400,0.0,,176437584,47,,,1
2019-10-04,6024,群益期,twse,43.50,43.55,43.25,43.30,79000,3428100,-0.15,,176437584,61,,,1
2019-10-07,6024,群益期,twse,43.20,43.20,42.90,42.90,238716,10266038,-0.4,,176437584,177,,,1
2019-10-08,6024,群益期,twse,42.90,43.10,42.90,43.00,77300,3325037,0.1,,176437584,64,,,1
2019-10-09,6024,群益期,twse,43.00,43.00,42.80,42.80,84650,3626428,-0.2,,176437584,87,,,1
2019-10-14,6024,群益期,twse,43.00,43.25,42.75,43.00,138591,5960749,0.2,,176437584,109,,,1
2019-10-15,6024,群益期,twse,43.10,43.10,42.90,43.00,72928,3134594,0.0,,176437584,68,,,1
2019-10-16,6024,群益期,twse,43.00,43.00,42.85,43.00,109740,4713643,0.0,,176437584,100,,,1
2019-10-17,6024,群益期,twse,42.95,43.00,42.70,42.95,119188,5113584,-0.05,,176437584,82,,,1
2019-10-18,6024,群益期,twse,42.85,42.90,42.45,42.70,605600,25819859,-0.25,,176437584,330,,,1
2019-10-21,6024,群益期,twse,42.65,42.85,42.50,42.80,81781,3490810,0.1,,176437584,77,,,1
2019-10-22,6024,群益期,twse,42.95,43.10,42.80,42.95,79221,3405312,0.15,,176437584,68,,,1
2019-10-23,6024,群益期,twse,42.90,43.20,42.85,43.00,191331,8227014,0.05,,176437584,105,,,1
2019-10-24,6024,群益期,twse,43.10,43.20,43.00,43.10,139043,5990206,0.1,,176437584,85,,,1
2019-10-25,6024,群益期,twse,43.15,43.15,42.90,42.95,155265,6671445,-0.15,,176437584,107,,,1
2019-10-28,6024,群益期,twse,42.95,43.15,42.85,42.85,116197,4991309,-0.1,,176437584,78,,,1
2019-10-29,6024,群益期,twse,43.00,43.00,42.75,42.80,157562,6758657,-0.05,,176437584,86,,,1
2019-10-30,6024,群益期,twse,42.80,42.90,42.75,42.90,67853,2906534,0.1,,176437584,67,,,1
2019-10-31,6024,群益期,twse,42.90,42.95,42.80,42.95,93065,3988588,0.05,,176437584,71,,,1
2019-11-01,6024,群益期,twse,42.80,42.90,42.80,42.90,65800,2817908,-0.05,,176437584,52,,,1
2019-11-04,6024,群益期,twse,43.00,43.15,42.90,42.95,473818,20371643,0.05,,176437584,212,,,1
2019-11-05,6024,群益期,twse,43.10,43.25,42.85,43.10,257299,11078212,0.15,,176437584,163,,,1
2019-11-06,6024,群益期,twse,43.15,43.60,43.10,43.55,313298,13591986,0.45,,176437584,232,,,1
2019-11-07,6024,群益期,twse,43.60,44.00,43.60,43.85,347393,15229493,0.3,,176437584,235,,,1
2019-11-08,6024,群益期,twse,43.95,44.00,43.85,43.95,270550,11887125,0.1,,176437584,165,,,1
2019-11-11,6024,群益期,twse,44.10,44.10,43.50,43.50,174103,7609999,-0.45,,176437584,134,,,1
2019-11-12,6024,群益期,twse,43.50,43.60,43.35,43.55,100044,4349517,0.05,,176437584,78,,,1
2019-11-13,6024,群益期,twse,43.50,43.80,43.45,43.80,124213,5413225,0.25,,176437584,93,,,1
2019-11-14,6024,群益期,twse,43.80,43.80,43.50,43.75,162529,7083341,-0.05,,176437584,87,,,1
2019-11-15,6024,群益期,twse,43.95,44.40,43.60,44.40,308617,13620235,0.65,,176437584,216,,,1
2019-11-18,6024,群益期,twse,44.40,44.45,44.20,44.25,178949,7933138,-0.15,,176437584,121,,,1
2019-11-19,6024,群益期,twse,44.10,44.20,44.00,44.15,112692,4967598,-0.1,,176437584,77,,,1
2019-11-20,6024,群益期,twse,44.30,44.30,44.00,44.15,91136,4016801,0.0,,176437584,72,,,1
2019-11-21,6024,群益期,twse,44.15,44.25,43.95,44.15,157994,6965134,0.0,,176437584,87,,,1
2019-11-22,6024,群益期,twse,44.15,44.20,44.00,44.05,98369,4336697,-0.1,,176437584,71,,,1
2019-11-25,6024,群益期,twse,44.05,44.20,44.00,44.15,91287,4026497,0.1,,176437584,71,,,1
2019-11-26,6024,群益期,twse,44.25,44.30,44.10,44.20,57500,2541100,0.05,,176437584,47,,,1
2019-11-27,6024,群益期,twse,44.20,44.20,43.70,43.80,255794,11212444,-0.4,,176437584,162,,,1
2019-11-28,6024,群益期,twse,43.85,44.15,43.85,44.10,107433,4728131,0.3,,176437584,87,,,1
2019-11-29,6024,群益期,twse,44.00,44.00,43.25,43.35,595852,25942320,-0.75,,176437584,331,,,1
2019-12-02,6024,群益期,twse,43.30,43.30,42.80,42.90,334304,14356930,-0.45,,176437584,211,,,1
2019-12-03,6024,群益期,twse,42.90,43.10,42.85,42.95,192825,8280854,0.05,,176437584,125,,,1
2019-12-04,6024,群益期,twse,42.95,43.05,42.70,42.80,159500,6828800,-0.15,,176437584,112,,,1
2019-12-05,6024,群益期,twse,42.80,43.00,42.80,42.80,161941,6940713,0.0,,176437584,115,,,1
2019-12-06,6024,群益期,twse,42.80,43.05,42.80,42.95,97028,4160854,0.15,,176437584,71,,,1
2019-12-09,6024,群益期,twse,42.70,42.75,42.25,42.75,419147,17795109,-0.2,,176437584,276,,,1
2019-12-10,6024,群益期,twse,42.75,42.90,42.70,42.75,113989,4874724,0.0,,176437584,81,,,1
2019-12-11,6024,群益期,twse,42.75,42.90,42.75,42.90,86625,3708687,0.15,,176437584,72,,,1
2019-12-12,6024,群益期,twse,43.00,43.00,42.90,42.90,117349,5038068,0.0,,176437584,80,,,1
2019-12-13,6024,群益期,twse,42.90,43.00,42.90,42.95,95974,4124669,0.05,,176437584,77,,,1
2019-12-16,6024,群益期,twse,42.95,43.00,42.45,43.00,219400,9381850,0.05,,176437584,155,,,1
2019-12-17,6024,群益期,twse,43.00,43.10,42.85,43.00,132245,5683609,0.0,,176437584,95,,,1
2019-12-18,6024,群益期,twse,43.10,43.15,43.00,43.10,140212,6042287,0.1,,176437584,87,,,1
2019-12-19,6024,群益期,twse,43.15,43.15,43.00,43.00,118992,5118402,-0.1,,176437584,96,,,1
2019-12-20,6024,群益期,twse,43.00,43.10,42.95,43.05,93320,4016122,0.05,,176437584,43,,,1
2019-12-23,6024,群益期,twse,43.05,43.05,43.00,43.05,58421,2513128,0.0,,176437584,48,,,1
2019-12-24,6024,群益期,twse,43.05,43.05,42.90,42.95,82400,3539609,-0.1,,176437584,62,,,1
2019-12-25,6024,群益期,twse,42.95,43.30,42.95,43.20,104261,4490921,0.25,,176437584,73,,,1
2019-12-26,6024,群益期,twse,43.25,43.40,43.20,43.40,48500,2099998,0.2,,176437584,46,,,1
2019-12-27,6024,群益期,twse,43.50,43.55,43.40,43.50,82902,3605836,0.1,,176437584,76,,,1
2019-12-30,6024,群益期,twse,43.50,43.50,43.10,43.15,81121,3506283,-0.35,,176437584,80,,,1
2019-12-31,6024,群益期,twse,43.00,43.30,43.00,43.20,67119,2894552,0.05,,176437584,44,,,1
2020-01-02,6024,群益期,twse,43.25,43.50,43.25,43.45,99519,4319974,0.25,,176437584,76,,,1
2020-01-03,6024,群益期,twse,43.50,43.50,43.20,43.35,126193,5476342,-0.1,,176437584,87,,,1
2020-01-06,6024,群益期,twse,43.30,43.35,42.95,43.00,99016,4263942,-0.35,,176437584,82,,,1
2020-01-07,6024,群益期,twse,43.20,43.20,42.85,42.90,103698,4455814,-0.1,,176437584,77,,,1
2020-01-08,6024,群益期,twse,42.80,42.85,42.65,42.75,139991,5986312,-0.15,,176437584,112,,,1
2020-01-09,6024,群益期,twse,42.95,42.95,42.80,42.80,98032,4201097,0.05,,176437584,68,,,1
2020-01-10,6024,群益期,twse,42.80,43.20,42.80,43.10,94099,4046306,0.3,,176437584,77,,,1
2020-01-13,6024,群益期,twse,43.20,43.35,43.15,43.25,100117,4324412,0.15,,176437584,71,,,1
2020-01-14,6024,群益期,twse,43.30,43.30,43.25,43.25,131965,5711532,0.0,,176437584,76,,,1
2020-01-15,6024,群益期,twse,43.15,43.40,43.15,43.25,72088,3118060,0.0,,176437584,54,,,1
2020-01-16,6024,群益期,twse,43.25,43.30,43.15,43.30,53925,2331499,0.05,,176437584,55,,,1
2020-01-17,6024,群益期,twse,43.30,43.40,43.25,43.40,90160,3909859,0.1,,176437584,80,,,1
2020-01-20,6024,群益期,twse,43.45,43.50,43.40,43.45,146940,6384539,0.05,,176437584,127,,,1
2020-01-30,6024,群益期,twse,43.00,43.00,42.45,42.55,408855,17453167,-0.9,,176437584,291,,,1
2020-01-31,6024,群益期,twse,42.55,42.80,42.55,42.70,217365,9272587,0.15,,176437584,171,,,1
2020-02-03,6024,群益期,twse,42.50,42.50,41.55,42.10,249505,10455061,-0.6,,176437584,195,,,1
2020-02-04,6024,群益期,twse,42.20,42.50,42.00,42.50,107450,4540013,0.4,,176437584,94,,,1
2020-02-05,6024,群益期,twse,42.50,42.55,42.10,42.45,125200,5294350,-0.05,,176437584,90,,,1
2020-02-06,6024,群益期,twse,42.45,42.90,42.35,42.75,150124,6417132,0.3,,176437584,79,,,1
2020-02-07,6024,群益期,twse,42.55,42.55,42.35,42.45,88765,3764156,-0.3,,176437584,73,,,1
2020-02-10,6024,群益期,twse,42.20,42.70,42.10,42.70,152199,6424026,0.25,,176437584,92,,,1
2020-02-11,6024,群益期,twse,42.70,42.70,42.30,42.40,117450,4988829,-0.3,,176437584,93,,,1
2020-02-12,6024,群益期,twse,42.40,42.70,42.35,42.65,89490,3805665,0.25,,176437584,64,,,1
2020-02-13,6024,群益期,twse,42.65,42.95,42.65,42.85,123673,5299139,0.2,,176437584,94,,,1
2020-02-14,6024,群益期,twse,42.75,42.85,42.75,42.80,111500,4772345,-0.05,,176437584,96,,,1
2020-02-17,6024,群益期,twse,42.80,42.80,42.65,42.70,132100,5642033,-0.1,,176437584,88,,,1
2020-02-18,6024,群益期,twse,42.80,43.30,42.70,43.10,213850,9204881,0.4,,176437584,157,,,1
2020-02-19,6024,群益期,twse,43.10,43.55,43.10,43.45,188564,8192256,0.35,,176437584,149,,,1
2020-02-20,6024,群益期,twse,43.60,43.70,43.45,43.60,173810,7569986,0.15,,176437584,131,,,1
2020-02-21,6024,群益期,twse,43.55,43.60,43.40,43.40,210083,9140016,-0.2,,176437584,144,,,1
2020-02-24,6024,群益期,twse,43.40,43.40,42.90,42.95,207182,8913626,-0.45,,176437584,155,,,1
2020-02-25,6024,群益期,twse,42.40,43.00,42.40,42.95,157300,6720755,0.0,,176437584,103,,,1
2020-02-26,6024,群益期,twse,42.95,43.80,42.80,43.70,519030,22532051,0.75,,176437584,308,,,1
2020-02-27,6024,群益期,twse,43.90,43.90,43.25,43.30,410807,17893372,-0.4,,176437584,258,,,1
2020-03-02,6024,群益期,twse,43.00,43.85,42.80,43.70,651567,28283652,0.4,,176437584,443,,,1
2020-03-03,6024,群益期,twse,43.95,44.85,43.95,44.75,1116654,49470269,1.05,,176437584,620,,,1
2020-03-04,6024,群益期,twse,43.00,43.90,42.80,43.10,1070001,46141742,0.0,,176437584,547,,,1
2020-03-05,6024,群益期,twse,43.30,43.30,42.85,42.90,293550,12616804,-0.2,,176437584,185,,,1
2020-03-06,6024,群益期,twse,42.90,43.00,42.60,42.70,207887,8886208,-0.2,,176437584,159,,,1
2020-03-09,6024,群益期,twse,42.50,42.50,41.50,41.55,536490,22459029,-1.15,,176437584,383,,,1
2020-03-10,6024,群益期,twse,41.00,42.05,40.85,41.90,400047,16549927,0.35,,176437584,300,,,1
2020-03-11,6024,群益期,twse,42.05,42.05,40.55,40.85,499689,20583817,-1.05,,176437584,388,,,1
2020-03-12,6024,群益期,twse,40.30,40.35,38.50,38.60,1010112,39640898,-2.25,,176437584,664,,,1
2020-03-13,6024,群益期,twse,36.90,36.95,35.60,36.95,977779,35420686,-1.65,,176437584,678,,,1
2020-03-16,6024,群益期,twse,36.95,37.00,35.00,35.40,964807,34655188,-1.55,,176437584,616,,,1
2020-03-17,6024,群益期,twse,34.50,35.25,34.40,35.00,596519,20763659,-0.4,,176437584,375,,,1
2020-03-18,6024,群益期,twse,35.10,35.45,34.40,34.40,573227,19902573,-0.6,,176437584,390,,,1
2020-03-19,6024,群益期,twse,34.20,34.20,31.70,31.95,1669340,54359341,-2.45,,176437584,944,,,1
2020-03-20,6024,群益期,twse,33.70,34.90,33.70,34.65,790713,27306393,2.7,,176437584,522,,,1
2020-03-23,6024,群益期,twse,33.95,34.30,33.50,33.90,543530,18470179,-0.75,,176437584,335,,,1
2020-03-24,6024,群益期,twse,34.75,35.30,34.50,35.00,360325,12620902,1.1,,176437584,255,,,1
2020-03-25,6024,群益期,twse,36.20,36.20,35.25,35.40,511726,18292168,0.4,,176437584,361,,,1
2020-03-26,6024,群益期,twse,35.60,35.65,35.00,35.40,293495,10387742,0.0,,176437584,207,,,1
2020-03-27,6024,群益期,twse,35.50,35.60,34.85,34.90,732947,25825632,-0.5,,210437584,463,,,1
2020-03-30,6024,群益期,twse,34.40,34.90,34.30,34.65,240528,8302980,-0.25,,210437584,174,,,1
2020-03-31,6024,群益期,twse,34.50,34.70,34.30,34.35,1000320,34536533,-0.3,,210437584,421,,,1
2020-04-01,6024,群益期,twse,34.40,34.40,34.15,34.35,236984,8125447,0.0,,210437584,156,,,1
2020-04-06,6024,群益期,twse,33.95,34.35,33.70,34.25,486940,16596778,-0.1,,210437584,294,,,1
2020-04-07,6024,群益期,twse,34.70,34.70,34.30,34.40,578064,19877102,0.15,,210437584,315,,,1
2020-04-08,6024,群益期,twse,34.50,35.40,34.45,35.20,943431,32957086,0.8,,210437584,475,,,1
2020-04-09,6024,群益期,twse,35.95,36.05,35.40,35.75,856847,30641614,0.55,,210437584,472,,,1
2020-04-10,6024,群益期,twse,35.70,37.20,35.55,37.10,864030,31252413,1.35,,210437584,528,,,1
2020-04-13,6024,群益期,twse,37.00,37.00,36.15,36.20,638327,23234661,-0.9,,210437584,422,,,1
2020-04-14,6024,群益期,twse,36.50,37.15,36.50,37.00,680927,25114662,0.8,,210437584,394,,,1
2020-04-15,6024,群益期,twse,37.10,37.80,37.10,37.80,760922,28471186,0.8,,210437584,421,,,1
2020-04-16,6024,群益期,twse,37.40,37.65,37.05,37.35,422177,15773935,-0.45,,210437584,262,,,1
2020-04-17,6024,群益期,twse,37.80,38.00,37.50,37.55,388695,14650270,0.2,,210437584,232,,,1
2020-04-20,6024,群益期,twse,37.60,37.75,37.25,37.35,254709,9541286,-0.2,,210437584,153,,,1
2020-04-21,6024,群益期,twse,37.20,37.20,36.05,36.05,974055,35467200,-1.3,,210437584,574,,,1
2020-04-22,6024,群益期,twse,35.90,36.45,35.55,36.40,322329,11648735,0.35,,210437584,189,,,1
2020-04-23,6024,群益期,twse,36.50,36.70,36.45,36.65,179923,6577466,0.25,,210437584,130,,,1
2020-04-24,6024,群益期,twse,36.65,37.00,36.45,36.80,185429,6814423,0.15,,210437584,128,,,1
2020-04-27,6024,群益期,twse,36.80,37.60,36.80,37.60,450648,16770509,0.8,,210437584,256,,,1
2020-04-28,6024,群益期,twse,37.90,38.05,37.70,37.90,307930,11676590,0.3,,210437584,222,,,1
2020-04-29,6024,群益期,twse,37.90,38.35,37.80,38.35,440265,16835206,0.45,,210437584,253,,,1
2020-04-30,6024,群益期,twse,38.55,39.45,38.50,39.40,645299,25235675,1.05,,210437584,388,,,1
2020-05-04,6024,群益期,twse,38.30,38.60,38.15,38.50,494379,18954775,-0.9,,210437584,313,,,1
2020-05-05,6024,群益期,twse,38.50,38.70,38.20,38.45,187380,7201817,-0.05,,210437584,144,,,1
2020-05-06,6024,群益期,twse,38.50,38.50,38.05,38.20,215997,8278629,-0.25,,210437584,143,,,1
2020-05-07,6024,群益期,twse,38.00,38.35,37.90,38.05,442909,16857964,-0.15,,210437584,281,,,1
2020-05-08,6024,群益期,twse,38.20,38.50,38.10,38.35,250225,9589371,0.3,,210437584,170,,,1
2020-05-11,6024,群益期,twse,38.45,38.95,38.45,38.85,376926,14619217,0.5,,210437584,242,,,1
2020-05-12,6024,群益期,twse,38.80,38.80,38.35,38.45,233361,8982045,-0.4,,210437584,180,,,1
2020-05-13,6024,群益期,twse,38.40,38.50,38.00,38.50,291985,11180017,0.05,,210437584,154,,,1
2020-05-14,6024,群益期,twse,38.45,38.45,37.90,38.00,385096,14662954,-0.5,,210437584,209,,,1
2020-05-15,6024,群益期,twse,38.10,38.35,37.95,38.20,265779,10145953,0.2,,210437584,147,,,1
2020-05-18,6024,群益期,twse,38.20,38.60,38.20,38.35,208511,8018939,0.15,,210437584,140,,,1
2020-05-19,6024,群益期,twse,38.70,38.75,38.35,38.50,234565,9033596,0.15,,210437584,187,,,1
2020-05-20,6024,群益期,twse,38.50,38.65,38.50,38.60,111564,4305118,0.1,,210437584,90,,,1
2020-05-21,6024,群益期,twse,38.60,39.00,38.60,38.90,338023,13139296,0.3,,210437584,165,,,1
2020-05-22,6024,群益期,twse,38.95,38.95,38.50,38.50,182500,7043250,-0.4,,210437584,131,,,1
2020-05-25,6024,群益期,twse,38.50,38.70,38.15,38.60,155017,5947853,0.1,,210437584,116,,,1
2020-05-26,6024,群益期,twse,38.60,38.90,38.50,38.80,304560,11781776,0.2,,210437584,148,,,1
2020-05-27,6024,群益期,twse,38.95,39.00,38.80,38.90,158397,6161189,0.1,,210437584,112,,,1
2020-05-28,6024,群益期,twse,39.00,39.15,38.55,38.65,389936,15175668,-0.25,,210437584,241,,,1
2020-05-29,6024,群益期,twse,38.65,38.80,38.50,38.60,111434,4303249,-0.05,,210437584,86,,,1
2020-06-01,6024,群益期,twse,38.65,38.85,38.55,38.85,349429,13530247,0.25,,210437584,160,,,1
2020-06-02,6024,群益期,twse,38.85,39.30,38.70,39.25,260092,10162856,0.4,,210437584,182,,,1
2020-06-03,6024,群益期,twse,39.45,40.00,39.45,39.95,491276,19550964,0.7,,210437584,293,,,1
2020-06-04,6024,群益期,twse,40.00,40.15,39.70,39.85,282542,11261730,-0.1,,210437584,169,,,1
2020-06-05,6024,群益期,twse,39.85,40.20,39.70,40.20,232524,9294660,0.35,,210437584,142,,,1
2020-06-08,6024,群益期,twse,40.10,40.15,39.65,39.70,502505,20030944,-0.5,,210437584,314,,,1
2020-06-09,6024,群益期,twse,39.75,39.90,39.65,39.80,429835,17088187,0.1,,210437584,204,,,1
2020-06-10,6024,群益期,twse,39.80,39.80,39.60,39.70,239271,9496404,-0.1,,210437584,166,,,1
2020-06-11,6024,群益期,twse,39.80,39.80,38.70,38.70,444860,17387600,-1.0,,210437584,309,,,1
2020-06-12,6024,群益期,twse,38.30,38.50,37.20,38.50,269170,10259650,-0.2,,210437584,183,,,1
2020-06-15,6024,群益期,twse,38.45,38.45,38.15,38.25,260351,9967116,-0.25,,210437584,217,,,1
2020-06-16,6024,群益期,twse,38.35,38.90,38.35,38.90,155625,6021447,0.65,,210437584,113,,,1
2020-06-17,6024,群益期,twse,39.25,39.25,38.60,39.05,106160,4132232,0.15,,210437584,80,,,1
2020-06-18,6024,群益期,twse,39.00,39.15,38.85,39.10,149837,5839893,0.05,,210437584,95,,,1
2020-06-19,6024,群益期,twse,39.10,39.20,38.60,39.20,150766,5873174,0.1,,210437584,111,,,1
2020-06-22,6024,群益期,twse,39.30,39.35,38.90,39.10,239688,9394199,-0.1,,210437584,164,,,1
2020-06-23,6024,群益期,twse,39.40,39.40,39.00,39.05,158215,6189401,-0.05,,210437584,112,,,1
2020-06-24,6024,群益期,twse,39.20,39.30,39.05,39.10,123200,4823090,0.05,,210437584,82,,,1
2020-06-29,6024,群益期,twse,39.25,39.25,38.90,39.00,165850,6472600,-0.1,,210437584,114,,,1
2020-06-30,6024,群益期,twse,39.30,39.30,39.00,39.00,163238,6376851,0.0,,210437584,95,,,1
2020-07-01,6024,群益期,twse,39.10,39.45,39.05,39.20,313246,12271302,0.2,,210437584,170,,,1
2020-07-02,6024,群益期,twse,39.20,39.50,39.10,39.40,254199,9998394,0.2,,210437584,149,,,1
2020-07-03,6024,群益期,twse,39.40,40.00,39.35,39.95,474727,18857186,0.55,,210437584,288,,,1
2020-07-06,6024,群益期,twse,39.95,40.35,39.80,40.25,593257,23821754,0.3,,210437584,310,,,1
2020-07-07,6024,群益期,twse,40.45,40.50,39.95,40.05,546503,21952741,-0.2,,210437584,288,,,1
2020-07-08,6024,群益期,twse,40.10,40.25,39.95,40.10,992100,39797054,0.05,,210437584,490,,,1
2020-07-09,6024,群益期,twse,38.45,38.50,38.20,38.35,1066337,40920982,0.0,,210437584,609,,,1
2020-07-10,6024,群益期,twse,38.40,38.40,37.70,38.00,684341,26075051,-0.35,,210437584,359,,,1
2020-07-13,6024,群益期,twse,38.00,38.10,37.85,37.95,309047,11738886,-0.05,,210437584,170,,,1
2020-07-14,6024,群益期,twse,38.00,38.00,37.85,37.90,198113,7507181,-0.05,,210437584,146,,,1
2020-07-15,6024,群益期,twse,38.00,38.05,37.85,37.85,313202,11882213,-0.05,,210437584,191,,,1
2020-07-16,6024,群益期,twse,37.85,37.90,37.65,37.75,1938311,73166484,-0.1,,210437584,286,,,1
2020-07-17,6024,群益期,twse,37.90,38.15,37.90,38.10,144709,5511078,0.35,,210437584,116,,,1
2020-07-20,6024,群益期,twse,38.20,38.45,38.15,38.45,362017,13867599,0.35,,210437584,200,,,1
2020-07-21,6024,群益期,twse,38.50,39.10,38.50,38.80,799036,31011994,0.35,,210437584,429,,,1
2020-07-22,6024,群益期,twse,39.05,39.50,39.05,39.20,401456,15770319,0.4,,210437584,272,,,1
2020-07-23,6024,群益期,twse,39.30,39.30,38.80,38.80,240019,9350137,-0.4,,210437584,169,,,1
2020-07-24,6024,群益期,twse,38.75,39.00,37.85,38.00,498077,19025930,-0.8,,210437584,348,,,1
2020-07-27,6024,群益期,twse,38.05,38.30,37.85,37.85,363800,13818669,-0.15,,210437584,183,,,1
2020-07-28,6024,群益期,twse,37.80,37.95,37.20,37.30,493603,18570909,-0.55,,210437584,291,,,1
2020-07-29,6024,群益期,twse,37.05,37.70,37.05,37.70,255977,9627228,0.4,,210437584,126,,,1
2020-07-30,6024,群益期,twse,37.75,37.80,37.55,37.70,172623,6505281,0.0,,210437584,131,,,1
2020-07-31,6024,群益期,twse,37.80,37.90,37.60,37.65,163668,6174699,-0.05,,210437584,119,,,1
2020-08-03,6024,群益期,twse,37.65,37.95,37.35,37.35,302090,11364787,-0.3,,210437584,225,,,1
2020-08-04,6024,群益期,twse,37.50,37.85,37.40,37.65,162592,6109324,0.3,,210437584,112,,,1
2020-08-05,6024,群益期,twse,37.75,38.00,37.75,38.00,153260,5803720,0.35,,210437584,112,,,1
2020-08-06,6024,群益期,twse,38.50,38.75,38.50,38.65,577230,22326295,0.65,,210437584,374,,,1
2020-08-07,6024,群益期,twse,38.70,38.70,38.45,38.50,299800,11562778,-0.15,,210437584,172,,,1
2020-08-10,6024,群益期,twse,38.95,39.15,38.55,39.00,684261,26626829,0.5,,210437584,389,,,1
2020-08-11,6024,群益期,twse,39.00,39.00,38.75,38.75,174368,6787075,-0.25,,210437584,119,,,1
2020-08-12,6024,群益期,twse,38.75,38.75,38.50,38.50,153966,5939774,-0.25,,210437584,112,,,1
2020-08-13,6024,群益期,twse,38.60,39.00,38.55,38.80,312422,12117258,0.3,,210437584,199,,,1
2020-08-14,6024,群益期,twse,38.80,38.80,38.50,38.75,169737,6570164,-0.05,,210437584,111,,,1
2020-08-17,6024,群益期,twse,38.80,39.00,38.75,38.95,225500,8772800,0.2,,210437584,164,,,1
2020-08-18,6024,群益期,twse,38.90,39.00,38.80,38.95,176350,6855450,0.0,,210437584,111,,,1
2020-08-19,6024,群益期,twse,38.95,38.95,38.50,38.60,305176,11817967,-0.35,,210437584,229,,,1
2020-08-20,6024,群益期,twse,38.55,38.65,37.60,37.90,580125,22038153,-0.7,,210437584,362,,,1
2020-08-21,6024,群益期,twse,38.05,38.40,38.05,38.35,174240,6673940,0.45,,210437584,109,,,1
2020-08-24,6024,群益期,twse,38.35,38.35,38.00,38.10,189433,7217931,-0.25,,210437584,141,,,1
2020-08-25,6024,群益期,twse,38.10,38.65,38.05,38.60,262832,10076446,0.5,,210437584,140,,,1
2020-08-26,6024,群益期,twse,38.60,38.60,38.20,38.50,161588,6202521,-0.1,,210437584,102,,,1
2020-08-27,6024,群益期,twse,38.50,38.50,38.05,38.20,147550,5634395,-0.3,,210437584,105,,,1
2020-08-28,6024,群益期,twse,38.15,38.40,38.00,38.40,136270,5203894,0.2,,210437584,86,,,1
2020-08-31,6024,群益期,twse,38.40,38.40,38.10,38.20,167498,6406794,-0.2,,210437584,97,,,1
2020-09-01,6024,群益期,twse,38.20,38.20,38.05,38.20,86697,3306497,0.0,,210437584,55,,,1
2020-09-02,6024,群益期,twse,38.20,38.20,38.10,38.20,150404,5738110,0.0,,210437584,96,,,1
2020-09-03,6024,群益期,twse,38.20,38.30,38.15,38.30,103222,3947722,0.1,,210437584,79,,,1
2020-09-04,6024,群益期,twse,38.15,38.20,37.95,38.20,143776,5471627,-0.1,,210437584,126,,,1
2020-09-07,6024,群益期,twse,38.00,38.40,38.00,38.30,143499,5487908,0.1,,210437584,82,,,1
2020-09-08,6024,群益期,twse,38.10,38.15,37.95,38.05,374712,14251517,-0.25,,210437584,161,,,1
2020-09-09,6024,群益期,twse,37.90,37.95,37.65,37.95,207660,7843442,-0.1,,210437584,148,,,1
2020-09-10,6024,群益期,twse,38.00,38.00,37.75,37.95,160512,6069878,0.0,,210437584,137,,,1
2020-09-11,6024,群益期,twse,37.80,37.90,37.65,37.85,129693,4894148,-0.1,,210437584,98,,,1
2020-09-14,6024,群益期,twse,37.75,37.95,37.65,37.70,134939,5093732,-0.15,,210437584,91,,,1
2020-09-15,6024,群益期,twse,37.70,38.00,37.70,38.00,154273,5844324,0.3,,210437584,108,,,1
2020-09-16,6024,群益期,twse,37.85,38.05,37.80,37.90,130091,4928408,-0.1,,210437584,91,,,1
2020-09-17,6024,群益期,twse,38.05,38.10,37.90,37.90,38079,1446242,0.0,,210437584,31,,,1
2020-09-18,6024,群益期,twse,37.90,38.05,37.90,38.05,66861,2540218,0.15,,210437584,55,,,1
2020-09-21,6024,群益期,twse,38.15,38.20,37.90,38.00,154633,5887719,-0.05,,210437584,120,,,1
2020-09-22,6024,群益期,twse,37.85,37.85,37.60,37.65,111250,4191048,-0.35,,210437584,87,,,1
2020-09-23,6024,群益期,twse,37.70,37.70,37.35,37.35,169441,6354337,-0.3,,210437584,130,,,1
2020-09-24,6024,群益期,twse,37.30,37.30,36.40,36.45,441907,16204783,-0.9,,210437584,318,,,1
2020-09-25,6024,群益期,twse,36.70,36.75,36.20,36.35,195890,7142945,-0.1,,210437584,131,,,1
2020-09-28,6024,群益期,twse,36.60,36.80,36.60,36.75,71750,2633472,0.4,,210437584,56,,,1
2020-09-29,6024,群益期,twse,36.85,36.85,36.70,36.75,109645,4031676,0.0,,210437584,76,,,1
2020-09-30,6024,群益期,twse,36.70,36.90,36.70,36.80,99750,3669509,0.05,,210437584,62,,,1
2020-10-05,6024,群益期,twse,36.75,36.80,36.65,36.80,85400,3137279,0.0,,210437584,45,,,1
2020-10-06,6024,群益期,twse,36.85,37.10,36.75,37.05,138194,5094954,0.25,,210437584,93,,,1
2020-10-07,6024,群益期,twse,36.90,37.10,36.90,37.05,78295,2897046,0.0,,210437584,58,,,1
2020-10-08,6024,群益期,twse,37.05,37.05,36.90,37.05,87582,3239159,0.0,,210437584,64,,,1
2020-10-12,6024,群益期,twse,37.05,37.10,36.70,36.75,140497,5165813,-0.3,,210437584,105,,,1
2020-10-13,6024,群益期,twse,36.75,36.75,36.55,36.60,110640,4053312,-0.15,,210437584,83,,,1
2020-10-14,6024,群益期,twse,36.60,36.95,36.60,36.70,98400,3612450,0.1,,210437584,74,,,1
2020-10-15,6024,群益期,twse,36.70,36.70,36.55,36.60,66400,2430539,-0.1,,210437584,54,,,1
2020-10-16,6024,群益期,twse,36.50,36.70,36.50,36.70,110564,4048203,0.1,,210437584,71,,,1
2020-10-19,6024,群益期,twse,36.75,37.05,36.60,37.00,121811,4489057,0.3,,210437584,109,,,1
2020-10-20,6024,群益期,twse,37.00,37.00,36.70,36.85,58198,2144526,-0.15,,210437584,38,,,1
2020-10-21,6024,群益期,twse,37.00,37.00,36.75,36.85,98109,3612520,0.0,,210437584,65,,,1
2020-10-22,6024,群益期,twse,36.70,36.85,36.60,36.75,143567,5267442,-0.1,,210437584,68,,,1
2020-10-23,6024,群益期,twse,36.70,36.80,36.70,36.80,29242,1074966,0.05,,210437584,23,,,1
2020-10-26,6024,群益期,twse,36.80,36.90,36.75,36.90,97036,3570281,0.1,,210437584,80,,,1
2020-10-27,6024,群益期,twse,36.70,36.95,36.65,36.95,66226,2436466,0.05,,210437584,62,,,1
2020-10-28,6024,群益期,twse,36.75,36.85,36.70,36.80,49015,1802017,-0.15,,210437584,40,,,1
2020-10-29,6024,群益期,twse,36.50,36.65,36.45,36.60,117610,4301399,-0.2,,210437584,71,,,1
2020-10-30,6024,群益期,twse,36.60,36.80,36.45,36.65,78897,2887556,0.05,,210437584,55,,,1
2020-11-02,6024,群益期,twse,36.80,36.80,36.50,36.70,76250,2789059,0.05,,210437584,54,,,1
2020-11-03,6024,群益期,twse,36.65,36.85,36.60,36.70,95048,3491230,0.0,,210437584,70,,,1
2020-11-04,6024,群益期,twse,36.75,36.80,36.60,36.70,122518,4495320,0.0,,210437584,68,,,1
2020-11-05,6024,群益期,twse,36.70,36.80,36.65,36.70,72963,2679298,0.0,,210437584,57,,,1
2020-11-06,6024,群益期,twse,36.70,36.85,36.70,36.75,108880,4006310,0.05,,210437584,79,,,1
2020-11-09,6024,群益期,twse,36.75,36.95,36.75,36.80,278814,10275344,0.05,,210437584,179,,,1
2020-11-10,6024,群益期,twse,37.10,37.10,36.90,37.10,168653,6246064,0.3,,210437584,140,,,1
2020-11-11,6024,群益期,twse,37.05,37.75,37.05,37.75,316216,11859609,0.65,,210437584,237,,,1
2020-11-12,6024,群益期,twse,37.85,37.85,37.40,37.45,196987,7397355,-0.3,,210437584,149,,,1
2020-11-13,6024,群益期,twse,37.40,37.45,37.30,37.45,114072,4267818,0.0,,210437584,85,,,1
2020-11-16,6024,群益期,twse,37.50,37.90,37.50,37.65,121712,4575941,0.2,,210437584,107,,,1
2020-11-17,6024,群益期,twse,37.70,37.70,37.60,37.70,91960,3464287,0.05,,210437584,91,,,1
2020-11-18,6024,群益期,twse,37.70,37.80,37.60,37.75,85332,3219111,0.05,,210437584,81,,,1
2020-11-19,6024,群益期,twse,37.75,37.80,37.70,37.70,53362,2015109,-0.05,,210437584,63,,,1
2020-11-20,6024,群益期,twse,37.70,38.05,37.70,37.85,138959,5263966,0.15,,210437584,111,,,1
2020-11-23,6024,群益期,twse,37.80,37.95,37.70,37.80,128253,4850610,-0.05,,210437584,108,,,1
2020-11-24,6024,群益期,twse,37.70,37.80,37.65,37.65,129992,4901658,-0.15,,210437584,107,,,1
2020-11-25,6024,群益期,twse,37.75,37.80,37.65,37.65,107010,4035006,0.0,,210437584,82,,,1
2020-11-26,6024,群益期,twse,37.70,37.95,37.60,37.95,118570,4473503,0.3,,210437584,103,,,1
2020-11-27,6024,群益期,twse,38.00,38.00,37.75,37.85,76708,2902112,-0.1,,210437584,74,,,1
2020-11-30,6024,群益期,twse,37.75,37.90,37.75,37.80,92907,3515253,-0.05,,210437584,80,,,1
2020-12-01,6024,群益期,twse,37.85,37.85,37.60,37.70,170678,6432236,-0.1,,210437584,112,,,1
2020-12-02,6024,群益期,twse,37.75,37.75,37.60,37.65,138021,5197888,-0.05,,210437584,111,,,1
2020-12-03,6024,群益期,twse,37.65,37.75,37.60,37.70,125862,4742682,0.05,,210437584,86,,,1
2020-12-04,6024,群益期,twse,37.70,38.00,37.70,38.00,188289,7125136,0.3,,210437584,161,,,1
2020-12-07,6024,群益期,twse,38.10,38.60,38.10,38.55,466656,17894607,0.55,,210437584,328,,,1
2020-12-08,6024,群益期,twse,38.60,38.65,38.15,38.25,263862,10143316,-0.3,,210437584,178,,,1
2020-12-09,6024,群益期,twse,38.40,38.45,38.15,38.45,250115,9576682,0.2,,210437584,194,,,1
2020-12-10,6024,群益期,twse,38.45,38.70,38.45,38.70,378177,14595033,0.25,,210437584,225,,,1
2020-12-11,6024,群益期,twse,38.70,38.70,38.15,38.45,280091,10763174,-0.25,,210437584,209,,,1
2020-12-14,6024,群益期,twse,38.45,38.45,38.10,38.30,99905,3823683,-0.15,,210437584,101,,,1
2020-12-15,6024,群益期,twse,38.30,38.50,37.90,38.05,269203,10254473,-0.25,,210437584,207,,,1
2020-12-16,6024,群益期,twse,38.10,38.30,38.00,38.05,282175,10761666,0.0,,210437584,197,,,1
2020-12-17,6024,群益期,twse,38.20,38.20,37.95,38.10,166092,6314155,0.05,,210437584,117,,,1
2020-12-18,6024,群益期,twse,38.10,38.20,38.05,38.10,101128,3856073,0.0,,210437584,94,,,1
2020-12-21,6024,群益期,twse,38.10,38.20,37.85,38.10,149185,5673053,0.0,,210437584,129,,,1
2020-12-22,6024,群益期,twse,38.10,38.40,37.95,37.95,190354,7263625,-0.15,,210437584,145,,,1
2020-12-23,6024,群益期,twse,37.95,38.00,37.80,37.85,248418,9402029,-0.1,,210437584,191,,,1
2020-12-24,6024,群益期,twse,37.90,37.90,37.70,37.85,266426,10062551,0.0,,210437584,206,,,1
2020-12-25,6024,群益期,twse,37.85,37.95,37.75,37.95,87720,3322440,0.1,,210437584,75,,,1
2020-12-28,6024,群益期,twse,37.95,38.00,37.85,38.00,151504,5748399,0.05,,210437584,124,,,1
2020-12-29,6024,群益期,twse,38.15,38.45,38.05,38.25,316685,12089879,0.25,,210437584,241,,,1
2020-12-30,6024,群益期,twse,38.50,38.60,38.30,38.55,318862,12262361,0.3,,210437584,232,,,1
2020-12-31,6024,群益期,twse,38.55,38.70,38.55,38.70,368486,14238393,0.15,,210437584,263,,,1
2021-01-04,6024,群益期,twse,38.70,38.70,38.25,38.50,255566,9824085,-0.2,,210437584,193,,,1
2021-01-05,6024,群益期,twse,38.55,38.55,38.00,38.20,218958,8362317,-0.3,,210437584,185,,,1
2021-01-06,6024,群益期,twse,38.15,38.45,38.10,38.15,310515,11875735,-0.05,,210437584,191,,,1
2021-01-07,6024,群益期,twse,38.20,39.30,38.20,39.30,588234,22715862,1.15,,210437584,386,,,1
2021-01-08,6024,群益期,twse,39.10,39.30,38.70,38.90,681086,26514855,-0.4,,210437584,409,,,1
2021-01-11,6024,群益期,twse,38.90,39.15,38.70,38.75,339977,13214310,-0.15,,210437584,270,,,1
2021-01-12,6024,群益期,twse,38.75,38.75,38.15,38.15,373783,14338143,-0.6,,210437584,277,,,1
2021-01-13,6024,群益期,twse,38.30,38.40,38.20,38.35,362040,13861239,0.2,,210437584,221,,,1
2021-01-14,6024,群益期,twse,38.35,38.35,38.05,38.15,234395,8948343,-0.2,,210437584,162,,,1
2021-01-15,6024,群益期,twse,38.15,38.20,37.90,37.95,419099,15942289,-0.2,,210437584,266,,,1
2021-01-18,6024,群益期,twse,37.95,38.10,37.80,37.95,413790,15702765,0.0,,210437584,359,,,1
2021-01-19,6024,群益期,twse,38.05,38.25,38.05,38.20,127179,4854345,0.25,,210437584,237,,,1
2021-01-20,6024,群益期,twse,38.10,38.10,37.55,37.55,449602,16973358,-0.65,,210437584,540,,,1
2021-01-21,6024,群益期,twse,37.60,38.00,37.60,37.65,185862,7018473,0.1,,210437584,241,,,1
2021-01-22,6024,群益期,twse,37.90,37.90,37.45,37.50,267018,10037022,-0.15,,210437584,374,,,1
2021-01-25,6024,群益期,twse,37.50,37.60,37.40,37.60,156743,5877272,0.1,,210437584,203,,,1
2021-01-26,6024,群益期,twse,37.60,37.70,37.35,37.40,173029,6492472,-0.2,,210437584,268,,,1
2021-01-27,6024,群益期,twse,37.40,37.60,37.40,37.55,78470,2942957,0.15,,210437584,121,,,1
2021-01-28,6024,群益期,twse,37.40,37.50,37.30,37.35,156082,5835735,-0.2,,210437584,228,,,1
2021-01-29,6024,群益期,twse,37.35,37.55,37.15,37.25,263433,9826166,-0.1,,210437584,279,,,1
2021-02-01,6024,群益期,twse,37.15,37.35,37.10,37.25,112399,4180108,0.0,,210437584,159,,,1
2021-02-02,6024,群益期,twse,37.20,37.35,37.15,37.25,150981,5627738,0.0,,210437584,191,,,1
2021-02-03,6024,群益期,twse,37.35,37.35,37.20,37.25,85391,3182462,0.0,,210437584,145,,,1
2021-02-04,6024,群益期,twse,37.20,37.35,37.20,37.20,98887,3681730,-0.05,,210437584,208,,,1
2021-02-05,6024,群益期,twse,37.40,37.45,37.25,37.30,103597,3867844,0.1,,210437584,167,,,1
2021-02-17,6024,群益期,twse,37.60,37.60,37.45,37.55,266411,9997808,0.25,,210437584,249,,,1
2021-02-18,6024,群益期,twse,37.60,38.05,37.60,38.00,243344,9216411,0.45,,210437584,243,,,1
2021-02-19,6024,群益期,twse,38.00,38.00,37.75,37.95,211055,7991115,-0.05,,210437584,200,,,1
2021-02-22,6024,群益期,twse,38.00,38.10,37.90,38.00,280784,10663945,0.05,,210437584,216,,,1
2021-02-23,6024,群益期,twse,38.00,38.55,38.00,38.50,360895,13820851,0.5,,210437584,255,,,1
2021-02-24,6024,群益期,twse,38.50,38.50,38.15,38.20,207768,7952264,-0.3,,210437584,243,,,1
2021-02-25,6024,群益期,twse,38.25,38.65,38.25,38.55,251917,9687668,0.35,,210437584,201,,,1
2021-02-26,6024,群益期,twse,38.20,38.45,38.05,38.05,202905,7739819,-0.5,,210437584,232,,,1
2021-03-02,6024,群益期,twse,38.30,38.30,38.10,38.15,199097,7606418,0.1,,210437584,182,,,1
2021-03-03,6024,群益期,twse,38.40,38.40,38.10,38.20,209330,8004887,0.05,,210437584,150,,,1
2021-03-04,6024,群益期,twse,38.20,38.55,38.20,38.45,326489,12514964,0.25,,210437584,227,,,1
2021-03-05,6024,群益期,twse,38.45,38.60,38.30,38.40,240885,9256829,-0.05,,210437584,207,,,1
2021-03-08,6024,群益期,twse,38.60,38.80,38.50,38.60,353425,13642707,0.2,,210437584,290,,,1
2021-03-09,6024,群益期,twse,38.70,38.85,38.60,38.80,316638,12271799,0.2,,210437584,267,,,1
2021-03-10,6024,群益期,twse,39.00,39.00,38.75,38.80,247679,9622557,0.0,,210437584,171,,,1
2021-03-11,6024,群益期,twse,38.80,38.95,38.80,38.90,275205,10699927,0.1,,210437584,214,,,1
2021-03-12,6024,群益期,twse,38.85,38.85,38.55,38.80,250169,9682846,-0.1,,210437584,196,,,1
2021-03-15,6024,群益期,twse,38.80,38.85,38.70,38.85,144852,5619678,0.05,,210437584,168,,,1
2021-03-16,6024,群益期,twse,38.80,39.05,38.75,38.85,256465,9967897,0.0,,210437584,225,,,1
2021-03-17,6024,群益期,twse,38.85,39.00,38.85,38.90,208151,8095478,0.05,,210437584,193,,,1
2021-03-18,6024,群益期,twse,38.90,39.10,38.85,38.95,197098,7688418,0.05,,210437584,211,,,1
2021-03-19,6024,群益期,twse,38.90,38.95,38.60,38.75,303910,11769329,-0.2,,210437584,264,,,1
2021-03-22,6024,群益期,twse,38.80,39.00,38.70,38.80,221896,8617412,0.05,,210437584,199,,,1
2021-03-23,6024,群益期,twse,38.85,38.95,38.70,38.70,180599,7012393,-0.1,,210437584,179,,,1
2021-03-24,6024,群益期,twse,38.80,38.90,38.70,38.85,168546,6546055,0.15,,210437584,151,,,1
2021-03-25,6024,群益期,twse,38.85,39.00,38.85,39.00,188839,7354755,0.15,,210437584,175,,,1
2021-03-26,6024,群益期,twse,40.50,41.25,40.35,40.95,1992904,81373249,1.95,,210437584,1362,,,1
2021-03-29,6024,群益期,twse,41.35,41.80,41.20,41.70,922216,38359517,0.75,,210437584,664,,,1
2021-03-30,6024,群益期,twse,41.95,41.95,41.50,41.70,538637,22454884,0.0,,210437584,456,,,1
2021-03-31,6024,群益期,twse,41.70,41.90,41.45,41.55,455424,18936282,-0.15,,210437584,377,,,1
2021-04-01,6024,群益期,twse,41.80,41.80,41.55,41.60,347825,14486178,0.05,,210437584,299,,,1
2021-04-06,6024,群益期,twse,41.80,42.00,41.55,41.65,417412,17436327,0.05,,210437584,359,,,1
2021-04-07,6024,群益期,twse,41.65,41.90,41.40,41.70,263931,10978680,0.05,,210437584,238,,,1
2021-04-08,6024,群益期,twse,41.70,41.90,41.70,41.90,402813,16842794,0.2,,210437584,290,,,1
2021-04-09,6024,群益期,twse,41.90,42.00,41.70,41.85,322440,13487390,-0.05,,210437584,273,,,1
2021-04-12,6024,群益期,twse,41.85,42.00,41.85,41.90,623045,26116952,0.05,,210437584,403,,,1
2021-04-13,6024,群益期,twse,41.90,42.05,41.90,41.95,437787,18380360,0.05,,210437584,279,,,1
2021-04-14,6024,群益期,twse,41.95,42.05,41.20,41.65,629941,26239118,-0.3,,210437584,413,,,1
2021-04-15,6024,群益期,twse,41.65,41.70,41.50,41.65,439257,18277514,0.0,,210437584,265,,,1
2021-04-16,6024,群益期,twse,41.65,41.90,41.60,41.90,363552,15174980,0.25,,210437584,240,,,1
2021-04-19,6024,群益期,twse,41.95,42.95,41.90,42.90,1011961,42829790,1.0,,210437584,573,,,1
2021-04-20,6024,群益期,twse,43.00,43.20,42.70,42.90,442599,18975150,0.0,,210437584,365,,,1
2021-04-21,6024,群益期,twse,42.90,42.90,42.40,42.80,386531,16495785,-0.1,,210437584,300,,,1
2021-04-22,6024,群益期,twse,42.80,43.00,42.55,42.55,806033,34490241,-0.25,,210437584,500,,,1
2021-04-23,6024,群益期,twse,42.50,43.45,42.45,43.05,878631,37733464,0.5,,210437584,587,,,1
2021-04-26,6024,群益期,twse,43.60,44.70,43.50,44.60,1613881,71510984,1.55,,210437584,1018,,,1
2021-04-27,6024,群益期,twse,44.80,45.15,44.40,44.65,814547,36384769,0.05,,210437584,555,,,1
2021-04-28,6024,群益期,twse,44.65,44.65,44.15,44.15,619191,27429882,-0.5,,210437584,432,,,1
2021-04-29,6024,群益期,twse,44.15,44.35,44.00,44.25,611574,27001975,0.1,,210437584,426,,,1
2021-05-03,6024,群益期,twse,44.05,44.20,43.45,43.90,915561,40203439,-0.35,,210437584,490,,,1
2021-05-04,6024,群益期,twse,43.90,44.10,42.45,42.90,1351203,58492125,-1.0,,210437584,667,,,1
2021-05-05,6024,群益期,twse,43.00,43.85,42.90,43.50,545381,23713997,0.6,,210437584,412,,,1
2021-05-06,6024,群益期,twse,43.65,44.35,43.55,43.85,867903,38232857,0.35,,210437584,494,,,1
2021-05-07,6024,群益期,twse,43.85,44.20,43.65,43.95,650079,28470868,0.1,,210437584,296,,,1
2021-05-10,6024,群益期,twse,44.00,44.45,43.90,44.25,880173,38923170,0.3,,210437584,529,,,1
2021-05-11,6024,群益期,twse,44.20,44.25,43.10,43.30,1142584,49770475,-0.95,,210437584,611,,,1
2021-05-12,6024,群益期,twse,43.30,43.30,40.95,41.70,2092133,88366041,-1.6,,210437584,1104,,,1
2021-05-13,6024,群益期,twse,41.45,42.70,40.80,41.70,860651,36031949,0.0,,210437584,631,,,1
2021-05-14,6024,群益期,twse,42.10,42.40,41.60,42.00,431962,18139721,0.3,,210437584,372,,,1
2021-05-17,6024,群益期,twse,40.55,41.60,40.05,40.35,1011174,41104323,-1.65,,210437584,758,,,1
2021-05-18,6024,群益期,twse,40.50,41.95,40.50,41.75,517677,21501749,1.4,,210437584,377,,,1
2021-05-19,6024,群益期,twse,41.70,41.85,41.05,41.65,257487,10698305,-0.1,,210437584,240,,,1
2021-05-20,6024,群益期,twse,41.30,41.70,41.20,41.30,264679,10942738,-0.35,,210437584,237,,,1
2021-05-21,6024,群益期,twse,41.80,42.50,41.80,42.35,561182,23643933,1.05,,210437584,393,,,1
2021-05-24,6024,群益期,twse,42.20,43.35,42.15,43.20,487957,20916560,0.85,,210437584,374,,,1
2021-05-25,6024,群益期,twse,43.35,43.50,43.00,43.10,365294,15778161,-0.1,,210437584,315,,,1
2021-05-26,6024,群益期,twse,43.20,43.20,42.85,43.05,271202,11652059,-0.05,,210437584,244,,,1
2021-05-27,6024,群益期,twse,43.05,43.30,42.85,43.30,253344,10915621,0.25,,210437584,197,,,1
2021-05-28,6024,群益期,twse,43.30,43.80,43.30,43.65,306261,13358031,0.35,,210437584,267,,,1
2021-05-31,6024,群益期,twse,44.00,44.00,43.45,43.70,548737,24006933,0.05,,210437584,388,,,1
2021-06-01,6024,群益期,twse,43.70,43.85,43.60,43.80,385132,16855709,0.1,,210437584,333,,,1
2021-06-02,6024,群益期,twse,43.80,44.00,43.80,43.95,479018,21035977,0.15,,210437584,390,,,1
2021-06-03,6024,群益期,twse,44.00,44.05,43.90,43.95,1141833,50190196,0.0,,210437584,550,,,1
2021-06-04,6024,群益期,twse,43.90,44.10,43.80,44.00,1725437,75872240,0.05,,210437584,831,,,1
2021-06-07,6024,群益期,twse,41.00,41.10,40.60,40.65,1132706,46238503,0.0,,210437584,863,,,1
2021-06-08,6024,群益期,twse,40.55,40.60,40.25,40.35,513855,20766074,-0.3,,210437584,456,,,1
2021-06-09,6024,群益期,twse,40.15,40.20,40.00,40.10,641481,25707123,-0.25,,210437584,486,,,1
2021-06-10,6024,群益期,twse,40.10,40.10,39.85,39.90,428510,17121775,-0.2,,210437584,414,,,1
2021-06-11,6024,群益期,twse,40.00,40.10,39.85,40.00,259914,10394638,0.1,,210437584,247,,,1
2021-06-15,6024,群益期,twse,40.00,40.00,39.90,39.90,241265,9641371,-0.1,,210437584,249,,,1
2021-06-16,6024,群益期,twse,40.15,40.15,39.85,39.90,287792,11486606,0.0,,210437584,265,,,1
2021-06-17,6024,群益期,twse,39.90,39.95,39.85,39.95,203565,8120743,0.05,,210437584,182,,,1
2021-06-18,6024,群益期,twse,39.90,40.00,39.75,39.75,467545,18610439,-0.2,,210437584,349,,,1
2021-06-21,6024,群益期,twse,39.75,39.75,39.25,39.30,481457,19004254,-0.45,,210437584,426,,,1
2021-06-22,6024,群益期,twse,39.40,39.55,39.25,39.45,220821,8698050,0.15,,210437584,225,,,1
2021-06-23,6024,群益期,twse,39.50,39.75,39.30,39.75,163586,6470930,0.3,,210437584,198,,,1
2021-06-24,6024,群益期,twse,39.75,39.80,39.45,39.70,243286,9633147,-0.05,,210437584,190,,,1
2021-06-25,6024,群益期,twse,39.70,40.15,39.70,40.05,178516,7138925,0.35,,210437584,153,,,1
2021-06-28,6024,群益期,twse,40.05,40.05,39.95,40.00,180126,7202261,-0.05,,210437584,129,,,1
2021-06-29,6024,群益期,twse,40.00,40.00,39.80,39.85,192295,7668254,-0.15,,210437584,181,,,1
2021-06-30,6024,群益期,twse,39.85,39.95,39.80,39.95,114402,4565616,0.1,,210437584,140,,,1
2021-07-01,6024,群益期,twse,40.20,40.20,40.00,40.05,180199,7218590,0.1,,210437584,161,,,1
2021-07-02,6024,群益期,twse,40.10,40.15,40.00,40.05,193969,7768761,0.0,,210437584,156,,,1
2021-07-05,6024,群益期,twse,40.10,40.40,40.10,40.25,251000,10111459,0.2,,210437584,185,,,1
2021-07-06,6024,群益期,twse,40.35,40.40,39.25,40.05,268742,10750617,-0.2,,210437584,209,,,1
2021-07-07,6024,群益期,twse,40.00,40.30,39.95,40.15,210010,8426159,0.1,,210437584,175,,,1
2021-07-08,6024,群益期,twse,40.15,40.25,40.00,40.05,141760,5685547,-0.1,,210437584,115,,,1
2021-07-09,6024,群益期,twse,40.00,40.05,39.90,40.00,194018,7754818,-0.05,,210437584,189,,,1
2021-07-12,6024,群益期,twse,40.25,40.25,40.00,40.00,138618,5553564,0.0,,210437584,129,,,1
2021-07-13,6024,群益期,twse,40.05,40.05,39.95,40.00,146086,5844757,0.0,,210437584,121,,,1
2021-07-14,6024,群益期,twse,40.00,40.00,39.15,39.85,227806,9050080,-0.15,,210437584,174,,,1
2021-07-15,6024,群益期,twse,39.95,40.15,39.95,40.10,170087,6818050,0.25,,210437584,89,,,1
2021-07-16,6024,群益期,twse,40.00,40.20,40.00,40.05,117146,4698307,-0.05,,210437584,124,,,1
2021-07-19,6024,群益期,twse,40.05,40.20,39.95,40.00,203369,8144119,-0.05,,210437584,166,,,1
2021-07-20,6024,群益期,twse,39.90,39.95,39.70,39.85,122191,4872110,-0.15,,210437584,141,,,1
2021-07-21,6024,群益期,twse,39.90,40.05,39.85,39.90,221166,8825796,0.05,,210437584,190,,,1
2021-07-22,6024,群益期,twse,40.15,40.20,39.85,40.05,188263,7542038,0.15,,210437584,154,,,1
2021-07-23,6024,群益期,twse,40.15,40.15,39.90,40.05,197805,7915720,0.0,,210437584,111,,,1
2021-07-26,6024,群益期,twse,40.05,40.15,39.95,40.05,164827,6594936,0.0,,210437584,108,,,1
2021-07-27,6024,群益期,twse,40.05,40.10,39.90,39.90,132328,5291080,-0.15,,210437584,95,,,1
2021-07-28,6024,群益期,twse,39.90,39.90,39.60,39.75,241601,9615719,-0.15,,210437584,137,,,1
2021-07-29,6024,群益期,twse,39.75,39.90,39.70,39.70,130002,5166290,-0.05,,210437584,118,,,1
2021-07-30,6024,群益期,twse,39.70,39.85,39.70,39.75,82528,3283437,0.05,,210437584,89,,,1
2021-08-02,6024,群益期,twse,39.80,39.95,39.80,39.95,121456,4840222,0.2,,210437584,99,,,1
2021-08-03,6024,群益期,twse,40.00,40.00,39.85,39.95,60678,2421268,0.0,,210437584,57,,,1
2021-08-04,6024,群益期,twse,39.90,39.95,39.85,39.85,114615,4570693,-0.1,,210437584,115,,,1
2021-08-05,6024,群益期,twse,39.85,39.85,39.80,39.85,54583,2174033,0.0,,210437584,53,,,1
2021-08-06,6024,群益期,twse,39.90,39.90,39.80,39.90,48940,1951128,0.05,,210437584,61,,,1
2021-08-09,6024,群益期,twse,39.90,39.90,39.70,39.80,114487,4558472,-0.1,,210437584,115,,,1
2021-08-10,6024,群益期,twse,39.80,39.80,39.65,39.70,101968,4048759,-0.1,,210437584,106,,,1
2021-08-11,6024,群益期,twse,39.60,39.80,39.30,39.60,243845,9641684,-0.1,,210437584,233,,,1
2021-08-12,6024,群益期,twse,39.60,39.60,39.20,39.20,270284,10624775,-0.4,,210437584,249,,,1
2021-08-13,6024,群益期,twse,39.20,39.20,39.00,39.05,294761,11511249,-0.15,,210437584,258,,,1
2021-08-16,6024,群益期,twse,39.00,39.05,38.80,38.80,132716,5157939,-0.25,,210437584,182,,,1
2021-08-17,6024,群益期,twse,38.80,38.80,38.65,38.70,170442,6599349,-0.1,,210437584,183,,,1
2021-08-18,6024,群益期,twse,38.70,38.95,38.55,38.95,191323,7404728,0.25,,210437584,130,,,1
2021-08-19,6024,群益期,twse,39.30,39.30,38.45,38.50,251326,9700888,-0.45,,210437584,257,,,1
2021-08-20,6024,群益期,twse,38.70,38.70,38.05,38.35,164359,6303435,-0.15,,210437584,170,,,1
2021-08-23,6024,群益期,twse,38.35,38.70,38.35,38.55,139847,5385241,0.2,,210437584,134,,,1
2021-08-24,6024,群益期,twse,38.60,38.65,38.40,38.45,213320,8217513,-0.1,,210437584,161,,,1
2021-08-25,6024,群益期,twse,38.55,38.65,38.50,38.65,152146,5868414,0.2,,210437584,117,,,1
2021-08-26,6024,群益期,twse,39.50,39.50,38.60,39.15,234651,9148015,0.5,,210437584,201,,,1
2021-08-27,6024,群益期,twse,38.95,39.30,38.75,39.20,140324,5485995,0.05,,210437584,135,,,1
2021-08-30,6024,群益期,twse,39.05,39.15,38.85,39.10,178877,6977522,-0.1,,210437584,180,,,1
2021-08-31,6024,群益期,twse,39.10,39.10,38.80,38.85,216576,8422268,-0.25,,210437584,151,,,1
2021-09-01,6024,群益期,twse,38.80,38.80,38.50,38.50,574295,22187403,-0.35,,210437584,354,,,1
2021-09-02,6024,群益期,twse,38.50,38.50,38.25,38.30,451320,17313824,-0.2,,210437584,354,,,1
2021-09-03,6024,群益期,twse,38.30,38.30,38.00,38.05,1055641,40204467,-0.25,,210437584,782,,,1
2021-09-06,6024,群益期,twse,38.15,38.25,38.10,38.10,158813,6059631,0.05,,210437584,159,,,1
2021-09-07,6024,群益期,twse,38.10,38.10,38.00,38.05,232738,8855427,-0.05,,210437584,166,,,1
2021-09-08,6024,群益期,twse,38.05,38.05,37.55,37.60,772255,29203150,-0.45,,210437584,662,,,1
2021-09-09,6024,群益期,twse,37.55,37.85,37.50,37.75,193893,7309509,0.15,,210437584,185,,,1
2021-09-10,6024,群益期,twse,37.85,38.10,37.85,38.05,217713,8272233,0.3,,210437584,147,,,1
2021-09-13,6024,群益期,twse,38.05,38.20,38.00,38.15,164458,6265884,0.1,,210437584,125,,,1
2021-09-14,6024,群益期,twse,38.10,38.35,38.05,38.35,130710,4993629,0.2,,210437584,92,,,1
2021-09-15,6024,群益期,twse,38.30,38.30,38.10,38.30,121973,4658738,-0.05,,210437584,122,,,1
2021-09-16,6024,群益期,twse,38.20,38.35,38.20,38.30,115508,4420106,0.0,,210437584,104,,,1
2021-09-17,6024,群益期,twse,38.30,38.45,38.30,38.30,208501,7999100,0.0,,210437584,141,,,1
2021-09-22,6024,群益期,twse,38.00,38.00,37.85,37.95,273468,10378242,-0.35,,210437584,219,,,1
2021-09-23,6024,群益期,twse,38.05,38.25,38.05,38.25,76008,2901337,0.3,,210437584,85,,,1
2021-09-24,6024,群益期,twse,38.35,38.60,38.35,38.50,193508,7451222,0.25,,210437584,171,,,1
2021-09-27,6024,群益期,twse,38.50,38.70,38.50,38.60,123619,4773964,0.1,,210437584,129,,,1
2021-09-28,6024,群益期,twse,38.40,38.55,38.35,38.50,85973,3307383,-0.1,,210437584,72,,,1
2021-09-29,6024,群益期,twse,38.20,38.50,38.20,38.30,146128,5595912,-0.2,,210437584,157,,,1
2021-09-30,6024,群益期,twse,38.30,38.40,38.25,38.30,80598,3086591,0.0,,210437584,92,,,1
2021-10-01,6024,群益期,twse,38.25,38.25,37.95,37.95,458634,17447026,-0.35,,210437584,347,,,1
2021-10-04,6024,群益期,twse,38.00,38.05,37.90,38.00,142890,5428309,0.05,,210437584,122,,,1
2021-10-05,6024,群益期,twse,37.90,38.05,37.85,37.95,97642,3706327,-0.05,,210437584,117,,,1
2021-10-06,6024,群益期,twse,37.80,38.35,37.80,38.10,82705,3149062,0.15,,210437584,90,,,1
2021-10-07,6024,群益期,twse,38.20,38.35,38.10,38.25,127901,4892160,0.15,,210437584,116,,,1
2021-10-08,6024,群益期,twse,38.20,38.20,38.00,38.05,99223,3777464,-0.2,,210437584,108,,,1
2021-10-12,6024,群益期,twse,37.90,38.00,37.70,37.90,329278,12455076,-0.15,,210437584,302,,,1
2021-10-13,6024,群益期,twse,37.90,37.90,37.65,37.80,259710,9796940,-0.1,,210437584,289,,,1
2021-10-14,6024,群益期,twse,37.80,37.95,37.75,37.90,96430,3647113,0.1,,210437584,94,,,1
2021-10-15,6024,群益期,twse,37.95,38.00,37.90,38.00,156188,5928296,0.1,,210437584,145,,,1
2021-10-18,6024,群益期,twse,38.20,38.35,38.15,38.35,111694,4273215,0.35,,210437584,104,,,1
2021-10-19,6024,群益期,twse,38.35,38.40,38.25,38.30,132735,5090082,-0.05,,210437584,131,,,1
2021-10-20,6024,群益期,twse,38.45,38.45,38.20,38.30,74441,2850312,0.0,,210437584,78,,,1
2021-10-21,6024,群益期,twse,38.30,40.65,38.10,40.65,1014721,40105427,2.35,,210437584,582,,,1
2021-10-22,6024,群益期,twse,39.40,39.40,38.85,39.10,369152,14429600,-1.55,,210437584,324,,,1
2021-10-25,6024,群益期,twse,39.00,39.00,38.85,38.95,90232,3510508,-0.15,,210437584,93,,,1
2021-10-26,6024,群益期,twse,38.90,39.00,38.80,39.00,119620,4658003,0.05,,210437584,97,,,1
2021-10-27,6024,群益期,twse,39.00,39.00,38.75,38.75,70173,2722465,-0.25,,210437584,69,,,1
2021-10-28,6024,群益期,twse,38.75,38.90,38.60,38.75,52416,2029097,0.0,,210437584,60,,,1
2021-10-29,6024,群益期,twse,38.75,38.75,38.50,38.70,84642,3268030,-0.05,,210437584,97,,,1
2021-11-01,6024,群益期,twse,38.80,38.95,38.70,38.90,64116,2490657,0.2,,210437584,69,,,1
2021-11-02,6024,群益期,twse,39.00,39.00,38.90,39.00,76125,2966324,0.1,,210437584,76,,,1
2021-11-03,6024,群益期,twse,38.90,39.00,38.85,39.00,57075,2221001,0.0,,210437584,64,,,1
2021-11-04,6024,群益期,twse,39.00,39.00,38.80,38.90,66868,2598033,-0.1,,210437584,76,,,1
2021-11-05,6024,群益期,twse,39.00,39.00,38.75,38.85,39528,1535528,-0.05,,210437584,44,,,1
2021-11-08,6024,群益期,twse,38.85,38.85,38.70,38.75,164780,6389253,-0.1,,210437584,134,,,1
2021-11-09,6024,群益期,twse,38.75,38.80,38.55,38.55,177573,6861455,-0.2,,210437584,156,,,1
2021-11-10,6024,群益期,twse,38.60,38.65,38.50,38.50,226409,8724717,-0.05,,210437584,178,,,1
2021-11-11,6024,群益期,twse,38.50,38.60,38.50,38.55,148016,5702761,0.05,,210437584,109,,,1
2021-11-12,6024,群益期,twse,38.45,38.55,38.40,38.50,166638,6411262,-0.05,,210437584,165,,,1
2021-11-15,6024,群益期,twse,38.50,38.60,38.50,38.50,266544,10274686,0.0,,210437584,169,,,1
2021-11-16,6024,群益期,twse,38.50,38.55,38.45,38.55,147941,5696652,0.05,,210437584,134,,,1
2021-11-17,6024,群益期,twse,38.65,39.15,38.65,39.05,439549,17136870,0.5,,210437584,348,,,1
2021-11-18,6024,群益期,twse,39.10,39.25,39.00,39.10,391062,15287624,0.05,,210437584,293,,,1
2021-11-19,6024,群益期,twse,39.10,39.25,39.00,39.00,222676,8707184,-0.1,,210437584,173,,,1
2021-11-22,6024,群益期,twse,39.00,39.00,38.90,38.95,123862,4822600,-0.05,,210437584,130,,,1
2021-11-23,6024,群益期,twse,38.95,38.95,38.85,38.90,116123,4516570,-0.05,,210437584,97,,,1
2021-11-24,6024,群益期,twse,38.80,38.95,38.80,38.90,86739,3374337,0.0,,210437584,97,,,1
2021-11-25,6024,群益期,twse,38.90,38.90,38.60,38.65,269638,10436552,-0.25,,210437584,238,,,1
2021-11-26,6024,群益期,twse,38.65,38.65,38.30,38.30,449335,17255324,-0.35,,210437584,398,,,1
2021-11-29,6024,群益期,twse,38.30,38.35,38.00,38.25,186947,7135871,-0.05,,210437584,165,,,1
2021-11-30,6024,群益期,twse,38.25,38.60,38.20,38.60,95333,3661074,0.35,,210437584,97,,,1
2021-12-01,6024,群益期,twse,38.60,38.60,38.50,38.60,109239,4212077,0.0,,210437584,83,,,1
2021-12-02,6024,群益期,twse,38.65,38.65,38.50,38.50,111221,4284399,-0.1,,210437584,107,,,1
2021-12-03,6024,群益期,twse,38.50,38.50,38.35,38.45,98800,3798610,-0.05,,210437584,111,,,1
2021-12-06,6024,群益期,twse,38.50,38.50,38.40,38.40,113813,4373148,-0.05,,210437584,136,,,1
2021-12-07,6024,群益期,twse,38.40,38.50,38.40,38.40,101034,3886835,0.0,,210437584,105,,,1
2021-12-08,6024,群益期,twse,38.40,38.50,38.35,38.50,169990,6533045,0.1,,210437584,157,,,1
2021-12-09,6024,群益期,twse,38.50,38.50,38.40,38.50,162011,6230560,0.0,,210437584,147,,,1
2021-12-10,6024,群益期,twse,38.50,38.65,38.50,38.65,66371,2562058,0.15,,210437584,92,,,1
2021-12-13,6024,群益期,twse,38.70,38.75,38.50,38.70,69419,2684599,0.05,,210437584,81,,,1
2021-12-14,6024,群益期,twse,38.70,38.70,38.60,38.65,118890,4594641,-0.05,,210437584,116,,,1
2021-12-15,6024,群益期,twse,38.55,38.65,38.50,38.60,41554,1603748,-0.05,,210437584,69,,,1
2021-12-16,6024,群益期,twse,38.60,38.65,38.50,38.60,87532,3375933,0.0,,210437584,115,,,1
2021-12-17,6024,群益期,twse,38.65,38.65,38.50,38.60,75768,2923003,0.0,,210437584,68,,,1
2021-12-20,6024,群益期,twse,38.60,38.60,38.40,38.45,88784,3417405,-0.15,,210437584,112,,,1
2021-12-21,6024,群益期,twse,38.50,38.60,38.40,38.55,118074,4546700,0.1,,210437584,74,,,1
2021-12-22,6024,群益期,twse,38.55,38.90,38.55,38.90,156829,6083005,0.35,,210437584,128,,,1
2021-12-23,6024,群益期,twse,38.90,39.00,38.90,39.00,168826,6580556,0.1,,210437584,164,,,1
2021-12-24,6024,群益期,twse,39.00,39.10,38.90,38.95,96950,3780972,-0.05,,210437584,182,,,1
2021-12-27,6024,群益期,twse,39.00,39.00,38.80,39.00,124277,4841125,0.05,,210437584,127,,,1
2021-12-28,6024,群益期,twse,39.00,39.00,38.80,38.90,104024,4046869,-0.1,,210437584,99,,,1
2021-12-29,6024,群益期,twse,38.90,39.00,38.85,38.95,153640,5983318,0.05,,210437584,119,,,1
2021-12-30,6024,群益期,twse,39.00,39.00,38.90,38.95,76729,2988228,0.0,,210437584,100,,,1
2022-01-03,6024,群益期,twse,38.95,39.05,38.95,39.00,128172,4996945,0.05,,210437584,110,,,1
2022-01-04,6024,群益期,twse,39.00,39.05,38.95,39.05,92095,3591089,0.05,,210437584,115,,,1
2022-01-05,6024,群益期,twse,39.05,39.05,38.95,39.00,81151,3164394,-0.05,,210437584,95,,,1
2022-01-06,6024,群益期,twse,39.00,39.00,38.70,38.75,194538,7555788,-0.25,,210437584,173,,,1
2022-01-07,6024,群益期,twse,38.75,38.95,38.65,38.70,137287,5316668,-0.05,,210437584,179,,,1
2022-01-10,6024,群益期,twse,38.70,38.85,38.65,38.75,92742,3594099,0.05,,210437584,153,,,1
2022-01-11,6024,群益期,twse,38.75,38.90,38.75,38.80,139845,5428545,0.05,,210437584,156,,,1
2022-01-12,6024,群益期,twse,38.95,38.95,38.70,38.85,111754,4332348,0.05,,210437584,120,,,1
2022-01-13,6024,群益期,twse,38.95,38.95,38.70,38.95,161148,6257768,0.1,,210437584,156,,,1
2022-01-14,6024,群益期,twse,38.95,38.95,38.75,38.75,166634,6464271,-0.2,,210437584,116,,,1
2022-01-17,6024,群益期,twse,38.75,38.75,38.65,38.70,274785,10630732,-0.05,,210437584,150,,,1
2022-01-18,6024,群益期,twse,38.70,38.70,38.60,38.60,189687,7330382,-0.1,,210437584,170,,,1
2022-01-19,6024,群益期,twse,38.60,38.75,38.60,38.65,89074,3442260,0.05,,210437584,100,,,1
2022-01-20,6024,群益期,twse,38.65,38.75,38.65,38.70,88257,3414172,0.05,,210437584,83,,,1
2022-01-21,6024,群益期,twse,38.70,38.80,38.50,38.50,268638,10357982,-0.2,,210437584,200,,,1
2022-01-24,6024,群益期,twse,38.55,38.55,38.25,38.40,137483,5279529,-0.1,,210437584,270,,,1
2022-01-25,6024,群益期,twse,38.40,38.40,38.25,38.30,150893,5779737,-0.1,,210437584,175,,,1
2022-01-26,6024,群益期,twse,38.30,38.50,38.25,38.30,197402,7560839,0.0,,210437584,247,,,1
2022-02-07,6024,群益期,twse,38.55,38.55,38.30,38.50,210044,8061316,0.2,,210437584,188,,,1
2022-02-08,6024,群益期,twse,38.55,38.75,38.50,38.75,163673,6321313,0.25,,210437584,157,,,1
2022-02-09,6024,群益期,twse,38.75,38.85,38.65,38.85,147103,5703664,0.1,,210437584,456,,,1
2022-02-10,6024,群益期,twse,38.85,38.90,38.85,38.90,155351,6038618,0.05,,210437584,265,,,1
2022-02-11,6024,群益期,twse,38.90,38.90,38.75,38.80,136103,5284208,-0.1,,210437584,130,,,1
2022-02-14,6024,群益期,twse,38.85,38.85,38.50,38.55,190867,7368021,-0.25,,210437584,330,,,1
2022-02-15,6024,群益期,twse,38.55,38.85,38.55,38.70,99937,3865870,0.15,,210437584,361,,,1
2022-02-16,6024,群益期,twse,38.80,38.85,38.70,38.80,118190,4585441,0.1,,210437584,126,,,1
2022-02-17,6024,群益期,twse,38.80,38.85,38.75,38.80,148247,5751584,0.0,,210437584,438,,,1
2022-02-18,6024,群益期,twse,38.70,38.80,38.70,38.80,62649,2427603,0.0,,210437584,392,,,1
2022-02-21,6024,群益期,twse,38.65,38.85,38.65,38.85,62090,2406062,0.05,,210437584,85,,,1
2022-02-22,6024,群益期,twse,38.80,38.80,38.60,38.75,196960,7618057,-0.1,,210437584,181,,,1
2022-02-23,6024,群益期,twse,38.80,38.80,38.70,38.75,64878,2513450,0.0,,210437584,212,,,1
2022-02-24,6024,群益期,twse,38.75,38.75,38.40,38.40,272155,10484849,-0.35,,210437584,354,,,1
2022-02-25,6024,群益期,twse,38.45,38.50,38.35,38.45,203571,7822953,0.05,,210437584,203,,,1
2022-03-01,6024,群益期,twse,38.45,38.65,38.45,38.60,122111,4706743,0.15,,210437584,107,,,1
2022-03-02,6024,群益期,twse,38.65,38.80,38.60,38.80,79219,3063756,0.2,,210437584,57,,,1
2022-03-03,6024,群益期,twse,38.80,38.80,38.65,38.80,34850,1350241,0.0,,210437584,64,,,1
2022-03-04,6024,群益期,twse,38.55,38.70,38.55,38.65,130882,5049303,-0.15,,210437584,122,,,1
2022-03-07,6024,群益期,twse,38.40,38.55,38.15,38.35,296757,11348545,-0.3,,210437584,267,,,1
2022-03-08,6024,群益期,twse,38.25,38.30,38.10,38.10,335166,12801724,-0.25,,210437584,302,,,1
2022-03-09,6024,群益期,twse,38.10,38.20,38.10,38.10,267549,10208263,0.0,,210437584,207,,,1
2022-03-10,6024,群益期,twse,38.25,38.35,38.20,38.30,178914,6845696,0.2,,210437584,167,,,1
2022-03-11,6024,群益期,twse,38.30,38.35,38.20,38.30,96385,3687449,0.0,,210437584,106,,,1
2022-03-14,6024,群益期,twse,38.05,38.15,37.75,37.80,567325,21512188,-0.5,,210437584,674,,,1
2022-03-15,6024,群益期,twse,37.80,37.80,37.25,37.30,436302,16295692,-0.5,,210437584,514,,,1
2022-03-16,6024,群益期,twse,37.50,37.50,37.00,37.00,371147,13786798,-0.3,,210437584,434,,,1
2022-03-17,6024,群益期,twse,37.05,37.40,37.05,37.35,233336,8689890,0.35,,210437584,228,,,1
2022-03-18,6024,群益期,twse,37.40,37.40,36.10,37.05,578956,21389504,-0.3,,210437584,605,,,1
2022-03-21,6024,群益期,twse,37.15,37.15,37.05,37.10,271324,10066452,0.05,,210437584,244,,,1
2022-03-22,6024,群益期,twse,37.10,37.15,37.05,37.15,115824,4297820,0.05,,210437584,173,,,1
2022-03-23,6024,群益期,twse,37.25,37.30,37.20,37.30,142748,5317495,0.15,,210437584,169,,,1
2022-03-24,6024,群益期,twse,37.30,37.35,37.25,37.25,111088,4142768,-0.05,,210437584,177,,,1
2022-03-25,6024,群益期,twse,37.25,37.30,37.15,37.15,173080,6441213,-0.1,,210437584,238,,,1
2022-03-28,6024,群益期,twse,37.15,37.30,37.15,37.20,128819,4797528,0.05,,210437584,164,,,1
2022-03-29,6024,群益期,twse,37.20,37.30,37.20,37.25,126671,4721135,0.05,,210437584,149,,,1
2022-03-30,6024,群益期,twse,37.25,37.35,37.20,37.35,132672,4947687,0.1,,210437584,143,,,1
2022-03-31,6024,群益期,twse,37.35,37.45,37.30,37.35,130796,4888946,0.0,,210437584,176,,,1
2022-04-01,6024,群益期,twse,37.35,37.40,37.30,37.30,82525,3081983,-0.05,,210437584,100,,,1
2022-04-06,6024,群益期,twse,37.30,37.40,37.20,37.35,119547,4460795,0.05,,210437584,136,,,1
2022-04-07,6024,群益期,twse,37.35,37.50,37.25,37.30,140652,5247279,-0.05,,210437584,162,,,1
2022-04-08,6024,群益期,twse,37.35,37.35,37.15,37.20,129467,4820623,-0.1,,210437584,175,,,1
2022-04-11,6024,群益期,twse,37.45,37.80,37.45,37.55,196338,7384435,0.35,,210437584,184,,,1
2022-04-12,6024,群益期,twse,37.85,37.85,37.45,37.50,78695,2954560,-0.05,,210437584,138,,,1
2022-04-13,6024,群益期,twse,37.45,37.70,37.45,37.70,134745,5061006,0.2,,210437584,131,,,1
2022-04-14,6024,群益期,twse,37.75,37.75,37.55,37.55,62684,2357915,-0.15,,210437584,81,,,1
2022-04-15,6024,群益期,twse,37.50,37.55,37.30,37.50,82740,3097671,-0.05,,210437584,96,,,1
2022-04-18,6024,群益期,twse,37.50,37.50,37.35,37.40,57978,2169615,-0.1,,210437584,89,,,1
2022-04-19,6024,群益期,twse,37.40,37.50,37.35,37.45,58584,2191896,0.05,,210437584,75,,,1
2022-04-20,6024,群益期,twse,37.45,37.45,37.25,37.35,89401,3338007,-0.1,,210437584,134,,,1
2022-04-21,6024,群益期,twse,37.25,37.40,37.25,37.30,50921,1900753,-0.05,,210437584,61,,,1
2022-04-22,6024,群益期,twse,37.30,37.35,37.25,37.25,76776,2862716,-0.05,,210437584,123,,,1
2022-04-25,6024,群益期,twse,37.15,37.15,36.70,36.70,339242,12501325,-0.55,,210437584,488,,,1
2022-04-26,6024,群益期,twse,36.75,37.00,36.75,36.95,108978,4024902,0.25,,210437584,186,,,1
2022-04-27,6024,群益期,twse,36.55,36.90,36.55,36.65,209696,7680969,-0.3,,210437584,426,,,1
2022-04-28,6024,群益期,twse,36.50,36.70,36.50,36.65,104916,3845327,0.0,,210437584,447,,,1
2022-04-29,6024,群益期,twse,36.65,36.75,36.60,36.65,93820,3442019,0.0,,210437584,245,,,1
2022-05-03,6024,群益期,twse,36.65,36.70,36.50,36.55,130431,4769821,-0.1,,210437584,305,,,1
2022-05-04,6024,群益期,twse,36.60,36.60,36.35,36.40,253723,9244663,-0.15,,210437584,392,,,1
2022-05-05,6024,群益期,twse,36.50,36.55,36.40,36.50,75020,2736497,0.1,,210437584,188,,,1
2022-05-06,6024,群益期,twse,36.30,36.35,36.20,36.25,126928,4606060,-0.25,,210437584,396,,,1
2022-05-09,6024,群益期,twse,36.25,36.25,35.60,35.70,400960,14354803,-0.55,,210437584,751,,,1
2022-05-10,6024,群益期,twse,35.50,35.60,35.15,35.60,180761,6402756,-0.1,,210437584,458,,,1
2022-05-11,6024,群益期,twse,35.50,35.50,35.30,35.35,81383,2879860,-0.25,,210437584,309,,,1
2022-05-12,6024,群益期,twse,35.40,35.40,34.85,34.90,258591,9066097,-0.45,,210437584,693,,,1
2022-05-13,6024,群益期,twse,34.95,35.20,34.90,35.15,217248,7607028,0.25,,210437584,514,,,1
2022-05-16,6024,群益期,twse,35.15,35.75,35.15,35.50,101678,3601203,0.35,,210437584,200,,,1
2022-05-17,6024,群益期,twse,35.55,36.30,35.55,36.20,227976,8485954,0.7,,210437584,236,,,1
2022-05-18,6024,群益期,twse,36.20,36.25,36.05,36.10,94792,3426365,-0.1,,210437584,172,,,1
2022-05-19,6024,群益期,twse,36.10,36.10,35.35,35.60,123609,4393958,-0.5,,210437584,286,,,1
2022-05-20,6024,群益期,twse,35.70,36.00,35.70,36.00,70042,2513857,0.4,,210437584,134,,,1
2022-05-23,6024,群益期,twse,36.00,36.05,35.85,36.05,91938,3309654,0.05,,210437584,203,,,1
2022-05-24,6024,群益期,twse,36.05,36.05,35.80,36.00,51469,1852399,-0.05,,210437584,191,,,1
2022-05-25,6024,群益期,twse,35.85,35.95,35.85,35.90,38670,1388685,-0.1,,210437584,116,,,1
2022-05-26,6024,群益期,twse,36.00,36.35,36.00,36.00,41928,1514261,0.1,,210437584,103,,,1
2022-05-27,6024,群益期,twse,36.00,36.30,36.00,36.15,36907,1333184,0.15,,210437584,103,,,1
2022-05-30,6024,群益期,twse,36.40,36.45,36.30,36.35,55400,2015703,0.2,,210437584,105,,,1
2022-05-31,6024,群益期,twse,36.30,36.35,36.25,36.35,40307,1464324,0.0,,210437584,141,,,1
2022-06-01,6024,群益期,twse,36.40,36.45,36.35,36.40,18889,688077,0.05,,210437584,96,,,1
2022-06-02,6024,群益期,twse,36.40,36.50,36.35,36.50,70284,2560660,0.1,,210437584,147,,,1
2022-06-06,6024,群益期,twse,36.95,36.95,36.50,36.55,73648,2695769,0.05,,210437584,161,,,1
2022-06-07,6024,群益期,twse,36.55,36.60,36.50,36.50,48870,1786414,-0.05,,210437584,149,,,1
2022-06-08,6024,群益期,twse,36.65,36.65,36.50,36.55,19602,717749,0.05,,210437584,130,,,1
2022-06-09,6024,群益期,twse,36.55,36.80,36.55,36.75,66795,2453857,0.2,,210437584,172,,,1
2022-06-10,6024,群益期,twse,36.50,36.75,36.50,36.75,45079,1655902,0.0,,210437584,148,,,1
2022-06-13,6024,群益期,twse,36.20,36.90,36.15,36.45,113536,4124721,-0.3,,210437584,288,,,1
2022-06-14,6024,群益期,twse,36.45,36.50,36.30,36.45,41001,1492104,0.0,,210437584,143,,,1
2022-06-15,6024,群益期,twse,36.45,36.70,36.45,36.60,76101,2782831,0.15,,210437584,118,,,1
2022-06-16,6024,群益期,twse,36.90,37.20,36.75,36.80,136507,5040327,0.2,,210437584,138,,,1
2022-06-17,6024,群益期,twse,36.80,36.90,36.60,36.60,105877,3885742,-0.2,,210437584,190,,,1
2022-06-20,6024,群益期,twse,36.60,36.85,36.30,36.35,67865,2479729,-0.25,,210437584,187,,,1
2022-06-21,6024,群益期,twse,36.40,36.80,36.35,36.75,106117,3889760,0.4,,210437584,126,,,1
2022-06-22,6024,群益期,twse,36.75,36.85,36.55,36.60,109091,4005771,-0.15,,210437584,144,,,1
2022-06-23,6024,群益期,twse,36.85,36.95,36.40,36.70,117830,4322216,0.1,,210437584,170,,,1
2022-06-24,6024,群益期,twse,36.70,36.80,36.60,36.75,69396,2547441,0.05,,210437584,128,,,1
2022-06-27,6024,群益期,twse,36.95,37.40,36.95,37.20,123429,4600223,0.45,,210437584,134,,,1
2022-06-28,6024,群益期,twse,37.30,37.35,36.80,36.80,45567,1691090,-0.4,,210437584,71,,,1
2022-06-29,6024,群益期,twse,36.85,36.90,36.80,36.85,37867,1394995,0.05,,210437584,74,,,1
2022-06-30,6024,群益期,twse,36.85,36.85,36.10,36.40,132410,4814659,-0.45,,210437584,243,,,1
2022-07-01,6024,群益期,twse,36.40,36.70,35.75,35.95,121174,4393722,-0.45,,210437584,213,,,1
2022-07-04,6024,群益期,twse,35.95,36.00,35.60,35.90,129772,4644901,-0.05,,210437584,206,,,1
2022-07-05,6024,群益期,twse,36.35,36.35,35.90,36.10,65448,2364718,0.2,,210437584,101,,,1
2022-07-06,6024,群益期,twse,36.10,36.25,35.90,36.00,58107,2093921,-0.1,,210437584,115,,,1
2022-07-07,6024,群益期,twse,36.10,36.10,35.70,35.85,103399,3711845,-0.15,,210437584,213,,,1
2022-07-08,6024,群益期,twse,35.85,36.05,35.80,35.90,204352,7343506,0.05,,210437584,209,,,1
2022-07-11,6024,群益期,twse,34.95,34.95,34.60,34.80,133461,4646578,0.0,,210437584,296,,,1
2022-07-12,6024,群益期,twse,34.80,34.80,34.25,34.30,181077,6223908,-0.5,,210437584,386,,,1
2022-07-13,6024,群益期,twse,34.50,34.60,34.35,34.55,124129,4278185,0.25,,210437584,154,,,1
2022-07-14,6024,群益期,twse,34.50,34.50,34.35,34.45,35570,1225984,-0.1,,210437584,143,,,1
2022-07-15,6024,群益期,twse,34.45,34.55,34.40,34.45,61340,2113437,0.0,,210437584,102,,,1
2022-07-18,6024,群益期,twse,34.45,34.50,34.40,34.50,58559,2018118,0.05,,210437584,158,,,1
2022-07-19,6024,群益期,twse,34.55,34.65,34.40,34.65,80235,2770551,0.15,,210437584,143,,,1
2022-07-20,6024,群益期,twse,34.65,34.80,34.60,34.60,113098,3922884,-0.05,,210437584,150,,,1
2022-07-21,6024,群益期,twse,34.60,34.80,34.60,34.75,17735,615237,0.15,,210437584,81,,,1
2022-07-22,6024,群益期,twse,34.65,34.80,34.65,34.80,26443,919392,0.05,,210437584,95,,,1
2022-07-25,6024,群益期,twse,34.80,35.10,34.80,35.00,52778,1844858,0.2,,210437584,114,,,1
2022-07-26,6024,群益期,twse,35.00,35.10,34.90,34.95,31704,1108379,-0.05,,210437584,101,,,1
2022-07-27,6024,群益期,twse,34.85,35.00,34.85,35.00,27192,950883,0.05,,210437584,59,,,1
2022-07-28,6024,群益期,twse,35.00,35.50,35.00,35.30,52188,1840188,0.3,,210437584,96,,,1
2022-07-29,6024,群益期,twse,35.25,35.50,35.25,35.40,32098,1135492,0.1,,210437584,51,,,1
2022-08-01,6024,群益期,twse,35.40,35.45,35.35,35.45,33115,1172961,0.05,,210437584,56,,,1
2022-08-02,6024,群益期,twse,35.40,35.40,35.10,35.20,68474,2413698,-0.25,,210437584,126,,,1
2022-08-03,6024,群益期,twse,35.20,35.20,34.95,35.10,49907,1748906,-0.1,,210437584,95,,,1
2022-08-04,6024,群益期,twse,34.95,35.10,34.90,35.00,84288,2951301,-0.1,,210437584,143,,,1
2022-08-05,6024,群益期,twse,35.00,35.45,35.00,35.30,60545,2127894,0.3,,210437584,86,,,1
2022-08-08,6024,群益期,twse,35.45,35.75,35.45,35.70,117615,4194406,0.4,,210437584,121,,,1
2022-08-09,6024,群益期,twse,35.80,36.15,35.70,36.15,149263,5381656,0.45,,210437584,107,,,1
2022-08-10,6024,群益期,twse,36.10,36.10,35.95,36.05,80227,2888937,-0.1,,210437584,106,,,1
2022-08-11,6024,群益期,twse,36.10,36.15,35.90,35.90,105981,3818920,-0.15,,210437584,137,,,1
2022-08-12,6024,群益期,twse,36.00,36.15,35.75,36.05,33903,1218560,0.15,,210437584,77,,,1
2022-08-15,6024,群益期,twse,36.10,36.10,36.00,36.05,42470,1530337,0.0,,210437584,55,,,1
2022-08-16,6024,群益期,twse,36.10,36.15,36.00,36.05,52417,1889052,0.0,,210437584,74,,,1
2022-08-17,6024,群益期,twse,36.05,36.05,35.90,35.90,49483,1779558,-0.15,,210437584,81,,,1
2022-08-18,6024,群益期,twse,35.85,36.00,35.80,36.00,32328,1162121,0.1,,210437584,62,,,1
2022-08-19,6024,群益期,twse,35.90,36.15,35.90,36.15,61638,2220972,0.15,,210437584,82,,,1
2022-08-22,6024,群益期,twse,36.15,36.25,36.00,36.05,91666,3314586,-0.1,,210437584,106,,,1
2022-08-23,6024,群益期,twse,36.05,36.35,36.00,36.10,267945,9695770,0.05,,210437584,121,,,1
2022-08-24,6024,群益期,twse,36.10,36.40,36.10,36.35,162533,5893280,0.25,,210437584,73,,,1
2022-08-25,6024,群益期,twse,36.40,36.55,36.40,36.45,146984,5358262,0.1,,210437584,127,,,1
2022-08-26,6024,群益期,twse,36.45,36.45,36.35,36.35,60593,2206460,-0.1,,210437584,86,,,1
2022-08-29,6024,群益期,twse,36.25,36.25,36.10,36.20,67430,2437621,-0.15,,210437584,102,,,1
2022-08-30,6024,群益期,twse,36.00,36.20,36.00,36.15,49338,1783007,-0.05,,210437584,70,,,1
2022-08-31,6024,群益期,twse,36.15,36.25,36.10,36.10,57275,2071912,-0.05,,210437584,88,,,1
2022-09-01,6024,群益期,twse,36.00,36.00,35.80,35.80,189737,6808142,-0.3,,210437584,257,,,1
2022-09-02,6024,群益期,twse,35.85,35.85,35.65,35.70,75201,2688866,-0.1,,210437584,138,,,1
2022-09-05,6024,群益期,twse,35.70,35.90,35.70,35.70,54527,1947978,0.0,,210437584,67,,,1
2022-09-06,6024,群益期,twse,35.70,35.75,35.50,35.50,148347,5276991,-0.2,,210437584,166,,,1
2022-09-07,6024,群益期,twse,35.60,35.60,35.10,35.10,164150,5787024,-0.4,,210437584,207,,,1
2022-09-08,6024,群益期,twse,35.50,35.50,35.25,35.30,159976,5650923,0.2,,210437584,175,,,1
2022-09-12,6024,群益期,twse,35.40,35.55,35.40,35.40,74864,2655100,0.1,,210437584,90,,,1
2022-09-13,6024,群益期,twse,35.40,35.65,35.40,35.55,74365,2645080,0.15,,210437584,101,,,1
2022-09-14,6024,群益期,twse,35.15,35.40,35.15,35.35,48515,1715143,-0.2,,210437584,142,,,1
2022-09-15,6024,群益期,twse,35.30,35.50,35.25,35.50,209618,7436132,0.15,,210437584,139,,,1
2022-09-16,6024,群益期,twse,35.50,35.50,35.35,35.45,51328,1819107,-0.05,,210437584,96,,,1
2022-09-19,6024,群益期,twse,35.80,35.80,35.25,35.40,28188,997482,-0.05,,210437584,77,,,1
2022-09-20,6024,群益期,twse,35.40,35.60,35.35,35.55,29558,1047862,0.15,,210437584,41,,,1
2022-09-21,6024,群益期,twse,35.55,35.70,35.45,35.50,44477,1582250,-0.05,,210437584,67,,,1
2022-09-22,6024,群益期,twse,35.50,35.50,35.30,35.45,53296,1885338,-0.05,,210437584,86,,,1
2022-09-23,6024,群益期,twse,35.50,35.50,35.35,35.45,30393,1076840,0.0,,210437584,53,,,1
2022-09-26,6024,群益期,twse,35.40,35.40,34.60,34.80,217589,7616913,-0.65,,210437584,372,,,1
2022-09-27,6024,群益期,twse,34.80,34.80,34.40,34.65,141762,4907528,-0.15,,210437584,372,,,1
2022-09-28,6024,群益期,twse,34.70,34.70,34.05,34.20,148425,5090656,-0.45,,210437584,347,,,1
2022-09-29,6024,群益期,twse,34.40,34.60,34.10,34.50,91921,3150632,0.3,,210437584,154,,,1
2022-09-30,6024,群益期,twse,34.15,34.40,34.10,34.30,90947,3115061,-0.2,,210437584,207,,,1
2022-10-03,6024,群益期,twse,34.25,34.45,34.10,34.40,78170,2674811,0.1,,210437584,185,,,1
2022-10-04,6024,群益期,twse,34.40,34.60,34.40,34.50,52788,1822353,0.1,,210437584,100,,,1
2022-10-05,6024,群益期,twse,34.60,34.70,34.50,34.60,93465,3230473,0.1,,210437584,129,,,1
2022-10-06,6024,群益期,twse,34.60,34.60,34.40,34.50,30823,1064099,-0.1,,210437584,92,,,1
2022-10-07,6024,群益期,twse,34.50,34.95,34.45,34.80,56225,1946354,0.3,,210437584,122,,,1
2022-10-11,6024,群益期,twse,35.15,35.25,34.80,35.00,217035,7612307,0.2,,210437584,275,,,1
2022-10-12,6024,群益期,twse,35.00,35.05,34.75,34.80,95637,3339398,-0.2,,210437584,160,,,1
2022-10-13,6024,群益期,twse,34.85,34.85,34.40,34.50,131899,4564284,-0.3,,210437584,236,,,1
2022-10-14,6024,群益期,twse,34.70,35.00,34.70,34.95,72179,2517965,0.45,,210437584,86,,,1
2022-10-17,6024,群益期,twse,34.90,34.90,34.50,34.60,46357,1607017,-0.35,,210437584,165,,,1
2022-10-18,6024,群益期,twse,34.90,34.90,34.45,34.80,89201,3089602,0.2,,210437584,144,,,1
2022-10-19,6024,群益期,twse,34.60,34.80,34.40,34.75,81190,2811736,-0.05,,210437584,174,,,1
2022-10-20,6024,群益期,twse,34.40,34.55,33.10,33.25,1104155,36957611,-1.5,,210437584,1020,,,1
2022-10-21,6024,群益期,twse,33.60,34.20,33.60,34.00,148688,5052708,0.75,,210437584,232,,,1
2022-10-24,6024,群益期,twse,34.25,34.35,34.20,34.30,68150,2335757,0.3,,210437584,137,,,1
2022-10-25,6024,群益期,twse,34.35,34.45,34.15,34.45,72073,2472645,0.15,,210437584,110,,,1
2022-10-26,6024,群益期,twse,34.45,34.75,34.40,34.55,56709,1958843,0.1,,210437584,78,,,1
2022-10-27,6024,群益期,twse,34.75,34.95,34.60,34.95,54893,1910217,0.4,,210437584,68,,,1
2022-10-28,6024,群益期,twse,34.95,34.95,34.75,34.85,34097,1187905,-0.1,,210437584,86,,,1
2022-10-31,6024,群益期,twse,34.80,35.00,34.80,35.00,63678,2225334,0.15,,210437584,97,,,1
2022-11-01,6024,群益期,twse,35.00,35.10,34.85,35.00,123781,4328449,0.0,,210437584,126,,,1
2022-11-02,6024,群益期,twse,35.00,35.00,34.90,34.95,13589,475181,-0.05,,210437584,77,,,1
2022-11-03,6024,群益期,twse,34.75,35.00,34.75,34.90,30623,1069526,-0.05,,210437584,72,,,1
2022-11-04,6024,群益期,twse,34.80,34.95,34.80,34.95,46346,1617483,0.05,,210437584,71,,,1
2022-11-07,6024,群益期,twse,34.95,35.05,34.95,35.00,163865,5734118,0.05,,210437584,149,,,1
2022-11-08,6024,群益期,twse,35.50,36.10,35.40,35.50,310625,11072183,0.5,,210437584,318,,,1
2022-11-09,6024,群益期,twse,35.50,35.75,35.50,35.65,193901,6907103,0.15,,210437584,149,,,1
2022-11-10,6024,群益期,twse,35.60,35.60,35.40,35.60,60230,2138788,-0.05,,210437584,74,,,1
2022-11-11,6024,群益期,twse,35.95,35.95,35.75,35.80,166844,5976347,0.2,,210437584,139,,,1
2022-11-14,6024,群益期,twse,36.00,36.20,35.90,36.15,362088,13064157,0.35,,210437584,243,,,1
2022-11-15,6024,群益期,twse,36.25,36.35,36.00,36.00,181392,6555085,-0.15,,210437584,156,,,1
2022-11-16,6024,群益期,twse,36.00,36.00,35.80,35.80,152474,5474274,-0.2,,210437584,164,,,1
2022-11-17,6024,群益期,twse,35.80,36.10,35.80,35.90,27800,997049,0.1,,210437584,47,,,1
2022-11-18,6024,群益期,twse,35.90,36.10,35.85,35.95,125377,4502290,0.05,,210437584,115,,,1
2022-11-21,6024,群益期,twse,35.95,36.00,35.90,35.95,89106,3205417,0.0,,210437584,88,,,1
2022-11-22,6024,群益期,twse,35.95,36.00,35.90,36.00,90210,3245041,0.05,,210437584,87,,,1
2022-11-23,6024,群益期,twse,36.10,36.15,36.00,36.15,182219,6574715,0.15,,210437584,131,,,1
2022-11-24,6024,群益期,twse,36.30,36.30,36.10,36.25,192080,6951715,0.1,,210437584,145,,,1
2022-11-25,6024,群益期,twse,36.20,36.30,36.20,36.20,183565,6650605,-0.05,,210437584,122,,,1
2022-11-28,6024,群益期,twse,36.20,36.20,36.05,36.20,166506,6015690,0.0,,210437584,94,,,1
2022-11-29,6024,群益期,twse,36.20,36.25,36.10,36.15,283000,10245537,-0.05,,210437584,141,,,1
2022-11-30,6024,群益期,twse,36.20,36.45,36.15,36.45,330999,11987138,0.3,,210437584,154,,,1
2022-12-01,6024,群益期,twse,36.50,36.90,36.50,36.85,303518,11131082,0.4,,210437584,232,,,1
2022-12-02,6024,群益期,twse,36.80,37.10,36.80,37.05,210973,7806113,0.2,,210437584,183,,,1
2022-12-05,6024,群益期,twse,37.05,37.40,37.05,37.35,188792,7040276,0.3,,210437584,181,,,1
2022-12-06,6024,群益期,twse,37.40,37.45,37.30,37.30,201250,7525460,-0.05,,210437584,178,,,1
2022-12-07,6024,群益期,twse,37.30,37.35,37.20,37.35,116386,4339705,0.05,,210437584,103,,,1
2022-12-08,6024,群益期,twse,37.35,37.35,36.65,36.80,246776,9099996,-0.55,,210437584,243,,,1
2022-12-09,6024,群益期,twse,37.10,37.10,36.85,36.95,101627,3755850,0.15,,210437584,99,,,1
2022-12-12,6024,群益期,twse,37.00,37.00,36.75,36.80,60948,2247799,-0.15,,210437584,69,,,1
2022-12-13,6024,群益期,twse,36.90,37.50,36.75,36.95,115667,4263929,0.15,,210437584,116,,,1
2022-12-14,6024,群益期,twse,36.95,37.35,36.95,37.20,94179,3497906,0.25,,210437584,86,,,1
2022-12-15,6024,群益期,twse,37.20,37.30,37.00,37.30,77709,2888127,0.1,,210437584,151,,,1
2022-12-16,6024,群益期,twse,37.10,37.40,37.00,37.35,146151,5438872,0.05,,210437584,128,,,1
2022-12-19,6024,群益期,twse,37.35,37.35,37.25,37.35,73582,2745709,0.0,,210437584,75,,,1
2022-12-20,6024,群益期,twse,37.00,37.25,37.00,37.00,70177,2604641,-0.35,,210437584,85,,,1
2022-12-21,6024,群益期,twse,37.00,37.10,37.00,37.10,87014,3224452,0.1,,210437584,71,,,1
2022-12-22,6024,群益期,twse,37.05,37.20,37.00,37.10,65685,2435572,0.0,,210437584,66,,,1
2022-12-23,6024,群益期,twse,37.00,37.00,36.85,36.90,51282,1893707,-0.2,,210437584,97,,,1
2022-12-26,6024,群益期,twse,37.00,37.10,36.95,37.10,36972,1370397,0.2,,210437584,35,,,1
2022-12-27,6024,群益期,twse,37.10,37.10,37.00,37.10,22987,852039,0.0,,210437584,51,,,1
2022-12-28,6024,群益期,twse,37.05,37.05,36.90,36.90,35597,1315103,-0.2,,210437584,49,,,1
2022-12-29,6024,群益期,twse,36.80,36.80,36.50,36.65,203731,7465979,-0.25,,210437584,200,,,1
2022-12-30,6024,群益期,twse,36.60,36.75,36.60,36.75,18244,669932,0.1,,210437584,41,,,1
2023-01-03,6024,群益期,twse,36.75,36.80,36.45,36.65,79199,2898893,-0.1,,210437584,79,,,1
2023-01-04,6024,群益期,twse,36.95,36.95,36.65,36.80,25599,941695,0.15,,210437584,75,,,1
2023-01-05,6024,群益期,twse,36.90,37.20,36.80,37.10,37737,1394540,0.3,,210437584,52,,,1
2023-01-06,6024,群益期,twse,37.10,37.10,36.95,37.05,60519,2243067,-0.05,,210437584,50,,,1
2023-01-09,6024,群益期,twse,37.65,38.60,37.45,38.55,868572,33029638,1.5,,210437584,601,,,1
2023-01-10,6024,群益期,twse,38.50,38.85,38.40,38.60,287597,11100879,0.05,,210437584,271,,,1
2023-01-11,6024,群益期,twse,38.70,38.85,38.65,38.65,225978,8753396,0.05,,210437584,227,,,1
2023-01-12,6024,群益期,twse,38.65,38.70,38.50,38.55,255687,9867254,-0.1,,210437584,168,,,1
2023-01-13,6024,群益期,twse,38.55,38.55,38.20,38.25,156343,5999164,-0.3,,210437584,474,,,1
2023-01-16,6024,群益期,twse,38.25,38.50,38.25,38.30,115762,4448500,0.05,,210437584,110,,,1
2023-01-17,6024,群益期,twse,38.40,38.45,38.30,38.30,88028,3373794,0.0,,210437584,185,,,1
2023-01-30,6024,群益期,twse,38.50,38.70,38.30,38.30,196192,7536773,0.0,,210437584,298,,,1
2023-01-31,6024,群益期,twse,38.30,38.50,38.30,38.50,113693,4368946,0.2,,210437584,208,,,1
2023-02-01,6024,群益期,twse,38.45,38.75,38.45,38.60,175298,6760354,0.1,,210437584,332,,,1
2023-02-02,6024,群益期,twse,38.75,38.85,38.70,38.80,134344,5211176,0.2,,210437584,134,,,1
2023-02-03,6024,群益期,twse,38.90,38.90,38.40,38.75,211374,8177782,-0.05,,210437584,169,,,1
2023-02-06,6024,群益期,twse,38.75,38.80,38.60,38.70,89197,3451682,-0.05,,210437584,103,,,1
2023-02-07,6024,群益期,twse,38.60,38.80,38.60,38.65,81029,3130952,-0.05,,210437584,85,,,1
2023-02-08,6024,群益期,twse,38.65,38.90,38.65,38.90,287173,11139428,0.25,,210437584,203,,,1
2023-02-09,6024,群益期,twse,38.80,39.00,38.80,38.90,171355,6668244,0.0,,210437584,168,,,1
2023-02-10,6024,群益期,twse,38.85,38.85,38.65,38.70,142957,5539461,-0.2,,210437584,173,,,1
2023-02-13,6024,群益期,twse,38.60,38.80,38.55,38.65,116099,4486333,-0.05,,210437584,124,,,1
2023-02-14,6024,群益期,twse,38.65,38.85,38.65,38.80,79279,3072413,0.15,,210437584,107,,,1
2023-02-15,6024,群益期,twse,38.80,38.80,38.60,38.60,129258,4997956,-0.2,,210437584,123,,,1
2023-02-16,6024,群益期,twse,38.75,38.75,38.55,38.65,71406,2758730,0.05,,210437584,90,,,1
2023-02-17,6024,群益期,twse,38.55,38.70,38.55,38.60,55104,2127819,-0.05,,210437584,81,,,1
2023-02-20,6024,群益期,twse,38.65,38.80,38.65,38.70,127115,4922347,0.1,,210437584,135,,,1
2023-02-21,6024,群益期,twse,38.75,38.95,38.70,38.90,130926,5079918,0.2,,210437584,143,,,1
2023-02-22,6024,群益期,twse,38.80,39.00,38.60,39.00,181701,7043996,0.1,,210437584,182,,,1
2023-02-23,6024,群益期,twse,39.05,39.45,39.00,39.40,364009,14252579,0.4,,210437584,361,,,1
2023-02-24,6024,群益期,twse,39.45,39.45,39.25,39.45,140618,5527695,0.05,,210437584,239,,,1
2023-03-01,6024,群益期,twse,39.45,39.45,39.10,39.35,168277,6616425,-0.1,,210437584,296,,,1
2023-03-02,6024,群益期,twse,39.35,39.45,39.20,39.35,198499,7803251,0.0,,210437584,155,,,1
2023-03-03,6024,群益期,twse,39.50,39.50,39.20,39.20,331369,13002275,-0.15,,210437584,235,,,1
2023-03-06,6024,群益期,twse,39.30,39.35,39.20,39.25,169484,6655280,0.05,,210437584,178,,,1
2023-03-07,6024,群益期,twse,39.55,40.35,39.55,40.30,1070909,42961515,1.05,,210437584,685,,,1
2023-03-08,6024,群益期,twse,40.35,40.75,40.10,40.65,435717,17657837,0.35,,210437584,389,,,1
2023-03-09,6024,群益期,twse,40.55,40.80,40.55,40.55,212357,8631644,-0.1,,210437584,249,,,1
2023-03-10,6024,群益期,twse,40.55,40.60,40.05,40.40,355751,14346734,-0.15,,210437584,357,,,1
2023-03-13,6024,群益期,twse,39.95,40.05,39.45,39.80,543677,21574104,-0.6,,210437584,941,,,1
2023-03-14,6024,群益期,twse,41.35,41.35,40.85,40.95,1117139,45968085,1.15,,210437584,1231,,,1
2023-03-15,6024,群益期,twse,41.00,41.75,41.00,41.60,535656,22211236,0.65,,210437584,531,,,1
2023-03-16,6024,群益期,twse,41.80,41.80,40.80,40.90,652514,26880001,-0.7,,210437584,652,,,1
2023-03-17,6024,群益期,twse,41.10,41.70,41.10,41.60,421074,17407972,0.7,,210437584,295,,,1
2023-03-20,6024,群益期,twse,41.60,41.70,41.45,41.65,212857,8855179,0.05,,210437584,213,,,1
2023-03-21,6024,群益期,twse,41.70,41.70,41.50,41.60,93560,3890215,-0.05,,210437584,188,,,1
2023-03-22,6024,群益期,twse,41.65,42.00,41.55,41.85,208998,8732140,0.25,,210437584,205,,,1
2023-03-23,6024,群益期,twse,41.85,42.20,41.85,42.10,239946,10083772,0.25,,210437584,265,,,1
2023-03-24,6024,群益期,twse,42.30,42.35,41.95,42.05,290719,12243540,-0.05,,210437584,261,,,1
2023-03-27,6024,群益期,twse,42.00,42.00,41.85,41.85,175317,7344386,-0.2,,210437584,168,,,1
2023-03-28,6024,群益期,twse,41.85,42.00,41.65,41.85,291829,12206367,0.0,,210437584,182,,,1
2023-03-29,6024,群益期,twse,41.85,42.15,41.85,42.05,200604,8421326,0.2,,210437584,235,,,1
2023-03-30,6024,群益期,twse,42.10,42.20,42.00,42.10,130907,5515570,0.05,,210437584,157,,,1
2023-03-31,6024,群益期,twse,42.30,42.75,42.25,42.70,503956,21393751,0.6,,210437584,467,,,1
2023-04-06,6024,群益期,twse,42.75,43.65,42.70,43.60,555255,24006588,0.9,,210437584,599,,,1
2023-04-07,6024,群益期,twse,43.70,44.10,43.40,43.45,467231,20432160,-0.15,,210437584,539,,,1
2023-04-10,6024,群益期,twse,43.60,43.60,43.10,43.20,221888,9596027,-0.25,,210437584,288,,,1
2023-04-11,6024,群益期,twse,44.00,44.65,43.80,44.25,1243269,54913120,1.05,,210437584,708,,,1
2023-04-12,6024,群益期,twse,44.30,44.35,43.90,43.95,375779,16564313,-0.3,,210437584,534,,,1
2023-04-13,6024,群益期,twse,44.00,44.00,43.50,43.70,365821,15981431,-0.25,,210437584,301,,,1
2023-04-14,6024,群益期,twse,43.70,44.25,43.70,44.10,361245,15871729,0.4,,210437584,275,,,1
2023-04-17,6024,群益期,twse,44.10,44.30,44.05,44.10,212570,9377637,0.0,,210437584,337,,,1
2023-04-18,6024,群益期,twse,44.25,44.25,43.85,44.00,227878,10040919,-0.1,,210437584,194,,,1
2023-04-19,6024,群益期,twse,44.00,44.00,43.20,43.35,675882,29447090,-0.65,,210437584,537,,,1
2023-04-20,6024,群益期,twse,43.35,43.65,43.20,43.50,268658,11651969,0.15,,210437584,236,,,1
2023-04-21,6024,群益期,twse,43.40,43.70,43.00,43.45,309450,13406004,-0.05,,210437584,385,,,1
2023-04-24,6024,群益期,twse,43.45,44.00,43.45,43.50,97775,4270271,0.05,,210437584,170,,,1
2023-04-25,6024,群益期,twse,43.50,43.50,43.10,43.25,130083,5632692,-0.25,,210437584,227,,,1
2023-04-26,6024,群益期,twse,43.15,43.45,42.95,43.15,365600,15767866,-0.1,,210437584,263,,,1
2023-04-27,6024,群益期,twse,43.20,43.35,43.00,43.05,173340,7485424,-0.1,,210437584,166,,,1
2023-04-28,6024,群益期,twse,43.15,43.50,43.15,43.40,244195,10598236,0.35,,210437584,180,,,1
2023-05-02,6024,群益期,twse,43.50,44.05,43.40,43.85,358586,15708345,0.45,,210437584,263,,,1
2023-05-03,6024,群益期,twse,43.85,44.35,43.75,44.20,273939,12072597,0.35,,210437584,338,,,1
2023-05-04,6024,群益期,twse,44.20,44.50,44.05,44.50,309521,13713820,0.3,,210437584,221,,,1
2023-05-05,6024,群益期,twse,44.50,44.50,44.35,44.50,188293,8363484,0.0,,210437584,275,,,1
2023-05-08,6024,群益期,twse,44.60,45.05,44.60,44.95,560402,25156924,0.45,,210437584,520,,,1
2023-05-09,6024,群益期,twse,44.70,44.70,43.90,44.20,739025,32651034,-0.75,,210437584,672,,,1
2023-05-10,6024,群益期,twse,44.30,44.30,44.00,44.15,197032,8699365,-0.05,,210437584,198,,,1
2023-05-11,6024,群益期,twse,44.20,44.20,43.35,43.45,555056,24206888,-0.7,,210437584,479,,,1
2023-05-12,6024,群益期,twse,43.50,43.50,43.00,43.30,421395,18249172,-0.15,,210437584,319,,,1
2023-05-15,6024,群益期,twse,43.25,43.65,43.25,43.35,282640,12275921,0.05,,210437584,250,,,1
2023-05-16,6024,群益期,twse,43.35,44.00,43.35,43.95,308156,13471005,0.6,,210437584,258,,,1
2023-05-17,6024,群益期,twse,44.00,44.25,43.85,44.05,293242,12935951,0.1,,210437584,317,,,1
2023-05-18,6024,群益期,twse,44.20,44.30,43.95,44.15,303692,13396943,0.1,,210437584,216,,,1
2023-05-19,6024,群益期,twse,44.30,44.35,44.10,44.15,243835,10776098,0.0,,210437584,187,,,1
2023-05-22,6024,群益期,twse,44.35,44.35,44.10,44.15,80876,3575057,0.0,,210437584,111,,,1
2023-05-23,6024,群益期,twse,44.15,44.25,44.15,44.25,92112,4072386,0.1,,210437584,114,,,1
2023-05-24,6024,群益期,twse,44.15,44.25,44.05,44.15,186199,8214568,-0.1,,210437584,213,,,1
2023-05-25,6024,群益期,twse,43.95,44.10,43.95,44.00,143122,6303124,-0.15,,210437584,153,,,1
2023-05-26,6024,群益期,twse,44.00,44.65,44.00,44.50,310682,13808604,0.5,,210437584,314,,,1
2023-05-29,6024,群益期,twse,44.65,45.00,44.65,44.90,434366,19501955,0.4,,210437584,511,,,1
2023-05-30,6024,群益期,twse,44.90,45.00,44.60,44.60,234060,10471057,-0.3,,210437584,453,,,1
2023-05-31,6024,群益期,twse,44.70,44.70,44.40,44.45,291204,12957619,-0.15,,210437584,257,,,1
2023-06-01,6024,群益期,twse,44.45,44.80,44.35,44.70,203292,9063028,0.25,,210437584,188,,,1
2023-06-02,6024,群益期,twse,45.20,45.30,45.05,45.25,526076,23763231,0.55,,210437584,457,,,1
2023-06-05,6024,群益期,twse,45.20,45.85,45.20,45.60,504865,23031197,0.35,,210437584,423,,,1
2023-06-06,6024,群益期,twse,45.70,45.80,45.45,45.50,324193,14764772,-0.1,,210437584,315,,,1
2023-06-07,6024,群益期,twse,45.60,46.20,45.60,46.15,718216,33079386,0.65,,210437584,617,,,1
2023-06-08,6024,群益期,twse,46.15,46.25,45.80,45.85,488052,22474648,-0.3,,210437584,413,,,1
2023-06-09,6024,群益期,twse,45.80,46.30,45.80,46.25,495626,22823842,0.4,,210437584,366,,,1
2023-06-12,6024,群益期,twse,46.35,46.40,45.80,45.80,564321,25944735,-0.45,,210437584,505,,,1
2023-06-13,6024,群益期,twse,45.75,45.75,45.20,45.35,814376,36936055,-0.45,,210437584,715,,,1
2023-06-14,6024,群益期,twse,45.35,45.80,45.25,45.50,514204,23416470,0.15,,210437584,311,,,1
2023-06-15,6024,群益期,twse,45.70,46.10,45.35,45.40,833295,38053459,-0.1,,210437584,499,,,1
2023-06-16,6024,群益期,twse,45.50,45.65,45.20,45.40,816664,37124424,0.0,,210437584,470,,,1
2023-06-19,6024,群益期,twse,45.45,45.45,44.75,44.90,1785621,80515566,-0.5,,210437584,1264,,,1
2023-06-20,6024,群益期,twse,42.20,42.70,42.10,42.30,1693349,71728685,0.0,,210437584,971,,,1
2023-06-21,6024,群益期,twse,42.30,42.35,42.10,42.20,567422,23949651,-0.1,,210437584,441,,,1
2023-06-26,6024,群益期,twse,42.20,42.25,41.85,41.90,677013,28412143,-0.3,,210437584,500,,,1
2023-06-27,6024,群益期,twse,41.90,42.10,41.70,42.05,483013,20259440,0.15,,210437584,360,,,1
2023-06-28,6024,群益期,twse,41.95,42.15,41.85,41.90,237153,9951902,-0.15,,210437584,241,,,1
2023-06-29,6024,群益期,twse,41.85,41.90,41.55,41.55,492988,20580319,-0.35,,210437584,538,,,1
2023-06-30,6024,群益期,twse,41.55,41.75,41.50,41.55,268062,11144803,0.0,,210437584,310,,,1
2023-07-03,6024,群益期,twse,41.60,41.75,41.45,41.75,230046,9568196,0.2,,210437584,235,,,1
2023-07-04,6024,群益期,twse,41.75,42.35,41.75,42.35,424643,17892108,0.6,,210437584,327,,,1
2023-07-05,6024,群益期,twse,42.30,42.40,42.20,42.30,223006,9434959,-0.05,,210437584,244,,,1
2023-07-06,6024,群益期,twse,42.20,42.25,42.00,42.05,184093,7754615,-0.25,,210437584,201,,,1
2023-07-07,6024,群益期,twse,42.00,42.00,41.50,41.75,317459,13229582,-0.3,,210437584,281,,,1
2023-07-10,6024,群益期,twse,42.10,42.90,42.00,42.75,869490,37054586,1.0,,210437584,590,,,1
2023-07-11,6024,群益期,twse,42.75,42.85,42.55,42.65,188940,8059052,-0.1,,210437584,237,,,1
2023-07-12,6024,群益期,twse,42.95,42.95,42.25,42.45,235257,9993830,-0.2,,210437584,221,,,1
2023-07-13,6024,群益期,twse,42.60,42.90,42.60,42.75,328860,14042704,0.3,,210437584,195,,,1
2023-07-14,6024,群益期,twse,42.55,42.90,42.55,42.70,130101,5560365,-0.05,,210437584,187,,,1
2023-07-17,6024,群益期,twse,42.70,43.15,42.60,43.00,359859,15455983,0.3,,210437584,270,,,1
2023-07-18,6024,群益期,twse,43.00,43.00,42.75,42.85,183822,7883366,-0.15,,210437584,253,,,1
2023-07-19,6024,群益期,twse,42.85,43.25,42.60,42.60,261441,11227598,-0.25,,210437584,234,,,1
2023-07-20,6024,群益期,twse,42.70,42.90,42.60,42.65,148762,6349712,0.05,,210437584,151,,,1
2023-07-21,6024,群益期,twse,42.60,42.70,42.40,42.65,133509,5687397,0.0,,210437584,140,,,1
2023-07-24,6024,群益期,twse,42.65,42.65,42.35,42.55,251612,10708521,-0.1,,210437584,196,,,1
2023-07-25,6024,群益期,twse,42.50,42.90,42.45,42.90,264472,11264682,0.35,,210437584,182,,,1
2023-07-26,6024,群益期,twse,43.00,43.35,42.80,43.05,329275,14196949,0.15,,210437584,258,,,1
2023-07-27,6024,群益期,twse,43.15,43.45,43.15,43.40,196554,8514240,0.35,,210437584,269,,,1
2023-07-28,6024,群益期,twse,43.45,43.45,43.15,43.30,131916,5715027,-0.1,,210437584,299,,,1
2023-07-31,6024,群益期,twse,43.40,44.15,43.25,43.50,350325,15308572,0.2,,210437584,303,,,1
2023-08-01,6024,群益期,twse,43.70,43.95,43.60,43.70,132813,5799844,0.2,,210437584,245,,,1
2023-08-02,6024,群益期,twse,43.80,43.80,43.20,43.30,276375,12025316,-0.4,,210437584,235,,,1
2023-08-04,6024,群益期,twse,43.30,44.15,43.15,44.00,274639,12031316,0.7,,210437584,233,,,1
2023-08-07,6024,群益期,twse,44.10,45.00,44.10,44.50,611695,27295599,0.5,,210437584,510,,,1
2023-08-08,6024,群益期,twse,44.55,44.80,44.25,44.55,384219,17118319,0.05,,210437584,531,,,1
2023-08-09,6024,群益期,twse,44.55,44.55,44.35,44.35,141171,6272478,-0.2,,210437584,206,,,1
2023-08-10,6024,群益期,twse,44.25,44.30,43.70,43.70,195528,8576931,-0.65,,210437584,345,,,1
2023-08-11,6024,群益期,twse,43.55,44.20,43.55,43.90,168340,7393243,0.2,,210437584,155,,,1
2023-08-14,6024,群益期,twse,43.90,43.90,42.80,42.90,416268,17973089,-1.0,,210437584,600,,,1
2023-08-15,6024,群益期,twse,42.90,43.45,42.40,43.10,251431,10824783,0.2,,210437584,209,,,1
2023-08-16,6024,群益期,twse,42.70,43.25,42.65,43.10,121973,5230168,0.0,,210437584,445,,,1
2023-08-17,6024,群益期,twse,43.00,43.45,42.70,43.30,117962,5075035,0.2,,210437584,129,,,1
2023-08-18,6024,群益期,twse,43.15,43.35,43.00,43.15,146637,6325612,-0.15,,210437584,222,,,1
2023-08-21,6024,群益期,twse,43.20,43.30,42.90,43.10,133554,5748249,-0.05,,210437584,146,,,1
2023-08-22,6024,群益期,twse,43.05,43.25,43.00,43.10,61630,2654190,0.0,,210437584,81,,,1
2023-08-23,6024,群益期,twse,43.00,43.50,42.90,43.50,215037,9273011,0.4,,210437584,177,,,1
2023-08-24,6024,群益期,twse,43.30,44.10,43.30,44.00,319504,14032357,0.5,,210437584,249,,,1
2023-08-25,6024,群益期,twse,43.95,44.00,43.80,43.90,111384,4891330,-0.1,,210437584,334,,,1
2023-08-28,6024,群益期,twse,43.95,44.35,43.90,44.25,367236,16184498,0.35,,210437584,317,,,1
2023-08-29,6024,群益期,twse,44.35,44.75,44.30,44.65,296636,13215902,0.4,,210437584,294,,,1
2023-08-30,6024,群益期,twse,44.65,44.95,43.95,44.00,379410,16780136,-0.65,,210437584,658,,,1
2023-08-31,6024,群益期,twse,44.00,44.30,44.00,44.10,72814,3213914,0.1,,210437584,126,,,1
2023-09-01,6024,群益期,twse,44.10,44.45,44.10,44.30,77994,3453636,0.2,,210437584,99,,,1
2023-09-04,6024,群益期,twse,44.20,44.65,44.20,44.55,148917,6627070,0.25,,210437584,149,,,1
2023-09-05,6024,群益期,twse,44.70,44.70,44.55,44.55,200473,8942857,0.0,,210437584,188,,,1
2023-09-06,6024,群益期,twse,44.45,44.60,44.20,44.20,125326,5561965,-0.35,,210437584,152,,,1
2023-09-07,6024,群益期,twse,44.20,45.30,43.90,45.30,876658,39377771,1.1,,210437584,752,,,1
2023-09-08,6024,群益期,twse,44.85,45.35,44.80,45.20,422860,19068245,-0.1,,210437584,449,,,1
2023-09-11,6024,群益期,twse,45.25,45.35,45.05,45.15,167707,7580692,-0.05,,210437584,205,,,1
2023-09-12,6024,群益期,twse,45.35,45.85,45.25,45.75,509538,23234580,0.6,,210437584,368,,,1
2023-09-13,6024,群益期,twse,45.90,45.95,45.35,45.35,272614,12416561,-0.4,,210437584,414,,,1
2023-09-14,6024,群益期,twse,45.35,45.45,45.30,45.45,156165,7086041,0.1,,210437584,187,,,1
2023-09-15,6024,群益期,twse,45.75,45.75,45.00,45.10,229861,10379880,-0.35,,210437584,224,,,1
2023-09-18,6024,群益期,twse,45.10,45.40,45.10,45.20,102784,4645658,0.1,,210437584,119,,,1
2023-09-19,6024,群益期,twse,45.15,45.20,45.05,45.10,69138,3120446,-0.1,,210437584,104,,,1
2023-09-20,6024,群益期,twse,45.10,45.10,44.80,44.80,132998,5975604,-0.3,,210437584,190,,,1
2023-09-21,6024,群益期,twse,44.80,44.80,44.35,44.50,196486,8746785,-0.3,,210437584,231,,,1
2023-09-22,6024,群益期,twse,44.45,44.45,44.20,44.30,201290,8916739,-0.2,,210437584,198,,,1
2023-09-25,6024,群益期,twse,44.35,44.55,44.30,44.45,116502,5170787,0.15,,210437584,78,,,1
2023-09-26,6024,群益期,twse,44.45,44.50,44.35,44.45,84940,3774694,0.0,,210437584,91,,,1
2023-09-27,6024,群益期,twse,44.35,44.55,44.25,44.50,83370,3702550,0.05,,210437584,88,,,1
2023-09-28,6024,群益期,twse,44.50,45.15,44.50,45.15,186368,8355893,0.65,,210437584,180,,,1
2023-10-02,6024,群益期,twse,45.35,45.35,45.10,45.30,234588,10616391,0.15,,210437584,209,,,1
2023-10-03,6024,群益期,twse,45.30,45.30,45.10,45.25,140532,6351668,-0.05,,210437584,178,,,1
2023-10-04,6024,群益期,twse,45.10,45.30,44.80,45.30,253448,11420292,0.05,,210437584,262,,,1
2023-10-05,6024,群益期,twse,45.35,45.45,45.25,45.40,151085,6852553,0.1,,210437584,173,,,1
2023-10-06,6024,群益期,twse,45.50,46.25,45.45,46.00,526222,24134280,0.6,,210437584,435,,,1
2023-10-11,6024,群益期,twse,46.15,46.40,45.50,45.95,728608,33439824,-0.05,,210437584,644,,,1
2023-10-12,6024,群益期,twse,45.90,46.50,45.80,46.50,471713,21840803,0.55,,210437584,432,,,1
2023-10-13,6024,群益期,twse,46.55,47.75,46.40,47.45,1119682,52930403,0.95,,210437584,923,,,1
2023-10-16,6024,群益期,twse,47.45,47.85,47.25,47.55,432879,20573586,0.1,,210437584,820,,,1
2023-10-17,6024,群益期,twse,47.60,47.70,47.25,47.45,293767,13929813,-0.1,,210437584,310,,,1
2023-10-18,6024,群益期,twse,47.65,47.85,46.90,46.90,1291524,60986460,-0.55,,210437584,621,,,1
2023-10-19,6024,群益期,twse,47.20,47.25,47.00,47.25,332753,15683383,0.35,,210437584,406,,,1
2023-10-20,6024,群益期,twse,47.30,47.30,46.10,46.80,390774,18233478,-0.45,,210437584,506,,,1
2023-10-23,6024,群益期,twse,46.80,46.80,45.70,45.80,444960,20511393,-1.0,,210437584,701,,,1
2023-10-24,6024,群益期,twse,45.75,46.00,45.40,45.90,199015,9085942,0.1,,210437584,239,,,1
2023-10-25,6024,群益期,twse,45.75,46.25,45.75,45.95,187160,8610449,0.05,,210437584,176,,,1
2023-10-26,6024,群益期,twse,45.75,45.75,45.35,45.65,130398,5943907,-0.3,,210437584,155,,,1
2023-10-27,6024,群益期,twse,45.60,46.25,45.60,46.00,93147,4272527,0.35,,210437584,112,,,1
2023-10-30,6024,群益期,twse,45.80,45.95,45.70,45.95,93324,4272920,-0.05,,210437584,113,,,1
2023-10-31,6024,群益期,twse,45.85,45.90,45.40,45.75,183595,8378301,-0.2,,210437584,189,,,1
2023-11-01,6024,群益期,twse,45.65,45.80,45.50,45.75,114737,5234982,0.0,,210437584,115,,,1
2023-11-02,6024,群益期,twse,45.80,46.15,45.80,46.05,130669,6017598,0.3,,210437584,152,,,1
2023-11-03,6024,群益期,twse,46.10,46.55,46.10,46.30,178899,8285111,0.25,,210437584,174,,,1
2023-11-06,6024,群益期,twse,46.30,47.15,46.30,47.00,355953,16697202,0.7,,210437584,402,,,1
2023-11-07,6024,群益期,twse,47.00,47.30,46.85,47.20,318600,14996337,0.2,,210437584,354,,,1
2023-11-08,6024,群益期,twse,47.25,47.45,47.15,47.20,258825,12242764,0.0,,210437584,243,,,1
2023-11-09,6024,群益期,twse,47.15,47.40,47.00,47.25,259115,12238177,0.05,,210437584,280,,,1
2023-11-10,6024,群益期,twse,47.40,47.55,46.75,46.80,311268,14665618,-0.45,,210437584,306,,,1
2023-11-13,6024,群益期,twse,47.15,47.15,46.80,46.85,163262,7653427,0.05,,210437584,153,,,1
2023-11-14,6024,群益期,twse,47.00,47.00,46.80,47.00,112335,5272299,0.15,,210437584,128,,,1
2023-11-15,6024,群益期,twse,47.00,47.10,46.80,46.90,353157,16564882,-0.1,,210437584,241,,,1
2023-11-16,6024,群益期,twse,46.95,46.95,46.80,46.90,132266,6199428,0.0,,210437584,142,,,1
2023-11-17,6024,群益期,twse,46.80,46.90,46.65,46.80,231778,10847148,-0.1,,210437584,194,,,1
2023-11-20,6024,群益期,twse,46.85,47.00,46.80,46.95,105256,4936502,0.15,,210437584,95,,,1
2023-11-21,6024,群益期,twse,47.00,47.30,46.95,47.15,310951,14662015,0.2,,210437584,205,,,1
2023-11-22,6024,群益期,twse,47.20,47.25,47.00,47.15,197279,9299673,0.0,,210437584,167,,,1
2023-11-23,6024,群益期,twse,47.10,47.15,47.00,47.05,65829,3099068,-0.1,,210437584,83,,,1
2023-11-24,6024,群益期,twse,47.05,47.30,47.05,47.20,184448,8707348,0.15,,210437584,147,,,1
2023-11-27,6024,群益期,twse,47.20,47.50,47.20,47.25,252759,11984784,0.05,,210437584,221,,,1
2023-11-28,6024,群益期,twse,47.30,47.35,47.25,47.35,116674,5517148,0.1,,210437584,155,,,1
2023-11-29,6024,群益期,twse,47.35,48.10,47.30,48.05,788951,37653132,0.7,,210437584,534,,,1
2023-11-30,6024,群益期,twse,48.30,48.75,47.90,48.70,612426,29641680,0.65,,210437584,716,,,1
2023-12-01,6024,群益期,twse,48.90,48.95,48.60,48.75,272839,13295087,0.05,,210437584,347,,,1
2023-12-04,6024,群益期,twse,48.85,49.35,48.75,49.25,375121,18441729,0.5,,210437584,393,,,1
2023-12-05,6024,群益期,twse,49.25,49.25,48.70,49.00,264648,12955947,-0.25,,210437584,429,,,1
2023-12-06,6024,群益期,twse,49.00,49.15,49.00,49.15,201976,9916354,0.15,,210437584,428,,,1
2023-12-07,6024,群益期,twse,49.00,49.60,48.85,49.40,233360,11509726,0.25,,210437584,374,,,1
2023-12-08,6024,群益期,twse,50.00,51.00,49.90,50.70,1174230,59401981,1.3,,210437584,1322,,,1
2023-12-11,6024,群益期,twse,50.90,51.40,50.60,51.30,563753,28818381,0.6,,210437584,698,,,1
2023-12-12,6024,群益期,twse,51.00,51.40,50.80,50.80,380108,19377673,-0.5,,210437584,497,,,1
2023-12-13,6024,群益期,twse,50.80,51.20,50.10,50.30,374847,18941175,-0.5,,210437584,445,,,1
2023-12-14,6024,群益期,twse,50.40,50.80,50.40,50.80,336476,17048962,0.5,,210437584,338,,,1
2023-12-15,6024,群益期,twse,50.80,50.90,50.30,50.30,294314,14852944,-0.5,,210437584,322,,,1
2023-12-18,6024,群益期,twse,50.30,50.30,49.55,49.80,482327,24008245,-0.5,,210437584,466,,,1
2023-12-19,6024,群益期,twse,49.80,49.80,49.40,49.45,263529,13042139,-0.35,,210437584,290,,,1
2023-12-20,6024,群益期,twse,49.50,49.80,49.50,49.65,169262,8400927,0.2,,210437584,180,,,1
2023-12-21,6024,群益期,twse,49.65,50.00,49.40,50.00,219360,10902362,0.35,,210437584,213,,,1
2023-12-22,6024,群益期,twse,49.95,49.95,49.65,49.70,210925,10490309,-0.3,,210437584,183,,,1
2023-12-25,6024,群益期,twse,49.70,49.85,49.50,49.65,146465,7265734,-0.05,,210437584,142,,,1
2023-12-26,6024,群益期,twse,49.95,50.60,49.75,50.60,215695,10830261,0.95,,210437584,267,,,1
2023-12-27,6024,群益期,twse,50.60,50.90,50.30,50.90,354461,17940633,0.3,,210437584,354,,,1
2023-12-28,6024,群益期,twse,50.90,51.00,50.20,50.90,448901,22735843,0.0,,210437584,514,,,1
2023-12-29,6024,群益期,twse,51.00,51.30,50.70,51.10,435576,22232146,0.2,,210437584,471,,,1
2024-01-02,6024,群益期,twse,51.40,51.40,50.60,51.20,324655,16602082,0.1,,210437584,462,,,1
2024-01-03,6024,群益期,twse,51.20,51.20,50.30,50.40,246574,12472117,-0.8,,210437584,698,,,1
2024-01-04,6024,群益期,twse,50.20,50.70,50.20,50.70,202682,10214416,0.3,,210437584,245,,,1
2024-01-05,6024,群益期,twse,50.70,50.70,50.50,50.70,146732,7427217,0.0,,210437584,230,,,1
2024-01-08,6024,群益期,twse,50.70,50.80,50.40,50.60,258236,13070799,-0.1,,210437584,531,,,1
2024-01-09,6024,群益期,twse,51.00,51.20,50.40,50.80,355869,18046083,0.2,,210437584,376,,,1
2024-01-10,6024,群益期,twse,50.90,50.90,50.20,50.20,332563,16770811,-0.6,,210437584,312,,,1
2024-01-11,6024,群益期,twse,50.40,50.40,49.95,50.30,234202,11755544,0.1,,210437584,190,,,1
2024-01-12,6024,群益期,twse,50.40,50.40,50.00,50.30,234546,11758651,0.0,,210437584,218,,,1
2024-01-15,6024,群益期,twse,50.70,50.70,50.20,50.40,118834,5985848,0.1,,210437584,139,,,1
2024-01-16,6024,群益期,twse,50.10,50.10,49.80,49.80,364566,18202971,-0.6,,210437584,349,,,1
2024-01-17,6024,群益期,twse,49.60,49.65,48.70,48.70,821591,40265198,-1.1,,210437584,741,,,1
2024-01-18,6024,群益期,twse,48.90,49.75,48.85,49.40,282430,13905690,0.7,,210437584,264,,,1
2024-01-19,6024,群益期,twse,49.30,49.60,49.25,49.50,168532,8328755,0.1,,210437584,163,,,1
2024-01-22,6024,群益期,twse,49.80,49.80,49.45,49.55,181673,9005577,0.05,,210437584,170,,,1
2024-01-23,6024,群益期,twse,49.60,49.75,49.60,49.70,71240,3539678,0.15,,210437584,102,,,1
2024-01-24,6024,群益期,twse,49.80,50.40,49.70,50.30,159824,8018893,0.6,,210437584,202,,,1
2024-01-25,6024,群益期,twse,50.40,50.40,50.00,50.10,128146,6432695,-0.2,,210437584,182,,,1
2024-01-26,6024,群益期,twse,50.10,50.20,50.00,50.20,122377,6132812,0.1,,210437584,132,,,1
2024-01-29,6024,群益期,twse,50.20,50.20,49.80,50.10,160325,8012914,-0.1,,210437584,192,,,1
2024-01-30,6024,群益期,twse,50.00,50.00,49.60,49.70,230628,11469747,-0.4,,210437584,205,,,1
2024-01-31,6024,群益期,twse,49.55,50.00,49.55,50.00,120932,6022518,0.3,,210437584,146,,,1
2024-02-01,6024,群益期,twse,49.70,49.95,49.70,49.85,137854,6872155,-0.15,,210437584,149,,,1
2024-02-02,6024,群益期,twse,49.90,49.95,49.75,49.75,107725,5368091,-0.1,,210437584,138,,,1
2024-02-05,6024,群益期,twse,49.60,49.80,49.60,49.70,133850,6654265,-0.05,,210437584,162,,,1
2024-02-15,6024,群益期,twse,49.70,50.50,49.70,50.20,327978,16439843,0.5,,210437584,274,,,1
2024-02-16,6024,群益期,twse,50.30,50.90,50.30,50.80,279940,14199968,0.6,,210437584,275,,,1
2024-02-19,6024,群益期,twse,50.80,52.10,50.80,52.10,591958,30521841,1.3,,210437584,696,,,1
2024-02-20,6024,群益期,twse,52.00,52.30,51.60,51.70,297872,15435275,-0.4,,210437584,746,,,1
2024-02-21,6024,群益期,twse,51.70,52.20,51.70,52.00,242656,12610826,0.3,,210437584,243,,,1
2024-02-22,6024,群益期,twse,52.00,52.40,51.90,52.10,169835,8848633,0.1,,210437584,237,,,1
2024-02-23,6024,群益期,twse,51.90,52.30,51.70,51.70,173158,8980242,-0.4,,210437584,323,,,1
2024-02-26,6024,群益期,twse,51.50,51.80,51.40,51.60,138535,7142668,-0.1,,210437584,480,,,1
2024-02-27,6024,群益期,twse,51.40,51.90,51.30,51.70,163054,8411253,0.1,,210437584,244,,,1
2024-02-29,6024,群益期,twse,54.00,55.00,53.50,54.50,1477421,80153216,2.8,,210437584,1573,,,1
2024-03-01,6024,群益期,twse,54.90,55.00,54.40,54.80,573729,31352117,0.3,,210437584,884,,,1
2024-03-04,6024,群益期,twse,55.00,55.70,54.80,55.20,624664,34482825,0.4,,210437584,880,,,1
2024-03-05,6024,群益期,twse,55.40,56.10,55.40,55.60,457780,25539685,0.4,,210437584,717,,,1
2024-03-06,6024,群益期,twse,55.10,55.90,55.10,55.90,351667,19524413,0.3,,210437584,484,,,1
2024-03-07,6024,群益期,twse,55.90,56.20,55.30,56.00,408285,22776116,0.1,,210437584,555,,,1
2024-03-08,6024,群益期,twse,56.10,56.30,54.20,54.40,1318697,72299734,-1.6,,210437584,1201,,,1
2024-03-11,6024,群益期,twse,54.50,54.90,54.00,54.10,510104,27735636,-0.3,,210437584,623,,,1
2024-03-12,6024,群益期,twse,54.30,55.30,54.30,55.10,428118,23467508,1.0,,210437584,385,,,1
2024-03-13,6024,群益期,twse,54.00,54.00,52.00,53.40,2269309,120338295,-1.7,,210437584,1769,,,1
2024-03-14,6024,群益期,twse,53.10,53.80,52.70,53.60,633272,33788295,0.2,,210437584,515,,,1
2024-03-15,6024,群益期,twse,53.70,53.70,52.90,53.10,681490,36259171,-0.5,,210437584,468,,,1
2024-03-18,6024,群益期,twse,53.10,53.50,52.80,53.50,336970,17879216,0.4,,210437584,369,,,1
2024-03-19,6024,群益期,twse,53.70,54.00,53.50,53.80,372497,20019333,0.3,,210437584,435,,,1
2024-03-20,6024,群益期,twse,53.80,54.00,53.60,53.70,315695,16976008,-0.1,,210437584,309,,,1
2024-03-21,6024,群益期,twse,54.20,54.20,53.60,54.00,541195,29202590,0.3,,210437584,440,,,1
2024-03-22,6024,群益期,twse,54.70,55.10,54.50,54.60,678797,37148848,0.6,,210437584,595,,,1
2024-03-25,6024,群益期,twse,54.40,54.70,53.90,54.00,440935,23890410,-0.6,,210437584,462,,,1
2024-03-26,6024,群益期,twse,54.20,54.20,53.40,53.80,334655,17974659,-0.2,,210437584,375,,,1
2024-03-27,6024,群益期,twse,53.70,54.40,53.50,54.40,299410,16192874,0.6,,210437584,310,,,1
2024-03-28,6024,群益期,twse,54.40,54.70,54.00,54.40,316340,17202432,0.0,,210437584,323,,,1
2024-03-29,6024,群益期,twse,54.50,54.70,54.40,54.50,250969,13676873,0.1,,210437584,341,,,1
2024-04-01,6024,群益期,twse,54.50,54.80,54.30,54.40,415742,22660753,-0.1,,210437584,523,,,1
2024-04-02,6024,群益期,twse,54.30,54.60,54.20,54.50,322224,17526272,0.1,,210437584,258,,,1
2024-04-03,6024,群益期,twse,54.50,54.50,54.00,54.50,210791,11437760,0.0,,210437584,240,,,1
2024-04-08,6024,群益期,twse,54.50,55.30,54.10,55.20,796033,43663519,0.7,,210437584,515,,,1
2024-04-09,6024,群益期,twse,55.50,55.70,55.20,55.40,870099,48280307,0.2,,210437584,665,,,1
2024-04-10,6024,群益期,twse,55.70,55.80,55.40,55.70,555895,30904209,0.3,,210437584,563,,,1
2024-04-11,6024,群益期,twse,55.50,56.00,55.50,56.00,424512,23683913,0.3,,210437584,475,,,1
2024-04-12,6024,群益期,twse,56.00,56.00,55.20,55.50,405515,22554995,-0.5,,210437584,622,,,1
2024-04-15,6024,群益期,twse,55.40,55.50,55.10,55.50,236633,13094972,0.0,,210437584,260,,,1
2024-04-16,6024,群益期,twse,55.20,55.20,53.30,54.00,896890,48321247,-1.5,,210437584,1060,,,1
2024-04-17,6024,群益期,twse,54.10,54.50,53.90,54.40,239916,13008260,0.4,,210437584,250,,,1
2024-04-18,6024,群益期,twse,54.00,55.10,53.50,54.70,429083,23312698,0.3,,210437584,409,,,1
2024-04-19,6024,群益期,twse,54.70,54.70,53.30,54.00,507583,27373823,-0.7,,210437584,477,,,1
2024-04-22,6024,群益期,twse,54.00,54.70,54.00,54.40,370652,20152883,0.4,,210437584,274,,,1
2024-04-23,6024,群益期,twse,54.80,55.00,54.50,54.60,299189,16360627,0.2,,210437584,295,,,1
2024-04-24,6024,群益期,twse,54.90,54.90,54.20,54.50,251230,13694994,-0.1,,210437584,410,,,1
2024-04-25,6024,群益期,twse,54.50,54.60,54.20,54.40,170805,9286109,-0.1,,210437584,206,,,1
2024-04-26,6024,群益期,twse,54.60,54.60,54.30,54.50,122131,6652073,0.1,,210437584,169,,,1
2024-04-29,6024,群益期,twse,54.70,55.40,54.70,55.30,534017,29451080,0.8,,210437584,378,,,1
2024-04-30,6024,群益期,twse,55.30,55.90,55.20,55.70,376621,20974279,0.4,,210437584,487,,,1
2024-05-02,6024,群益期,twse,55.70,56.50,55.60,56.40,698369,39207962,0.7,,210437584,714,,,1
2024-05-03,6024,群益期,twse,57.30,58.00,56.90,57.90,1065417,61258857,1.5,,210437584,924,,,1
2024-05-06,6024,群益期,twse,58.80,59.90,58.30,59.70,1133781,67216403,1.8,,210437584,1339,,,1
2024-05-07,6024,群益期,twse,59.70,60.10,58.50,59.70,859803,51057964,0.0,,210437584,1319,,,1
2024-05-08,6024,群益期,twse,60.50,60.50,59.00,59.60,690719,41189068,-0.1,,210437584,902,,,1
2024-05-09,6024,群益期,twse,60.00,60.00,59.00,59.10,662678,39410894,-0.5,,210437584,613,,,1
2024-05-10,6024,群益期,twse,59.30,60.00,58.80,60.00,475200,28321370,0.9,,210437584,656,,,1
2024-05-13,6024,群益期,twse,60.70,61.70,60.30,61.70,1042103,63501010,1.7,,210437584,1043,,,1
2024-05-14,6024,群益期,twse,62.20,62.20,60.60,61.40,813356,49852849,-0.3,,210437584,1341,,,1
2024-05-15,6024,群益期,twse,61.60,61.90,61.10,61.60,453445,27929302,0.2,,210437584,768,,,1
2024-05-16,6024,群益期,twse,61.90,62.00,60.70,60.70,518997,31827993,-0.9,,210437584,785,,,1
2024-05-17,6024,群益期,twse,60.80,61.20,60.10,61.20,496682,30130083,0.5,,210437584,419,,,1
2024-05-20,6024,群益期,twse,61.50,61.50,60.60,60.90,265066,16165546,-0.3,,210437584,470,,,1
2024-05-21,6024,群益期,twse,61.20,61.20,59.10,59.50,556044,33167200,-1.4,,210437584,637,,,1
2024-05-22,6024,群益期,twse,59.30,59.90,59.30,59.90,301124,17969402,0.4,,210437584,360,,,1
2024-05-23,6024,群益期,twse,59.40,59.50,58.50,58.90,689348,40599403,-1.0,,210437584,707,,,1
2024-05-24,6024,群益期,twse,58.20,58.90,58.20,58.70,164399,9641312,-0.2,,210437584,225,,,1
2024-05-27,6024,群益期,twse,58.60,59.20,58.60,58.90,238041,14021999,0.2,,210437584,271,,,1
2024-05-28,6024,群益期,twse,59.00,59.90,58.90,59.70,399975,23794683,0.8,,210437584,420,,,1
2024-05-29,6024,群益期,twse,59.80,60.20,59.40,59.50,303802,18122675,-0.2,,210437584,361,,,1
2024-05-30,6024,群益期,twse,59.40,59.50,58.60,59.50,357585,21115788,0.0,,210437584,346,,,1
2024-05-31,6024,群益期,twse,59.60,59.90,59.50,59.90,295632,17656169,0.4,,210437584,432,,,1
2024-06-03,6024,群益期,twse,60.30,60.40,59.70,59.90,389187,23368155,0.0,,210437584,428,,,1
2024-06-04,6024,群益期,twse,60.10,60.70,59.90,60.40,628414,37879403,0.5,,210437584,560,,,1
2024-06-05,6024,群益期,twse,60.80,61.60,60.70,61.20,661596,40453173,0.8,,210437584,593,,,1
2024-06-06,6024,群益期,twse,61.40,61.60,60.70,61.00,510506,31216238,-0.2,,210437584,552,,,1
2024-06-07,6024,群益期,twse,61.00,61.70,60.70,61.40,421096,25816699,0.4,,210437584,395,,,1
2024-06-11,6024,群益期,twse,61.50,62.40,61.50,61.60,608416,37670599,0.2,,210437584,531,,,1
2024-06-12,6024,群益期,twse,61.50,61.70,60.80,61.10,565834,34677317,-0.5,,210437584,435,,,1
2024-06-13,6024,群益期,twse,61.20,61.30,60.60,60.70,848637,51766479,-0.4,,210437584,601,,,1
2024-06-14,6024,群益期,twse,60.80,61.00,60.60,60.60,723841,43976468,-0.1,,210437584,515,,,1
2024-06-17,6024,群益期,twse,60.70,61.00,60.40,60.90,1146256,69645720,0.3,,210437584,786,,,1
2024-06-18,6024,群益期,twse,57.30,57.40,56.50,57.10,2502511,142677778,0.0,,210437584,1766,,,1
2024-06-19,6024,群益期,twse,57.40,58.20,57.30,57.80,824448,47665488,0.7,,210437584,779,,,1
2024-06-20,6024,群益期,twse,57.80,58.40,57.80,58.30,660609,38432997,0.5,,210437584,548,,,1
2024-06-21,6024,群益期,twse,58.30,58.80,58.00,58.50,450138,26267188,0.2,,210437584,658,,,1
2024-06-24,6024,群益期,twse,58.50,59.10,58.20,58.80,386448,22678135,0.3,,210437584,807,,,1
2024-06-25,6024,群益期,twse,59.20,59.90,58.50,59.50,429642,25477063,0.7,,210437584,519,,,1
2024-06-26,6024,群益期,twse,59.40,59.50,58.70,58.80,520823,30754828,-0.7,,210437584,812,,,1
2024-06-27,6024,群益期,twse,58.60,58.60,57.80,58.10,443859,25811676,-0.7,,210437584,683,,,1
2024-06-28,6024,群益期,twse,57.70,59.10,57.70,58.50,253390,14835912,0.4,,210437584,414,,,1
2024-07-01,6024,群益期,twse,58.30,59.10,58.20,58.90,197385,11600667,0.4,,210437584,240,,,1
2024-07-02,6024,群益期,twse,58.90,58.90,58.20,58.20,210469,12300453,-0.7,,210437584,531,,,1
2024-07-03,6024,群益期,twse,58.30,59.10,58.00,59.10,642648,37599095,0.9,,210437584,491,,,1
2024-07-04,6024,群益期,twse,59.10,59.20,58.50,58.70,291006,17092738,-0.4,,210437584,652,,,1
2024-07-05,6024,群益期,twse,58.60,58.60,57.30,57.80,670612,38722617,-0.9,,210437584,635,,,1
2024-07-08,6024,群益期,twse,58.00,58.30,57.50,57.50,382329,22114378,-0.3,,210437584,385,,,1
2024-07-09,6024,群益期,twse,57.70,57.70,56.80,57.20,315088,18001394,-0.3,,210437584,385,,,1
2024-07-10,6024,群益期,twse,57.20,57.60,57.10,57.30,461749,26440208,0.1,,210437584,306,,,1
2024-07-11,6024,群益期,twse,57.30,57.90,57.30,57.80,261606,15090245,0.5,,210437584,264,,,1
2024-07-12,6024,群益期,twse,57.40,57.50,57.00,57.30,279576,15990950,-0.5,,210437584,332,,,1
2024-07-15,6024,群益期,twse,57.20,57.30,56.60,56.90,437047,24851587,-0.4,,210437584,484,,,1
2024-07-16,6024,群益期,twse,56.90,56.90,56.60,56.90,240245,13622690,0.0,,210437584,329,,,1
2024-07-17,6024,群益期,twse,56.90,56.90,56.10,56.10,637432,36003360,-0.8,,210437584,651,,,1
2024-07-18,6024,群益期,twse,56.00,56.10,55.20,56.00,478858,26669074,-0.1,,210437584,524,,,1
2024-07-19,6024,群益期,twse,55.80,55.80,54.70,54.80,878683,48397802,-1.2,,210437584,839,,,1
2024-07-22,6024,群益期,twse,54.60,54.80,53.80,54.20,639703,34663911,-0.6,,210437584,619,,,1
2024-07-23,6024,群益期,twse,54.10,54.90,54.10,54.70,241679,13208284,0.5,,210437584,288,,,1
2024-07-26,6024,群益期,twse,53.90,54.10,53.70,54.10,391938,21124669,-0.6,,210437584,412,,,1
2024-07-29,6024,群益期,twse,54.00,54.60,53.70,53.70,334823,18113357,-0.4,,210437584,374,,,1
2024-07-30,6024,群益期,twse,53.70,53.80,52.70,53.70,669536,35608804,0.0,,210437584,644,,,1
2024-07-31,6024,群益期,twse,53.60,54.60,53.60,54.60,340266,18447426,0.9,,210437584,338,,,1
2024-08-01,6024,群益期,twse,54.90,55.70,54.60,55.60,414647,22941893,1.0,,210437584,429,,,1
2024-08-02,6024,群益期,twse,55.00,55.70,53.90,54.80,710142,39083170,-0.8,,210437584,508,,,1
2024-08-05,6024,群益期,twse,53.60,53.60,50.50,50.80,930347,47883243,-4.0,,210437584,909,,,1
2024-08-06,6024,群益期,twse,51.30,52.20,49.00,51.80,808925,40990610,1.0,,210437584,748,,,1
2024-08-07,6024,群益期,twse,52.40,55.00,52.40,54.60,660729,35809414,2.8,,210437584,749,,,1
2024-08-08,6024,群益期,twse,54.10,55.20,54.10,55.00,296726,16254282,0.4,,210437584,644,,,1
2024-08-09,6024,群益期,twse,55.40,56.20,55.40,55.70,644970,35959048,0.7,,210437584,622,,,1
2024-08-12,6024,群益期,twse,55.80,56.40,55.70,55.80,282239,15829058,0.1,,210437584,428,,,1
2024-08-13,6024,群益期,twse,55.80,56.10,55.50,56.00,149478,8334485,0.2,,210437584,381,,,1
2024-08-14,6024,群益期,twse,56.00,56.00,55.50,55.80,234532,13078785,-0.2,,210437584,656,,,1
2024-08-15,6024,群益期,twse,55.90,55.90,55.30,55.30,161074,8929969,-0.5,,210437584,305,,,1
2024-08-16,6024,群益期,twse,55.30,55.80,55.30,55.70,253309,14063969,0.4,,210437584,280,,,1
2024-08-19,6024,群益期,twse,55.70,55.70,55.30,55.40,213519,11849772,-0.3,,210437584,213,,,1
2024-08-20,6024,群益期,twse,55.50,56.20,55.50,55.60,160644,8962984,0.2,,210437584,140,,,1
2024-08-21,6024,群益期,twse,55.80,56.20,55.30,56.20,459277,25714956,0.6,,210437584,285,,,1
2024-08-22,6024,群益期,twse,56.40,56.60,56.10,56.30,188629,10632226,0.1,,210437584,259,,,1
2024-08-23,6024,群益期,twse,56.60,56.60,55.70,56.00,174655,9761202,-0.3,,210437584,407,,,1
2024-08-26,6024,群益期,twse,56.00,56.40,55.80,55.80,180801,10147220,-0.2,,210437584,277,,,1
2024-08-27,6024,群益期,twse,55.80,55.80,55.10,55.50,206363,11417029,-0.3,,210437584,211,,,1
2024-08-28,6024,群益期,twse,55.40,55.40,54.90,54.90,206861,11379461,-0.6,,210437584,244,,,1
2024-08-29,6024,群益期,twse,54.70,55.10,54.70,55.10,168369,9243212,0.2,,210437584,180,,,1
2024-08-30,6024,群益期,twse,55.30,55.70,55.30,55.70,122771,6818526,0.6,,210437584,166,,,1
2024-09-02,6024,群益期,twse,55.70,55.70,55.60,55.70,53235,2964388,0.0,,210437584,94,,,1
2024-09-03,6024,群益期,twse,55.70,55.70,55.20,55.50,66765,3704823,-0.2,,210437584,100,,,1
2024-09-04,6024,群益期,twse,54.30,54.60,53.50,53.80,523611,28320197,-1.7,,210437584,549,,,1
2024-09-05,6024,群益期,twse,54.30,54.70,53.50,54.20,154877,8389449,0.4,,210437584,193,,,1
2024-09-06,6024,群益期,twse,54.80,55.50,54.40,55.50,274966,15142690,1.3,,210437584,291,,,1
2024-09-09,6024,群益期,twse,54.50,55.20,54.30,55.20,261802,14331435,-0.3,,210437584,317,,,1
2024-09-10,6024,群益期,twse,55.00,55.50,54.60,55.00,170414,9395561,-0.2,,210437584,199,,,1
2024-09-11,6024,群益期,twse,54.80,55.00,54.50,54.60,124107,6789708,-0.4,,210437584,151,,,1
2024-09-12,6024,群益期,twse,54.80,55.00,54.60,54.80,97600,5350916,0.2,,210437584,135,,,1
2024-09-13,6024,群益期,twse,54.60,55.00,54.60,55.00,43212,2371093,0.2,,210437584,84,,,1
2024-09-16,6024,群益期,twse,55.00,55.60,55.00,55.50,204414,11316351,0.5,,210437584,176,,,1
2024-09-18,6024,群益期,twse,55.50,56.40,55.20,56.20,497586,27896841,0.7,,210437584,390,,,1
2024-09-19,6024,群益期,twse,56.20,56.50,56.00,56.50,214310,12062272,0.3,,210437584,421,,,1
2024-09-20,6024,群益期,twse,56.70,56.80,56.20,56.60,149180,8426962,0.1,,210437584,938,,,1
2024-09-23,6024,群益期,twse,56.70,56.70,56.40,56.50,101855,5757882,-0.1,,210437584,148,,,1
2024-09-24,6024,群益期,twse,56.30,56.30,55.80,56.10,150645,8441829,-0.4,,210437584,199,,,1
2024-09-25,6024,群益期,twse,56.40,56.50,56.20,56.50,142882,8048478,0.4,,210437584,150,,,1
2024-09-26,6024,群益期,twse,56.50,56.70,56.20,56.50,73645,4157728,0.0,,210437584,152,,,1
2024-09-27,6024,群益期,twse,56.50,56.70,56.30,56.60,154632,8737206,0.1,,210437584,170,,,1
2024-09-30,6024,群益期,twse,56.60,56.80,56.40,56.70,183625,10391514,0.1,,210437584,214,,,1
2024-10-01,6024,群益期,twse,56.70,56.80,56.20,56.80,132104,7459601,0.1,,210437584,192,,,1
2024-10-04,6024,群益期,twse,56.60,56.60,55.90,56.30,135720,7624267,-0.5,,210437584,328,,,1
2024-10-07,6024,群益期,twse,56.30,56.60,56.20,56.60,92674,5227484,0.3,,210437584,127,,,1
2024-10-08,6024,群益期,twse,56.40,56.40,55.70,55.80,238807,13356018,-0.8,,210437584,343,,,1
2024-10-09,6024,群益期,twse,55.80,56.10,55.40,55.40,249585,13874347,-0.4,,210437584,281,,,1
2024-10-11,6024,群益期,twse,55.40,55.70,55.40,55.40,156221,8675073,0.0,,210437584,173,,,1
2024-10-14,6024,群益期,twse,55.60,55.70,55.50,55.60,73664,4095690,0.2,,210437584,116,,,1
2024-10-15,6024,群益期,twse,55.60,56.20,55.60,56.20,173600,9706188,0.6,,210437584,197,,,1
2024-10-16,6024,群益期,twse,55.90,56.40,55.80,56.40,171710,9622569,0.2,,210437584,290,,,1
2024-10-17,6024,群益期,twse,56.20,56.60,56.20,56.40,117091,6607409,0.0,,210437584,293,,,1
2024-10-18,6024,群益期,twse,56.70,57.10,56.50,57.00,325153,18499487,0.6,,210437584,315,,,1
2024-10-21,6024,群益期,twse,57.00,57.30,56.60,57.00,205466,11718135,0.0,,210437584,385,,,1
2024-10-22,6024,群益期,twse,57.00,57.00,56.50,56.90,128502,7296388,-0.1,,210437584,443,,,1
2024-10-23,6024,群益期,twse,56.90,56.90,56.50,56.70,147165,8339154,-0.2,,210437584,152,,,1
2024-10-24,6024,群益期,twse,56.50,56.60,56.20,56.60,181391,10235627,-0.1,,210437584,171,,,1
2024-10-25,6024,群益期,twse,56.50,56.90,56.50,56.90,112928,6406747,0.3,,210437584,119,,,1
2024-10-28,6024,群益期,twse,57.00,57.00,56.40,56.70,98937,5605822,-0.2,,210437584,194,,,1
2024-10-29,6024,群益期,twse,56.30,56.50,55.70,56.40,169874,9529534,-0.3,,210437584,235,,,1
2024-10-30,6024,群益期,twse,55.90,56.50,55.90,56.50,81306,4579593,0.1,,210437584,128,,,1
2024-11-01,6024,群益期,twse,56.40,56.60,55.50,56.50,175244,9849183,0.0,,210437584,196,,,1
2024-11-04,6024,群益期,twse,56.70,57.40,56.60,57.20,331095,18900412,0.7,,210437584,302,,,1
2024-11-05,6024,群益期,twse,57.50,57.50,56.80,57.50,270598,15509942,0.3,,210437584,392,,,1
2024-11-06,6024,群益期,twse,57.30,57.40,56.80,57.00,394706,22513969,-0.5,,210437584,380,,,1
2024-11-07,6024,群益期,twse,57.00,58.50,57.00,58.50,597752,34628009,1.5,,210437584,553,,,1
2024-11-08,6024,群益期,twse,58.50,59.20,58.20,59.10,784393,46047021,0.6,,210437584,850,,,1
2024-11-11,6024,群益期,twse,59.30,59.30,56.50,57.20,766115,44331321,-1.9,,210437584,1177,,,1
2024-11-12,6024,群益期,twse,57.50,58.60,57.40,58.40,505533,29341319,1.2,,210437584,542,,,1
2024-11-13,6024,群益期,twse,57.90,58.40,57.50,58.10,281242,16280403,-0.3,,210437584,910,,,1
2024-11-14,6024,群益期,twse,58.10,58.10,56.90,57.30,420706,24131007,-0.8,,210437584,384,,,1
2024-11-15,6024,群益期,twse,57.30,58.00,57.30,57.90,188581,10906498,0.6,,210437584,222,,,1
2024-11-18,6024,群益期,twse,58.00,58.40,57.80,58.40,168948,9824153,0.5,,210437584,295,,,1
2024-11-19,6024,群益期,twse,58.30,58.60,57.80,58.40,241557,14060569,0.0,,210437584,281,,,1
2024-11-20,6024,群益期,twse,58.50,58.50,57.80,57.80,144906,8406032,-0.6,,210437584,238,,,1
2024-11-21,6024,群益期,twse,57.50,57.80,57.40,57.40,105562,6076774,-0.4,,210437584,163,,,1
2024-11-22,6024,群益期,twse,57.60,58.10,57.60,57.60,126911,7332047,0.2,,210437584,143,,,1
2024-11-25,6024,群益期,twse,57.70,58.70,57.70,58.60,209890,12258214,1.0,,210437584,255,,,1
2024-11-26,6024,群益期,twse,58.50,58.70,58.40,58.60,132095,7739540,0.0,,210437584,169,,,1
2024-11-27,6024,群益期,twse,58.60,58.60,58.00,58.00,136138,7925558,-0.6,,210437584,183,,,1
2024-11-28,6024,群益期,twse,57.90,58.40,57.00,58.10,182893,10560203,0.1,,210437584,424,,,1
2024-11-29,6024,群益期,twse,57.70,58.20,57.60,58.20,78118,4527004,0.1,,210437584,152,,,1
2024-12-02,6024,群益期,twse,58.20,58.50,58.20,58.40,77521,4526494,0.2,,210437584,117,,,1
2024-12-03,6024,群益期,twse,58.60,58.70,58.40,58.70,116622,6832204,0.3,,210437584,184,,,1
2024-12-04,6024,群益期,twse,58.80,59.30,58.60,59.00,311140,18352976,0.3,,210437584,300,,,1
2024-12-05,6024,群益期,twse,59.40,60.20,59.30,60.00,541337,32370262,1.0,,210437584,595,,,1
2024-12-06,6024,群益期,twse,60.00,60.10,59.50,59.90,429523,25739030,-0.1,,210437584,695,,,1
2024-12-09,6024,群益期,twse,60.50,60.50,59.90,60.20,292235,17579013,0.3,,210437584,464,,,1
2024-12-10,6024,群益期,twse,59.50,60.00,58.50,58.80,704265,41591827,-1.4,,210437584,2302,,,1
2024-12-11,6024,群益期,twse,58.90,59.00,58.30,58.60,384833,22568372,-0.2,,210437584,326,,,1
2024-12-12,6024,群益期,twse,59.30,59.40,58.60,58.90,319761,18887835,0.3,,210437584,284,,,1
2024-12-13,6024,群益期,twse,59.50,59.50,58.90,59.10,187690,11084472,0.2,,210437584,225,,,1
2024-12-16,6024,群益期,twse,59.40,59.40,58.20,58.20,385328,22545374,-0.9,,210437584,401,,,1
2024-12-17,6024,群益期,twse,58.40,58.40,57.60,57.60,319109,18427458,-0.6,,210437584,562,,,1
2024-12-18,6024,群益期,twse,57.60,57.90,57.40,57.60,236689,13651062,0.0,,210437584,274,,,1
2024-12-19,6024,群益期,twse,56.90,57.20,56.70,56.80,455016,25898579,-0.8,,210437584,566,,,1
2024-12-20,6024,群益期,twse,56.70,56.90,56.40,56.60,216100,12233802,-0.2,,210437584,280,,,1
2024-12-23,6024,群益期,twse,56.70,57.40,56.70,57.10,159095,9080073,0.5,,210437584,208,,,1
2024-12-24,6024,群益期,twse,57.30,57.50,57.00,57.00,185012,10577063,-0.1,,210437584,209,,,1
2024-12-25,6024,群益期,twse,57.10,57.30,57.00,57.20,142469,8143360,0.2,,210437584,154,,,1
2024-12-26,6024,群益期,twse,57.30,57.80,57.30,57.40,160881,9255930,0.2,,210437584,179,,,1
2024-12-27,6024,群益期,twse,57.50,57.70,57.30,57.50,129730,7462651,0.1,,210437584,163,,,1
2024-12-30,6024,群益期,twse,57.60,58.20,57.60,57.90,198503,11504294,0.4,,210437584,236,,,1
2024-12-31,6024,群益期,twse,57.90,57.90,57.40,57.90,253591,14607971,0.0,,210437584,394,,,1
2025-01-02,6024,群益期,twse,57.50,57.80,57.10,57.60,290828,16715212,-0.3,,210437584,345,,,1
2025-01-03,6024,群益期,twse,57.60,57.60,56.80,57.30,354129,20219753,-0.3,,210437584,427,,,1
2025-01-06,6024,群益期,twse,57.50,57.70,57.20,57.50,380859,21885476,0.2,,210437584,342,,,1
2025-01-07,6024,群益期,twse,57.80,57.90,57.50,57.80,376250,21688643,0.3,,210437584,343,,,1
2025-01-08,6024,群益期,twse,57.50,59.00,57.50,58.80,703201,41199438,1.0,,210437584,668,,,1
2025-01-09,6024,群益期,twse,58.80,59.50,57.90,58.10,567823,33288671,-0.7,,210437584,1031,,,1
2025-01-10,6024,群益期,twse,58.10,58.40,57.50,58.30,636327,36812109,0.2,,210437584,608,,,1
2025-01-13,6024,群益期,twse,57.90,57.90,56.60,57.10,651945,37126593,-1.2,,210437584,893,,,1
2025-01-14,6024,群益期,twse,57.10,57.60,56.90,57.60,304065,17405162,0.5,,210437584,308,,,1
2025-01-15,6024,群益期,twse,58.00,58.20,57.30,57.40,233411,13497175,-0.2,,210437584,258,,,1
2025-01-16,6024,群益期,twse,57.60,57.70,57.00,57.10,337280,19333496,-0.3,,210437584,354,,,1
2025-01-17,6024,群益期,twse,57.20,57.30,56.70,57.00,201917,11512531,-0.1,,210437584,180,,,1
2025-01-20,6024,群益期,twse,57.10,57.30,57.10,57.30,117360,6714800,0.3,,210437584,153,,,1
2025-01-21,6024,群益期,twse,57.10,57.50,57.10,57.40,110128,6323543,0.1,,210437584,115,,,1
2025-01-22,6024,群益期,twse,57.70,57.90,57.40,57.80,161359,9314383,0.4,,210437584,210,,,1
2025-02-03,6024,群益期,twse,57.50,58.70,57.30,58.60,624192,36344039,0.8,,210437584,540,,,1
2025-02-04,6024,群益期,twse,58.40,59.10,58.10,58.30,362062,21237270,-0.3,,210437584,588,,,1
2025-02-05,6024,群益期,twse,58.30,58.60,58.30,58.40,192178,11237026,0.1,,210437584,383,,,1
2025-02-06,6024,群益期,twse,58.60,58.60,58.00,58.30,238648,13921689,-0.1,,210437584,875,,,1
2025-02-07,6024,群益期,twse,58.50,58.90,58.20,58.20,341539,20000368,-0.1,,210437584,504,,,1
2025-02-10,6024,群益期,twse,57.70,58.40,57.70,57.70,500860,29053773,-0.5,,210437584,469,,,1
2025-02-11,6024,群益期,twse,57.90,57.90,57.40,57.70,335558,19337909,0.0,,210437584,410,,,1
2025-02-12,6024,群益期,twse,57.70,57.90,57.50,57.50,291217,16782974,-0.2,,210437584,298,,,1
2025-02-13,6024,群益期,twse,57.00,57.60,56.80,57.40,535518,30637656,0.0,,210437584,528,,,1
2025-02-14,6024,群益期,twse,57.20,57.40,57.10,57.10,318260,18198833,-0.3,,210437584,347,,,1
2025-02-17,6024,群益期,twse,57.50,57.60,57.10,57.50,173368,9955143,0.4,,210437584,276,,,1
2025-02-18,6024,群益期,twse,57.50,57.90,57.50,57.50,259962,14993959,0.0,,210437584,282,,,1
2025-02-19,6024,群益期,twse,57.50,57.80,57.50,57.50,253974,14636656,0.0,,210437584,331,,,1
2025-02-20,6024,群益期,twse,57.50,58.20,57.50,57.70,313823,18171002,0.2,,210437584,311,,,1
2025-02-21,6024,群益期,twse,57.70,57.70,57.20,57.50,924787,53097185,-0.2,,210437584,578,,,1
2025-02-24,6024,群益期,twse,57.50,57.50,57.20,57.20,506763,29026671,-0.3,,210437584,1901,,,1
2025-02-25,6024,群益期,twse,57.00,57.00,56.50,56.60,769206,43579607,-0.6,,210437584,2569,,,1
2025-02-26,6024,群益期,twse,56.50,56.50,56.00,56.10,758184,42554110,-0.5,,210437584,3977,,,1
2025-02-27,6024,群益期,twse,56.10,56.50,56.10,56.20,334399,18822069,0.1,,210437584,1167,,,1
2025-03-03,6024,群益期,twse,55.90,56.10,55.60,56.00,473924,26486233,-0.2,,210437584,1603,,,1
2025-03-04,6024,群益期,twse,55.70,56.30,55.60,56.00,312423,17507075,0.0,,210437584,1005,,,1
2025-03-05,6024,群益期,twse,56.00,56.90,55.70,56.60,526629,29725803,0.6,,210437584,874,,,1
2025-03-06,6024,群益期,twse,56.70,57.00,56.70,56.80,301099,17106430,0.2,,210437584,589,,,1
2025-03-07,6024,群益期,twse,54.80,54.80,53.30,53.50,3010723,161972346,-3.3,,249937584,2807,,,1
2025-03-10,6024,群益期,twse,53.70,53.70,53.10,53.10,679306,36207634,-0.4,,249937584,842,,,1
2025-03-11,6024,群益期,twse,52.30,52.40,51.60,52.00,1745067,90676278,-1.1,,249937584,1797,,,1
2025-03-12,6024,群益期,twse,52.20,52.30,51.80,52.00,654031,34065958,0.0,,249937584,708,,,1
2025-03-13,6024,群益期,twse,52.10,52.10,51.00,51.10,1476468,76123691,-0.9,,249937584,1823,,,1
2025-03-14,6024,群益期,twse,51.20,51.30,50.80,51.00,927910,47289016,-0.1,,249937584,1115,,,1
2025-03-17,6024,群益期,twse,51.00,51.70,51.00,51.40,346216,17814328,0.4,,249937584,498,,,1
2025-03-18,6024,群益期,twse,51.70,51.80,51.40,51.40,350945,18096651,0.0,,249937584,470,,,1
2025-03-19,6024,群益期,twse,51.60,51.90,51.40,51.50,352863,18233968,0.1,,249937584,480,,,1
2025-03-20,6024,群益期,twse,51.60,52.00,51.60,51.90,301383,15645347,0.4,,249937584,410,,,1
2025-03-21,6024,群益期,twse,51.90,51.90,51.70,51.70,150788,7810947,-0.2,,249937584,230,,,1
2025-03-24,6024,群益期,twse,51.70,51.70,51.40,51.50,237453,12250028,-0.2,,249937584,369,,,1
2025-03-25,6024,群益期,twse,51.70,51.70,51.40,51.50,199696,10288367,0.0,,249937584,329,,,1
2025-03-26,6024,群益期,twse,51.50,51.70,51.50,51.60,149687,7726205,0.1,,249937584,258,,,1
2025-03-27,6024,群益期,twse,51.60,51.60,50.80,51.00,571709,29238048,-0.6,,249937584,596,,,1
2025-03-28,6024,群益期,twse,50.90,50.90,50.10,50.30,855665,43145787,-0.7,,249937584,873,,,1
2025-03-31,6024,群益期,twse,49.85,49.90,48.85,49.15,1085112,53378058,-1.15,,249937584,1284,,,1
2025-04-01,6024,群益期,twse,49.15,49.60,49.15,49.50,293777,14523805,0.35,,249937584,389,,,1
2025-04-02,6024,群益期,twse,49.50,49.60,49.25,49.50,231213,11439619,0.0,,249937584,308,,,1
2025-04-07,6024,群益期,twse,44.55,44.80,44.55,44.55,1411562,62897855,-4.95,,249937584,1348,,,1
2025-04-08,6024,群益期,twse,44.00,46.05,43.85,45.35,1366820,60968653,0.8,,249937584,1073,,,1
2025-04-09,6024,群益期,twse,45.05,45.10,43.10,43.65,1072818,47413267,-1.7,,249937584,1317,,,1
2025-04-10,6024,群益期,twse,47.35,48.00,47.15,48.00,1910292,91097918,4.35,,249937584,1192,,,1
2025-04-11,6024,群益期,twse,46.60,47.80,46.10,47.55,569521,26826890,-0.45,,249937584,840,,,1
2025-04-14,6024,群益期,twse,47.60,48.50,46.90,47.00,788547,37515155,-0.55,,249937584,798,,,1
2025-04-15,6024,群益期,twse,47.35,48.45,47.30,48.35,425112,20396793,1.35,,249937584,425,,,1
2025-04-16,6024,群益期,twse,48.35,48.35,47.75,47.75,278241,13347112,-0.6,,249937584,375,,,1
2025-04-17,6024,群益期,twse,47.70,48.30,47.50,48.00,430671,20627637,0.25,,249937584,391,,,1
2025-04-18,6024,群益期,twse,48.30,48.50,47.90,47.90,408825,19624206,-0.1,,249937584,310,,,1
2025-04-21,6024,群益期,twse,47.90,48.15,47.80,48.05,278052,13337420,0.15,,249937584,223,,,1
2025-04-22,6024,群益期,twse,47.80,48.30,47.60,48.00,282604,13580899,-0.05,,249937584,279,,,1
2025-04-23,6024,群益期,twse,48.30,48.65,48.20,48.20,366637,17741888,0.2,,249937584,400,,,1
2025-04-24,6024,群益期,twse,48.20,48.45,48.00,48.00,151155,7276788,-0.2,,249937584,306,,,1
2025-04-25,6024,群益期,twse,48.25,48.60,48.25,48.30,257860,12483835,0.3,,249937584,278,,,1
2025-04-28,6024,群益期,twse,48.35,49.15,48.30,49.15,356653,17400177,0.85,,249937584,339,,,1
2025-04-29,6024,群益期,twse,49.15,49.70,49.00,49.35,433259,21328738,0.2,,249937584,540,,,1
2025-04-30,6024,群益期,twse,49.60,49.60,48.45,48.45,567125,27765970,-0.9,,249937584,1469,,,1
2025-05-02,6024,群益期,twse,48.55,48.90,48.45,48.55,545859,26541130,0.1,,249937584,1124,,,1
2025-05-05,6024,群益期,twse,48.85,48.90,47.75,48.65,473283,22875731,0.1,,249937584,425,,,1
2025-05-06,6024,群益期,twse,48.45,49.65,48.40,49.65,694026,34179262,1.0,,249937584,649,,,1
2025-05-07,6024,群益期,twse,49.75,49.75,48.30,48.30,1021029,49792725,-1.35,,249937584,1048,,,1
2025-05-08,6024,群益期,twse,48.95,49.50,48.95,49.25,1238622,61028313,0.95,,249937584,726,,,1
2025-05-09,6024,群益期,twse,49.85,50.60,49.65,50.60,853462,42763001,1.35,,249937584,831,,,1
2025-05-12,6024,群益期,twse,50.60,50.80,50.00,50.40,485247,24422051,-0.2,,249937584,470,,,1
2025-05-13,6024,群益期,twse,50.60,50.80,50.30,50.60,528222,26703886,0.2,,249937584,355,,,1
2025-05-14,6024,群益期,twse,50.80,50.80,50.50,50.70,380386,19274278,0.1,,249937584,476,,,1
2025-05-15,6024,群益期,twse,50.70,51.00,50.60,50.80,248055,12598283,0.1,,249937584,266,,,1
2025-05-16,6024,群益期,twse,50.90,51.10,50.80,51.00,201515,10273419,0.2,,249937584,270,,,1
2025-05-19,6024,群益期,twse,51.00,51.00,50.20,50.30,245806,12436496,-0.7,,249937584,303,,,1
2025-05-20,6024,群益期,twse,50.40,50.50,50.30,50.30,149443,7526751,0.0,,249937584,176,,,1
2025-05-21,6024,群益期,twse,50.30,51.10,50.30,51.10,222395,11303608,0.8,,249937584,265,,,1
2025-05-22,6024,群益期,twse,51.10,51.10,50.50,50.70,187633,9516390,-0.4,,249937584,272,,,1
2025-05-23,6024,群益期,twse,50.90,51.00,50.60,50.90,149631,7598721,0.2,,249937584,208,,,1
2025-05-26,6024,群益期,twse,50.90,51.10,50.50,50.90,188985,9616963,0.0,,249937584,231,,,1
2025-05-27,6024,群益期,twse,50.70,51.00,50.40,50.40,177178,8977156,-0.5,,249937584,212,,,1
2025-05-28,6024,群益期,twse,50.70,50.70,50.30,50.60,116622,5885127,0.2,,249937584,158,,,1
2025-05-29,6024,群益期,twse,50.70,50.80,50.20,50.50,255875,12900369,-0.1,,249937584,190,,,1
2025-06-02,6024,群益期,twse,50.50,50.50,50.10,50.20,217727,10935163,-0.3,,249937584,249,,,1
2025-06-03,6024,群益期,twse,50.20,50.50,50.20,50.20,138206,6960826,0.0,,249937584,197,,,1
2025-06-04,6024,群益期,twse,50.40,51.10,50.40,50.70,311583,15853362,0.5,,249937584,357,,,1
2025-06-05,6024,群益期,twse,50.90,51.00,50.60,50.80,205651,10458805,0.1,,249937584,243,,,1
2025-06-06,6024,群益期,twse,51.00,51.50,50.90,51.20,202575,10356449,0.4,,249937584,459,,,1
2025-06-09,6024,群益期,twse,50.80,51.10,50.40,50.60,386125,19548650,-0.6,,249937584,623,,,1
2025-06-10,6024,群益期,twse,50.70,51.10,50.70,50.90,208820,10640210,0.3,,249937584,271,,,1
2025-06-11,6024,群益期,twse,51.00,51.30,51.00,51.10,166460,8516914,0.2,,249937584,241,,,1
2025-06-12,6024,群益期,twse,51.00,51.40,51.00,51.40,298396,15255035,0.3,,249937584,234,,,1
2025-06-13,6024,群益期,twse,51.40,51.40,50.90,50.90,496830,25426011,-0.5,,249937584,307,,,1
2025-06-16,6024,群益期,twse,51.00,51.00,50.40,50.40,497042,25151978,-0.5,,249937584,429,,,1
2025-06-17,6024,群益期,twse,50.30,50.60,50.20,50.30,1133339,57099396,-0.1,,249937584,903,,,1
2025-06-18,6024,群益期,twse,47.55,47.95,47.55,47.85,1235897,58915074,0.0,,249937584,848,,,1
2025-06-19,6024,群益期,twse,47.85,47.85,47.50,47.55,429850,20446766,-0.3,,249937584,511,,,1
2025-06-20,6024,群益期,twse,47.55,47.55,47.00,47.10,345570,16289649,-0.45,,249937584,470,,,1
2025-06-23,6024,群益期,twse,46.75,46.75,46.10,46.25,316865,14670844,-0.85,,249937584,482,,,1
2025-06-24,6024,群益期,twse,46.35,47.00,46.35,46.85,190419,8910009,0.6,,249937584,207,,,1
2025-06-25,6024,群益期,twse,46.90,46.90,46.70,46.75,200118,9365654,-0.1,,249937584,253,,,1
2025-06-26,6024,群益期,twse,46.75,47.55,46.75,47.40,110396,5229025,0.65,,249937584,185,,,1
2025-06-27,6024,群益期,twse,47.60,47.90,47.60,47.85,120092,5744997,0.45,,249937584,159,,,1
2025-06-30,6024,群益期,twse,47.90,47.90,47.50,47.55,89846,4276412,-0.3,,249937584,136,,,1
2025-07-01,6024,群益期,twse,47.40,48.05,47.40,48.00,335728,16059996,0.45,,249937584,293,,,1
2025-07-02,6024,群益期,twse,47.95,48.05,47.55,47.55,252194,12020515,-0.45,,249937584,272,,,1
2025-07-03,6024,群益期,twse,47.80,48.15,47.75,48.00,192194,9227176,0.45,,249937584,179,,,1
2025-07-04,6024,群益期,twse,47.80,47.95,47.65,47.65,84176,4022395,-0.35,,249937584,148,,,1
2025-07-07,6024,群益期,twse,47.65,47.80,47.50,47.65,76626,3651702,0.0,,249937584,114,,,1
2025-07-08,6024,群益期,twse,47.70,48.40,47.70,48.40,200434,9635614,0.75,,249937584,282,,,1
2025-07-09,6024,群益期,twse,48.50,49.10,48.50,49.00,391979,19161844,0.6,,249937584,583,,,1
2025-07-10,6024,群益期,twse,48.95,49.30,48.90,49.25,206926,10174079,0.25,,249937584,530,,,1
2025-07-11,6024,群益期,twse,49.40,50.00,49.40,49.75,458713,22819588,0.5,,249937584,419,,,1
2025-07-14,6024,群益期,twse,49.75,49.75,49.40,49.40,162116,8029038,-0.35,,249937584,493,,,1
2025-07-15,6024,群益期,twse,49.45,49.65,49.35,49.50,119747,5925349,0.1,,249937584,172,,,1
2025-07-16,6024,群益期,twse,49.40,49.80,49.40,49.65,232063,11512595,0.15,,249937584,270,,,1
2025-07-17,6024,群益期,twse,49.65,49.85,49.65,49.65,111290,5537614,0.0,,249937584,233,,,1
2025-07-18,6024,群益期,twse,49.85,49.85,49.60,49.60,139065,6908062,-0.05,,249937584,189,,,1
2025-07-21,6024,群益期,twse,49.60,49.80,49.55,49.55,96876,4810116,-0.05,,249937584,126,,,1
2025-07-22,6024,群益期,twse,49.50,49.70,49.00,49.05,233991,11523289,-0.5,,249937584,277,,,1
2025-07-23,6024,群益期,twse,48.95,49.50,48.95,49.45,171180,8454607,0.4,,249937584,184,,,1
2025-07-24,6024,群益期,twse,49.40,49.55,49.35,49.50,77615,3837350,0.05,,249937584,117,,,1
2025-07-25,6024,群益期,twse,49.40,49.45,49.25,49.25,74718,3686468,-0.25,,249937584,134,,,1
2025-07-28,6024,群益期,twse,49.15,49.15,48.95,49.05,183187,8984515,-0.2,,249937584,234,,,1
2025-07-29,6024,群益期,twse,49.00,49.15,48.50,48.55,255297,12434603,-0.5,,249937584,304,,,1
2025-07-30,6024,群益期,twse,48.60,48.90,48.55,48.90,99202,4839396,0.35,,249937584,135,,,1
2025-07-31,6024,群益期,twse,48.85,48.90,48.65,48.65,99617,4853793,-0.25,,249937584,147,,,1
2025-08-01,6024,群益期,twse,48.55,49.00,48.25,48.85,179797,8757039,0.2,,249937584,184,,,1
2025-08-04,6024,群益期,twse,48.70,49.10,48.50,48.95,128340,6275338,0.1,,249937584,146,,,1
2025-08-05,6024,群益期,twse,49.15,49.20,49.05,49.10,107233,5267960,0.15,,249937584,172,,,1
2025-08-06,6024,群益期,twse,49.25,49.40,49.10,49.30,158744,7822919,0.2,,249937584,276,,,1
2025-08-07,6024,群益期,twse,49.60,49.60,49.35,49.40,143902,7112497,0.1,,249937584,291,,,1
2025-08-08,6024,群益期,twse,49.60,49.65,49.25,49.30,243226,12043554,-0.1,,249937584,467,,,1
2025-08-11,6024,群益期,twse,49.30,49.45,49.10,49.20,141599,6972440,-0.1,,249937584,222,,,1
2025-08-12,6024,群益期,twse,49.20,49.30,48.95,49.00,144785,7112627,-0.2,,249937584,217,,,1
2025-08-13,6024,群益期,twse,49.20,49.40,49.15,49.25,181951,8965527,0.25,,249937584,173,,,1
2025-08-14,6024,群益期,twse,49.40,49.60,49.30,49.50,172884,8553279,0.25,,249937584,175,,,1
2025-08-15,6024,群益期,twse,49.50,49.50,49.25,49.30,118353,5836377,-0.2,,249937584,161,,,1
2025-08-18,6024,群益期,twse,49.30,49.45,49.20,49.40,237863,11728394,0.1,,249937584,204,,,1
2025-08-19,6024,群益期,twse,49.40,49.50,49.25,49.45,152329,7520348,0.05,,249937584,177,,,1
2025-08-20,6024,群益期,twse,49.45,49.45,48.95,49.05,271246,13323046,-0.4,,249937584,287,,,1
2025-08-21,6024,群益期,twse,49.25,49.50,49.25,49.30,128407,6340071,0.25,,249937584,122,,,1
2025-08-22,6024,群益期,twse,49.25,49.40,49.10,49.15,92094,4535014,-0.15,,249937584,132,,,1
2025-08-25,6024,群益期,twse,49.30,49.40,49.20,49.20,203885,10051738,0.05,,249937584,166,,,1
2025-08-26,6024,群益期,twse,49.10,49.30,49.10,49.15,122938,6046289,-0.05,,249937584,143,,,1
2025-08-27,6024,群益期,twse,49.20,49.55,49.20,49.35,252054,12466569,0.2,,249937584,227,,,1
2025-08-28,6024,群益期,twse,49.25,49.60,49.25,49.40,192133,9504267,0.05,,249937584,566,,,1
2025-08-29,6024,群益期,twse,49.40,49.60,49.25,49.25,110820,5470919,-0.15,,249937584,161,,,1
2025-09-01,6024,群益期,twse,49.25,49.25,48.30,48.90,250988,12278406,-0.35,,249937584,272,,,1
2025-09-02,6024,群益期,twse,49.00,49.10,48.65,49.05,141152,6893827,0.15,,249937584,178,,,1
2025-09-03,6024,群益期,twse,49.15,49.15,48.75,49.00,126635,6200010,-0.05,,249937584,173,,,1
2025-09-04,6024,群益期,twse,49.10,49.25,49.00,49.25,120628,5932293,0.25,,249937584,149,,,1
2025-09-05,6024,群益期,twse,49.25,49.40,49.10,49.25,123462,6074571,0.0,,249937584,173,,,1
2025-09-08,6024,群益期,twse,49.15,49.25,48.65,48.90,461246,22545021,-0.35,,249937584,405,,,1
2025-09-09,6024,群益期,twse,48.95,49.30,48.90,49.25,472522,23208138,0.35,,249937584,306,,,1
2025-09-10,6024,群益期,twse,49.30,49.35,49.05,49.15,259040,12745885,-0.1,,249937584,374,,,1
2025-09-11,6024,群益期,twse,49.40,49.40,48.80,48.85,296251,14528460,-0.3,,249937584,303,,,1
2025-09-12,6024,群益期,twse,48.85,49.20,48.80,49.05,183856,9008717,0.2,,249937584,183,,,1
2025-09-15,6024,群益期,twse,49.05,49.15,49.00,49.10,127095,6239163,0.05,,249937584,134,,,1
2025-09-16,6024,群益期,twse,49.10,49.15,49.00,49.00,207110,10162872,-0.1,,249937584,197,,,1
2025-09-17,6024,群益期,twse,49.00,49.00,48.65,48.65,326056,15920366,-0.35,,249937584,352,,,1
2025-09-18,6024,群益期,twse,48.65,48.80,48.50,48.65,360047,17503742,0.0,,249937584,374,,,1
2025-09-19,6024,群益期,twse,48.65,48.65,48.50,48.55,207266,10067871,-0.1,,249937584,207,,,1
2025-09-22,6024,群益期,twse,48.55,48.70,48.55,48.60,73446,3570885,0.05,,249937584,138,,,1
2025-09-23,6024,群益期,twse,48.60,48.70,48.55,48.55,124164,6037907,-0.05,,249937584,248,,,1
2025-09-24,6024,群益期,twse,48.55,48.75,48.55,48.60,130778,6358983,0.05,,249937584,155,,,1
2025-09-25,6024,群益期,twse,48.70,48.70,48.55,48.60,172060,8362180,0.0,,249937584,196,,,1
2025-09-26,6024,群益期,twse,48.60,48.60,48.15,48.20,252625,12201500,-0.4,,249937584,372,,,1
2025-09-30,6024,群益期,twse,48.20,48.40,48.20,48.35,77681,3754213,0.15,,249937584,129,,,1
2025-10-01,6024,群益期,twse,48.35,48.35,48.20,48.25,95787,4625252,-0.1,,249937584,138,,,1
2025-10-02,6024,群益期,twse,48.25,48.45,48.20,48.30,144424,6981210,0.05,,249937584,156,,,1
2025-10-03,6024,群益期,twse,48.45,48.50,48.30,48.35,125162,6057251,0.05,,249937584,161,,,1
2025-10-07,6024,群益期,twse,48.35,48.65,48.30,48.40,224511,10890624,0.05,,249937584,209,,,1
2025-10-08,6024,群益期,twse,48.45,48.60,48.45,48.50,107080,5196823,0.1,,249937584,143,,,1
2025-10-09,6024,群益期,twse,48.85,49.15,48.80,49.00,313094,15352251,0.5,,249937584,314,,,1
2025-10-13,6024,群益期,twse,48.10,48.75,48.10,48.70,165767,8052030,-0.3,,249937584,218,,,1
2025-10-14,6024,群益期,twse,48.75,49.00,48.55,48.60,232762,11360743,-0.1,,249937584,249,,,1
2025-10-15,6024,群益期,twse,48.60,49.65,48.50,49.65,349915,17186132,1.05,,249937584,317,,,1
2025-10-16,6024,群益期,twse,49.35,49.55,49.20,49.25,287111,14154257,-0.4,,249937584,435,,,1
2025-10-17,6024,群益期,twse,49.15,49.25,49.10,49.15,117145,5758243,-0.1,,249937584,158,,,1
2025-10-20,6024,群益期,twse,49.25,49.30,49.05,49.10,116062,5702936,-0.05,,249937584,148,,,1
2025-10-21,6024,群益期,twse,49.10,49.35,49.10,49.20,152382,7499290,0.1,,249937584,202,,,1
2025-10-22,6024,群益期,twse,49.25,49.45,49.25,49.35,125197,6178505,0.15,,249937584,177,,,1
2025-10-23,6024,群益期,twse,49.40,49.80,49.40,49.80,377906,18738235,0.45,,249937584,358,,,1
2025-10-27,6024,群益期,twse,50.00,50.10,49.45,49.70,332817,16527437,-0.1,,249937584,920,,,1
2025-10-28,6024,群益期,twse,49.70,49.80,49.55,49.60,119645,5941557,-0.1,,249937584,255,,,1
2025-10-29,6024,群益期,twse,49.60,49.70,49.45,49.55,99369,4923443,-0.05,,249937584,154,,,1
2025-10-30,6024,群益期,twse,49.70,49.80,49.40,49.40,134072,6642601,-0.15,,249937584,140,,,1
2025-10-31,6024,群益期,twse,49.40,49.70,49.40,49.50,173414,8592434,0.1,,249937584,203,,,1
2025-11-03,6024,群益期,twse,49.55,49.85,49.55,49.70,178648,8876205,0.2,,249937584,268,,,1
2025-11-04,6024,群益期,twse,49.70,50.30,49.70,50.30,868674,43466098,0.6,,249937584,1018,,,1
2025-11-05,6024,群益期,twse,50.00,50.00,49.50,49.80,200482,9967907,-0.5,,249937584,312,,,1
2025-11-06,6024,群益期,twse,49.80,50.10,49.70,50.00,285892,14288090,0.2,,249937584,192,,,1
2025-11-07,6024,群益期,twse,49.75,50.10,49.65,49.70,249901,12461843,-0.3,,249937584,247,,,1
2025-11-10,6024,群益期,twse,50.40,50.40,49.90,50.00,328706,16444309,0.3,,249937584,208,,,1
2025-11-11,6024,群益期,twse,50.10,50.30,49.90,50.10,293714,14730818,0.1,,249937584,245,,,1
2025-11-12,6024,群益期,twse,50.00,50.30,49.95,50.20,316682,15895155,0.1,,249937584,365,,,1
2025-11-13,6024,群益期,twse,50.30,50.40,50.00,50.00,216851,10866728,-0.2,,249937584,290,,,1
2025-11-14,6024,群益期,twse,49.70,50.20,49.70,50.00,190635,9536973,0.0,,249937584,208,,,1
2025-11-17,6024,群益期,twse,50.00,50.00,49.55,49.55,280155,13917892,-0.45,,249937584,339,,,1
2025-11-18,6024,群益期,twse,49.40,49.40,48.70,48.75,505389,24722379,-0.8,,249937584,506,,,1
2025-11-19,6024,群益期,twse,48.70,48.95,48.70,48.80,124255,6067263,0.05,,249937584,136,,,1
2025-11-20,6024,群益期,twse,48.85,49.30,48.85,49.20,113787,5595056,0.4,,249937584,117,,,1
2025-11-21,6024,群益期,twse,48.90,49.15,48.50,48.75,346337,16889257,-0.45,,249937584,285,,,1
2025-11-24,6024,群益期,twse,49.00,49.30,48.50,49.00,437140,21344598,0.25,,249937584,289,,,1
2025-11-25,6024,群益期,twse,49.00,49.25,48.90,49.25,164837,8085769,0.25,,249937584,291,,,1
2025-11-26,6024,群益期,twse,49.45,49.70,49.40,49.70,220404,10917653,0.45,,249937584,225,,,1
2025-11-27,6024,群益期,twse,49.60,49.95,49.60,49.95,207186,10311071,0.25,,249937584,237,,,1
2025-11-28,6024,群益期,twse,49.95,50.00,49.70,49.90,187779,9355231,-0.05,,249937584,322,,,1
2025-12-01,6024,群益期,twse,49.85,50.20,49.70,49.95,380391,18990914,0.05,,249937584,309,,,1
2025-12-02,6024,群益期,twse,49.85,49.95,49.80,49.85,79080,3943706,-0.1,,249937584,138,,,1
2025-12-03,6024,群益期,twse,49.85,49.95,49.75,49.90,157681,7861566,0.05,,249937584,134,,,1
2025-12-04,6024,群益期,twse,49.90,50.10,49.90,50.00,123862,6189875,0.1,,249937584,143,,,1
2025-12-05,6024,群益期,twse,50.00,50.10,49.90,50.10,168466,8423095,0.1,,249937584,130,,,1
2025-12-08,6024,群益期,twse,49.95,50.30,49.95,50.00,418099,20950311,-0.1,,249937584,288,,,1
2025-12-09,6024,群益期,twse,50.20,50.80,50.20,50.60,591890,29885883,0.6,,249937584,451,,,1
2025-12-10,6024,群益期,twse,50.50,50.80,50.30,50.70,308209,15575319,0.1,,249937584,490,,,1
2025-12-11,6024,群益期,twse,50.80,50.80,50.40,50.40,282143,14259679,-0.3,,249937584,442,,,1
2025-12-12,6024,群益期,twse,50.50,51.50,50.50,51.30,759590,38788932,0.9,,249937584,672,,,1
2025-12-15,6024,群益期,twse,51.10,51.70,51.10,51.40,413624,21313112,0.1,,249937584,348,,,1
2025-12-16,6024,群益期,twse,51.30,51.50,51.00,51.20,310448,15890374,-0.2,,249937584,261,,,1
2025-12-17,6024,群益期,twse,51.20,51.40,51.10,51.40,357251,18338198,0.2,,249937584,559,,,1
2025-12-18,6024,群益期,twse,51.20,51.30,50.90,51.20,179117,9159696,-0.2,,249937584,168,,,1
2025-12-19,6024,群益期,twse,50.90,51.50,50.90,51.40,193168,9903848,0.2,,249937584,222,,,1
2025-12-22,6024,群益期,twse,51.50,51.80,51.50,51.70,255341,13179560,0.3,,249937584,464,,,1
2025-12-23,6024,群益期,twse,51.40,52.10,51.40,51.90,356454,18493798,0.2,,249937584,333,,,1
2025-12-24,6024,群益期,twse,52.10,52.10,51.50,51.60,220823,11425116,-0.3,,249937584,342,,,1
2025-12-26,6024,群益期,twse,51.60,51.60,51.30,51.40,202070,10385871,-0.2,,249937584,287,,,1
2025-12-29,6024,群益期,twse,51.40,51.50,51.40,51.50,125696,6468251,0.1,,249937584,154,,,1
2025-12-30,6024,群益期,twse,51.30,51.40,51.20,51.20,142214,7287342,-0.3,,249937584,189,,,1
2025-12-31,6024,群益期,twse,51.10,51.30,51.00,51.00,303686,15518062,-0.2,,249937584,370,,,1
2026-01-02,6024,群益期,twse,51.00,51.20,51.00,51.00,270431,13807687,0.0,,249937584,434,,,1
2026-01-05,6024,群益期,twse,51.00,51.10,50.60,50.70,342565,17397434,-0.3,,249937584,1689,,,1
2026-01-06,6024,群益期,twse,51.20,51.60,50.70,51.50,374889,19191066,0.8,,249937584,327,,,1
2026-01-07,6024,群益期,twse,51.90,51.90,51.30,51.30,181448,9346040,-0.2,,249937584,218,,,1
2026-01-08,6024,群益期,twse,51.60,52.60,51.20,52.10,1004105,52326684,0.8,,249937584,735,,,1
2026-01-09,6024,群益期,twse,52.60,52.70,50.70,52.20,466145,24201803,0.1,,249937584,452,,,1
2026-01-12,6024,群益期,twse,52.20,52.50,51.70,51.80,290124,15039460,-0.4,,249937584,651,,,1
2026-01-13,6024,群益期,twse,51.40,52.00,51.40,52.00,300698,15545953,0.2,,249937584,584,,,1
2026-01-14,6024,群益期,twse,52.00,52.10,51.70,51.80,165989,8610318,-0.2,,249937584,273,,,1
2026-01-15,6024,群益期,twse,52.00,52.00,51.50,51.70,140541,7257910,-0.1,,249937584,975,,,1
2026-01-16,6024,群益期,twse,51.70,51.90,51.60,51.90,156503,8101917,0.2,,249937584,429,,,1
2026-01-19,6024,群益期,twse,51.90,52.10,51.70,51.90,291195,15112693,0.0,,249937584,235,,,1
2026-01-20,6024,群益期,twse,51.70,51.90,51.30,51.30,312592,16113500,-0.6,,249937584,1118,,,1
2026-01-21,6024,群益期,twse,51.20,51.20,51.00,51.10,333429,17033614,-0.2,,249937584,807,,,1
2026-01-22,6024,群益期,twse,51.30,52.00,51.20,51.80,337357,17421307,0.7,,249937584,356,,,1
2026-01-23,6024,群益期,twse,52.00,52.20,51.80,51.90,326106,16973318,0.1,,249937584,384,,,1
2026-01-26,6024,群益期,twse,51.90,52.40,51.90,52.20,375318,19576518,0.3,,249937584,286,,,1
2026-01-27,6024,群益期,twse,52.30,52.30,51.60,51.80,262964,13668340,-0.4,,249937584,529,,,1
2026-01-28,6024,群益期,twse,52.10,52.30,51.80,52.00,178151,9263948,0.2,,249937584,345,,,1
2026-01-29,6024,群益期,twse,52.10,52.30,51.70,52.00,284874,14813338,0.0,,249937584,398,,,1
2026-01-30,6024,群益期,twse,51.90,52.00,51.30,51.40,313078,16121428,-0.6,,249937584,405,,,1
2026-02-02,6024,群益期,twse,51.20,51.20,50.70,50.80,437591,22262173,-0.6,,249937584,785,,,1
2026-02-03,6024,群益期,twse,50.80,51.20,50.80,51.00,252177,12838647,0.2,,249937584,331,,,1
2026-02-04,6024,群益期,twse,51.00,51.40,50.90,51.30,133568,6838965,0.3,,249937584,178,,,1
2026-02-05,6024,群益期,twse,51.10,51.60,51.00,51.00,219560,11236074,-0.3,,249937584,637,,,1
2026-02-06,6024,群益期,twse,50.90,50.90,50.30,50.60,259360,13128520,-0.4,,249937584,658,,,1
2026-02-09,6024,群益期,twse,51.40,51.50,50.70,51.20,243024,12447349,0.6,,249937584,270,,,1
2026-02-10,6024,群益期,twse,52.50,53.80,52.50,52.80,1105294,58435900,1.6,,249937584,1004,,,1
2026-02-11,6024,群益期,twse,52.10,52.60,52.10,52.30,564881,29548565,-0.5,,249937584,669,,,1
2026-02-23,6024,群益期,twse,52.70,53.00,52.50,52.70,511589,26972803,0.4,,249937584,566,,,1
2026-02-24,6024,群益期,twse,52.70,52.80,52.40,52.50,340887,17915557,-0.2,,249937584,432,,,1
2026-02-25,6024,群益期,twse,52.50,52.80,52.30,52.70,346579,18203499,0.2,,249937584,409,,,1
2026-02-26,6024,群益期,twse,52.80,53.10,52.50,53.10,594836,31414853,0.4,,249937584,419,,,1
2026-03-02,6024,群益期,twse,52.80,53.20,52.60,52.80,339949,17980434,-0.3,,249937584,675,,,1
2026-03-03,6024,群益期,twse,53.00,53.00,52.30,52.50,300621,15794638,-0.3,,249937584,363,,,1
2026-03-04,6024,群益期,twse,52.30,52.30,51.00,51.40,796732,40947062,-1.1,,249937584,2140,,,1
2026-03-05,6024,群益期,twse,52.00,52.20,51.60,52.10,309849,16075796,0.7,,249937584,524,,,1
2026-03-06,6024,群益期,twse,51.80,52.30,51.80,52.00,179533,9350419,-0.1,,249937584,213,,,1
2026-03-09,6024,群益期,twse,51.50,53.10,51.10,52.80,1013868,52902347,0.8,,249937584,969,,,1
2026-03-10,6024,群益期,twse,53.20,54.40,53.00,54.30,1648840,88625879,1.5,,249937584,1313,,,1
2026-03-11,6024,群益期,twse,54.90,55.30,54.40,55.10,774506,42587683,0.8,,249937584,752,,,1
2026-03-12,6024,群益期,twse,55.00,56.00,54.70,55.40,840459,46552321,0.3,,249937584,890,,,1
2026-03-13,6024,群益期,twse,55.10,56.40,54.70,56.00,877151,48907901,0.6,,249937584,687,,,1
2026-03-16,6024,群益期,twse,56.30,56.30,55.00,55.20,698959,38695108,-0.8,,249937584,858,,,1
2026-03-17,6024,群益期,twse,55.50,55.60,55.20,55.50,261311,14485228,0.3,,249937584,308,,,1
2026-03-18,6024,群益期,twse,55.30,55.50,55.00,55.10,406655,22417888,-0.4,,249937584,710,,,1
2026-03-19,6024,群益期,twse,54.80,55.10,54.50,55.00,395998,21710519,-0.1,,249937584,415,,,1
2026-03-20,6024,群益期,twse,54.90,55.60,54.90,55.40,332770,18407633,0.4,,249937584,274,,,1
2026-03-23,6024,群益期,twse,54.60,55.80,54.60,54.90,556936,30702688,-0.5,,249937584,356,,,1
2026-03-24,6024,群益期,twse,55.00,55.10,54.50,54.60,208576,11424622,-0.3,,249937584,299,,,1
2026-03-25,6024,群益期,twse,55.20,55.50,54.60,54.90,318281,17509977,0.3,,249937584,238,,,1
2026-03-26,6024,群益期,twse,55.20,55.20,54.40,54.70,182753,9987070,-0.2,,249937584,185,,,1
2026-03-27,6024,群益期,twse,54.40,54.80,53.60,54.80,284924,15477018,0.1,,249937584,226,,,1
2026-03-30,6024,群益期,twse,55.30,55.60,54.80,55.20,693467,38356433,0.4,,249937584,567,,,1
2026-03-31,6024,群益期,twse,55.50,56.10,55.10,56.00,956610,53419843,0.8,,249937584,761,,,1
2026-04-01,6024,群益期,twse,56.30,56.40,56.20,56.40,315756,17781638,0.4,,249937584,390,,,1
2026-04-02,6024,群益期,twse,56.50,56.80,55.80,55.90,275065,15421068,-0.5,,249937584,330,,,1
2026-04-07,6024,群益期,twse,55.90,56.80,55.90,56.80,383617,21677755,0.9,,249937584,391,,,1
2026-04-08,6024,群益期,twse,57.00,57.40,56.80,57.40,439226,25065246,0.6,,249937584,454,,,1
2026-04-09,6024,群益期,twse,56.80,56.90,56.00,56.50,512752,28954906,-0.9,,249937584,824,,,1
2026-04-10,6024,群益期,twse,56.30,56.90,56.30,56.70,248615,14097225,0.2,,249937584,291,,,1
2026-04-13,6024,群益期,twse,56.10,57.10,55.80,56.60,434123,24552336,-0.1,,249937584,859,,,1
2026-04-14,6024,群益期,twse,57.00,57.00,56.50,56.50,393930,22325049,-0.1,,249937584,616,,,1
2026-04-15,6024,群益期,twse,56.50,56.90,56.50,56.70,210500,11934886,0.2,,249937584,244,,,1
2026-04-16,6024,群益期,twse,56.70,57.00,56.20,56.50,349925,19772131,-0.2,,249937584,1325,,,1
2026-04-17,6024,群益期,twse,56.60,56.60,56.10,56.40,221595,12469698,-0.1,,249937584,320,,,1
2026-04-20,6024,群益期,twse,56.10,56.40,55.80,56.10,304070,17054615,-0.3,,249937584,735,,,1
2026-04-21,6024,群益期,twse,56.30,56.30,55.80,55.80,301852,16897993,-0.3,,249937584,766,,,1
2026-04-22,6024,群益期,twse,55.80,55.80,55.50,55.60,460399,25594042,-0.2,,249937584,1301,,,1
2026-04-23,6024,群益期,twse,55.60,55.80,54.90,55.20,496610,27423773,-0.4,,249937584,1580,,,1
2026-04-24,6024,群益期,twse,55.20,55.30,54.90,55.10,249610,13748422,-0.1,,249937584,325,,,1
2026-04-27,6024,群益期,twse,55.10,55.70,54.90,55.50,281976,15596472,0.4,,249937584,295,,,1
2026-04-28,6024,群益期,twse,55.50,56.30,55.40,56.00,408149,22840246,0.5,,249937584,343,,,1
2026-04-29,6024,群益期,twse,56.00,56.00,55.60,55.70,171942,9594848,-0.3,,249937584,240,,,1
2026-04-30,6024,群益期,twse,56.10,56.50,55.70,56.20,281993,15837276,0.5,,249937584,410,,,1
2026-05-04,6024,群益期,twse,56.20,57.60,56.20,57.10,987529,56332583,0.9,,249937584,1022,,,1
2026-05-05,6024,群益期,twse,56.80,57.80,56.80,57.20,376617,21559476,0.1,,249937584,420,,,1
2026-05-06,6024,群益期,twse,57.60,57.90,57.20,57.60,346085,19922786,0.4,,249937584,570,,,1
2026-05-07,6024,群益期,twse,57.60,58.30,57.40,58.20,732302,42414960,0.6,,249937584,645,,,1
2026-05-08,6024,群益期,twse,58.40,58.40,57.90,58.20,258284,15011632,0.0,,249937584,310,,,1
2026-05-11,6024,群益期,twse,58.20,59.00,57.80,58.20,448579,26242943,0.0,,249937584,452,,,1
2026-05-12,6024,群益期,twse,58.20,58.20,57.10,57.50,639890,36814141,-0.7,,249937584,789,,,1
2026-05-13,6024,群益期,twse,57.30,57.40,56.70,57.20,399047,22780915,-0.3,,249937584,441,,,1
2026-05-14,6024,群益期,twse,57.20,57.30,56.30,56.50,609230,34620909,-0.7,,249937584,1542,,,1
2026-05-15,6024,群益期,twse,56.60,57.30,56.50,56.50,226562,12861392,0.0,,249937584,597,,,1
2026-05-18,6024,群益期,twse,56.20,56.50,55.90,56.00,284577,15994708,-0.5,,249937584,790,,,1
2026-05-19,6024,群益期,twse,56.00,56.50,55.90,56.00,162876,9135113,0.0,,249937584,201,,,1
2026-05-20,6024,群益期,twse,55.90,56.20,55.70,55.80,244308,13649836,-0.2,,249937584,277,,,1
2026-05-21,6024,群益期,twse,56.00,56.60,56.00,56.60,274950,15482479,0.8,,249937584,299,,,1
2026-05-22,6024,群益期,twse,56.60,56.60,56.20,56.50,358520,20244221,-0.1,,249937584,326,,,1
2026-05-25,6024,群益期,twse,56.30,56.40,55.70,55.80,750860,41966193,-0.7,,249937584,743,,,1
2026-05-26,6024,群益期,twse,55.80,56.30,55.50,56.20,334657,18735462,0.4,,249937584,382,,,1
2026-05-27,6024,群益期,twse,56.10,57.10,56.10,56.80,448337,25427075,0.6,,249937584,459,,,1
2026-05-28,6024,群益期,twse,57.10,57.20,56.20,56.50,413557,23495556,-0.3,,249937584,386,,,1
2026-05-29,6024,群益期,twse,56.70,57.70,56.70,57.70,602135,34447808,1.2,,249937584,626,,,1
2026-06-01,6024,群益期,twse,58.00,58.50,57.50,58.20,578834,33642886,0.5,,249937584,600,,,1
2026-06-02,6024,群益期,twse,58.20,58.50,57.70,58.50,378044,21991897,0.3,,249937584,475,,,1
2026-06-03,6024,群益期,twse,58.70,61.20,58.70,60.00,1280479,77009662,1.5,,249937584,1226,,,1
2026-06-04,6024,群益期,twse,60.00,60.70,59.70,60.10,461183,27729076,0.1,,249937584,521,,,1
2026-06-05,6024,群益期,twse,61.50,61.60,59.70,60.40,1063490,64383586,0.3,,249937584,977,,,1
2026-06-08,6024,群益期,twse,58.50,60.90,58.30,60.60,1060081,63584164,0.2,,249937584,914,,,1
2026-06-09,6024,群益期,twse,60.60,61.80,60.30,61.50,947859,57936117,0.9,,249937584,832,,,1
2026-06-10,6024,群益期,twse,61.40,61.40,60.50,60.60,519903,31656127,-0.9,,249937584,549,,,1
2026-06-11,6024,群益期,twse,60.60,60.90,59.50,60.40,647089,38950911,-0.2,,249937584,652,,,1
2026-06-12,6024,群益期,twse,61.00,62.00,61.00,61.50,494285,30409569,1.1,,249937584,440,,,1
2026-06-15,6024,群益期,twse,61.90,62.00,61.10,61.80,574215,35321487,0.3,,249937584,478,,,1
2026-06-16,6024,群益期,twse,61.80,62.50,61.70,61.80,366864,22739763,0.0,,249937584,454,,,1
2026-06-17,6024,群益期,twse,61.90,62.60,61.60,62.30,647215,40276684,0.5,,249937584,626,,,1
2026-06-18,6024,群益期,twse,62.50,63.10,61.80,62.00,667489,41679483,-0.3,,249937584,578,,,1
2026-06-22,6024,群益期,twse,62.00,62.40,61.70,62.00,408348,25356945,0.0,,249937584,324,,,1
2026-06-23,6024,群益期,twse,62.00,62.30,61.50,62.00,313218,19405430,0.0,,249937584,366,,,1
2026-06-24,6024,群益期,twse,61.60,61.80,61.00,61.10,394957,24224041,-0.9,,249937584,1081,,,1
2026-06-25,6024,群益期,twse,61.30,61.80,61.30,61.60,290316,17894014,0.5,,249937584,317,,,1
2026-06-26,6024,群益期,twse,61.10,61.20,60.20,60.40,559138,33945826,-1.2,,249937584,588,,,1
2026-06-29,6024,群益期,twse,60.50,61.50,60.50,61.20,282846,17298169,0.8,,249937584,363,,,1
2026-06-30,6024,群益期,twse,61.20,61.30,60.90,61.20,141396,8643470,0.0,,249937584,230,,,1
2026-07-01,6024,群益期,twse,61.00,61.90,61.00,61.70,195088,12001700,0.5,,249937584,313,,,1
2026-07-02,6024,群益期,twse,61.60,61.70,60.70,61.70,374072,22881662,0.0,,249937584,505,,,1
2026-07-03,6024,群益期,twse,61.10,62.10,61.10,61.90,209629,12964342,0.2,,249937584,327,,,1
2026-07-06,6024,群益期,twse,62.10,62.80,62.10,62.50,426547,26650703,0.6,,249937584,434,,,1
2026-07-07,6024,群益期,twse,62.50,62.70,61.70,62.30,319206,19857839,-0.2,,249937584,592,,,1
2026-07-08,6024,群益期,twse,63.50,65.00,63.50,64.40,1182643,76053642,2.1,,249937584,1126,,,1
2026-07-09,6024,群益期,twse,64.40,64.60,63.80,64.50,404411,26007482,0.1,,249937584,474,,,1
2026-07-13,6024,群益期,twse,65.00,65.40,63.70,63.80,477198,30723153,-0.7,,249937584,961,,,1
2026-07-14,6024,群益期,twse,64.10,64.10,62.60,63.60,514771,32530393,-0.2,,249937584,565,,,1
2026-07-15,6024,群益期,twse,63.50,64.80,63.50,64.80,310866,19985687,1.2,,249937584,376,,,1
2026-07-16,6024,群益期,twse,65.20,65.20,64.60,65.20,560492,36423326,0.4,,249937584,488,,,1
2026-07-17,6024,群益期,twse,64.50,65.20,64.00,64.50,563545,36301109,-0.7,,249937584,604,,,1
2026-07-20,6024,群益期,twse,64.80,65.00,63.50,63.70,440849,28328760,-0.8,,249937584,490,,,1
2026-07-21,6024,群益期,twse,63.80,64.60,63.70,64.40,309426,19917446,0.7,,249937584,368,,,1
2026-07-22,6024,群益期,twse,64.60,65.00,64.40,64.50,327234,21155237,0.1,,249937584,465,,,1
2026-07-23,6024,群益期,twse,64.70,64.70,63.90,64.30,316357,20305125,-0.2,,249937584,338,,,1
2026-07-24,6024,群益期,twse,64.30,65.00,64.20,64.90,411909,26629717,0.6,,249937584,410,,,1
2026-07-27,6024,群益期,twse,64.90,65.20,64.40,64.70,377259,24455464,-0.2,,249937584,436,,,1
2026-07-28,6024,群益期,twse,64.70,64.70,63.60,63.80,1017667,65034273,-0.9,,249937584,846,,,1
2026-07-29,6024,群益期,twse,64.00,64.20,62.30,63.10,1229437,77804275,-0.7,,249937584,1016,,,1
2026-07-30,6024,群益期,twse,63.00,63.80,62.60,62.90,1423569,89799949,-0.2,,249937584,1025,,,1
2026-07-31,6024,群益期,twse,57.20,58.70,57.00,58.30,1367664,79177306,0.0,,249937584,1241,,,1
2026-08-03,6024,群益期,twse,58.30,58.30,57.40,58.30,499633,28935589,0.0,,249937584,746,,,1
2026-08-04,6024,群益期,twse,57.70,58.20,57.50,58.20,582265,33676874,-0.1,,249937584,582,,,1
2026-08-05,6024,群益期,twse,58.30,59.80,58.30,59.70,466349,27604906,1.5,,249937584,502,,,1
2026-08-06,6024,群益期,twse,59.50,59.60,58.60,59.30,277566,16399557,-0.4,,249937584,526,,,1
2026-08-07,6024,群益期,twse,59.00,60.00,59.00,59.90,254237,15144002,0.6,,249937584,331,,,1
2026-08-10,6024,群益期,twse,61.20,62.20,60.70,62.10,733907,45304026,2.2,,249937584,775,,,1
2026-08-11,6024,群益期,twse,62.00,62.10,61.40,61.60,278565,17189745,-0.5,,249937584,648,,,1
2026-08-12,6024,群益期,twse,61.50,62.00,61.40,61.40,269703,16594081,-0.2,,249937584,1216,,,1
2026-08-13,6024,群益期,twse,61.90,61.90,61.10,61.60,244014,14986023,0.2,,249937584,286,,,1
2026-08-14,6024,群益期,twse,61.50,61.70,60.40,60.70,603113,36720334,-0.9,,249937584,512,,,1
2026-08-17,6024,群益期,twse,60.50,61.10,60.10,61.10,417022,25286966,0.4,,249937584,382,,,1
2026-08-18,6024,群益期,twse,60.80,61.30,60.60,60.80,190629,11615502,-0.3,,249937584,262,,,1
2026-08-19,6024,群益期,twse,60.30,61.00,60.30,60.80,175446,10657120,0.0,,249937584,497,,,1
2026-08-20,6024,群益期,twse,61.00,61.50,60.90,61.50,184498,11286127,0.7,,249937584,234,,,1
2026-08-21,6024,群益期,twse,61.40,63.10,61.40,63.00,690807,43064907,1.5,,266683403,717,,,1
2026-08-24,6024,群益期,twse,63.10,63.50,62.40,62.70,260913,16398395,-0.3,,266683403,437,,,1
2026-08-25,6024,群益期,twse,62.50,62.60,62.10,62.20,178984,11153757,-0.5,,266683403,432,,,1
2026-08-26,6024,群益期,twse,62.20,62.80,62.20,62.70,118259,7402496,0.5,,266683403,222,,,1
2026-08-27,6024,群益期,twse,62.90,62.90,61.90,62.00,191895,11980093,-0.7,,266683403,1243,,,1
2026-08-28,6024,群益期,twse,61.90,62.50,61.70,61.70,314079,19444860,-0.3,,266683403,1322,,,1
2026-08-31,6024,群益期,twse,61.70,63.80,61.70,63.50,567647,35794817,1.8,,266683403,621,,,1
2026-09-01,6024,群益期,twse,63.00,63.50,63.00,63.10,155123,9808187,-0.4,,266683403,510,,,1
2026-09-02,6024,群益期,twse,63.30,63.30,62.50,62.90,142983,8976511,-0.2,,266683403,505,,,1
2026-09-03,6024,群益期,twse,63.10,63.50,62.90,63.00,166335,10522298,0.1,,266683403,281,,,1
2026-09-04,6024,群益期,twse,63.60,63.60,63.00,63.40,308371,19496250,0.4,,266683403,1016,,,1
2026-09-07,6024,群益期,twse,63.50,63.50,62.50,62.90,270122,17002927,-0.5,,266683403,890,,,1
2026-09-08,6024,群益期,twse,62.00,62.00,60.60,61.20,1181502,72003807,-1.7,,266683403,1336,,,1
2026-09-09,6024,群益期,twse,60.90,61.00,60.40,60.90,325273,19748557,-0.3,,266683403,460,,,1
2026-09-10,6024,群益期,twse,60.60,61.40,60.60,60.90,204351,12454149,0.0,,266683403,303,,,1
2026-09-11,6024,群益期,twse,60.50,61.10,60.20,60.70,274143,16612879,-0.2,,266683403,382,,,1
2026-09-14,6024,群益期,twse,60.50,61.10,60.50,61.10,131168,7974994,0.4,,266683403,377,,,1
2026-09-15,6024,群益期,twse,60.80,60.90,60.30,60.50,239326,14488319,-0.6,,266683403,353,,,1
2026-09-16,6024,群益期,twse,60.80,60.80,60.40,60.60,153818,9314973,0.1,,266683403,227,,,1
2026-09-17,6024,群益期,twse,60.40,61.70,60.40,61.50,414249,25394725,0.9,,266683403,592,,,1
2026-09-18,6024,群益期,twse,61.60,61.60,60.90,61.20,340531,20897810,-0.3,,266683403,426,,,1
2026-09-21,6024,群益期,twse,61.20,61.50,60.80,61.50,207823,12716658,0.3,,266683403,355,,,1
2026-09-22,6024,群益期,twse,61.50,61.80,61.30,61.30,211094,12994769,-0.2,,266683403,470,,,1
2026-09-23,6024,群益期,twse,61.40,61.50,60.90,60.90,135556,8286616,-0.4,,266683403,837,,,1
2026-09-24,6024,群益期,twse,60.80,61.00,60.70,60.80,107319,6528404,-0.1,,266683403,238,,,1
2026-09-29,6024,群益期,twse,60.80,61.10,59.70,60.20,304599,18360658,-0.6,,266683403,383,,,1
2026-09-30,6024,群益期,twse,60.50,60.50,60.10,60.40,139673,8421118,0.2,,266683403,207,,,1
2026-10-01,6024,群益期,twse,60.40,60.40,59.70,59.90,271843,16304846,-0.5,,266683403,469,,,1
2026-10-02,6024,群益期,twse,59.90,60.10,59.70,59.80,114811,6872794,-0.1,,266683403,207,,,1
2026-10-05,6024,群益期,twse,59.90,60.00,59.60,59.70,179355,10732248,-0.1,,266683403,228,,,1
2026-10-06,6024,群益期,twse,59.70,59.80,59.50,59.50,182606,10888024,-0.2,,266683403,234,,,1
2026-10-07,6024,群益期,twse,59.70,59.70,59.30,59.40,115676,6880381,-0.1,,266683403,312,,,1
2026-10-08,6024,群益期,twse,59.40,59.60,58.60,58.70,542327,31952926,-0.7,,266683403,696,,,1
