date,stock_id,s_prev,s_sell,s_buy,s_ret,s_balance,s_limit,sbl_prev,sbl_sell,sbl_return,sbl_adj,sbl_balance,sbl_limit,note
2016-07-19,0050,1265000,7000,328000,0,944000,290375000,36403000,0,111000,0,36292000,3083561,
2016-07-19,0051,0,0,0,0,0,4625000,0,0,0,0,0,6347,
2016-07-19,0052,0,0,0,0,0,2000000,0,0,0,0,0,2947,X
2016-07-19,0053,0,0,0,0,0,3872000,0,0,0,0,0,4774,X
2016-07-19,0054,0,0,0,0,0,4781000,0,0,0,0,0,3333,X
2016-07-19,0055,112000,0,0,0,112000,19538500,0,0,0,0,0,82058,
2016-07-19,0056,34000,0,0,0,34000,85883500,0,0,0,0,0,897564,
2016-07-19,0057,0,0,0,0,0,2131750,0,0,0,0,0,5573,X
2016-07-19,0058,0,0,0,0,0,1299000,0,0,0,0,0,460,X
2016-07-19,0059,0,0,0,0,0,1743250,0,0,0,0,0,774,X
2016-07-19,0061,2924000,0,16000,0,2908000,196029000,9588000,135000,0,0,9723000,730312,
2016-07-19,006203,0,0,0,0,0,2304500,0,0,0,0,0,800,X
2016-07-19,006204,0,0,0,0,0,1500000,0,0,0,0,0,17412,
2016-07-19,006205,2071000,9000,0,0,2080000,165693000,7819000,0,0,0,7819000,920713,
2016-07-19,006206,551000,10000,0,0,561000,47444500,730000,0,0,0,730000,221661,
2016-07-19,006207,704000,0,0,0,704000,68223000,1094000,0,0,0,1094000,309128,
2016-07-19,006208,0,0,0,0,0,1010000,0,0,0,0,0,340,X
2016-07-19,00631L,4172000,279000,12000,0,4439000,23521000,3000,0,0,0,3000,2663597,
2016-07-19,00632R,390000,12000,35000,0,367000,930537250,52349000,0,0,0,52349000,25007692,
2016-07-19,00633L,11734000,238000,1120000,3000,10849000,231864500,45465000,0,0,0,45465000,9238472,
2016-07-19,00634R,666000,125000,23000,0,768000,32439000,1054000,0,0,0,1054000,791730,
2016-07-19,00635U,176000,3000,20000,0,159000,11128500,0,0,0,0,0,478739,
2016-07-19,00636,193000,0,0,0,193000,50986500,2951000,0,0,0,2951000,341807,
2016-07-19,00637L,15808000,686000,1680000,4000,14810000,434901500,69962000,0,0,0,69962000,14780744,
2016-07-19,00638R,210000,2000,0,0,212000,4487000,0,0,0,0,0,97694,
2016-07-19,00639,836000,0,5000,0,831000,97475750,3000000,0,0,0,3000000,1537526,
2016-07-19,00640L,5455000,262000,34000,935000,4748000,50854750,3228000,0,1168000,0,2060000,5782922,
2016-07-19,00641R,85000,0,0,0,85000,8064500,0,0,0,0,0,499288,
2016-07-19,00642U,2413000,79000,115000,0,2377000,91205250,320000,0,0,0,320000,2832322,
2016-07-19,00643,141000,2000,10000,0,133000,57675000,226000,0,0,0,226000,984594,
2016-07-19,00645,0,0,0,0,0,6374250,0,0,0,0,0,303813,
2016-07-19,00646,1000,0,0,0,1000,10121250,0,0,0,0,0,77942,
2016-07-19,00647L,25000,0,0,0,25000,3604000,0,0,0,0,0,98874,
2016-07-19,00648R,8000,0,1000,0,7000,50547000,1000000,0,0,0,1000000,1272291,
2016-07-19,00649,0,0,0,0,0,9193000,0,0,0,0,0,46940,X
2016-07-19,00650L,49000,7000,2000,0,54000,3459500,0,0,0,0,0,242266,
2016-07-19,00651R,2000,0,0,0,2000,7298000,0,0,0,0,0,133466,
2016-07-19,00652,0,0,0,0,0,7133750,0,0,0,0,0,232367,
2016-07-19,00653L,143000,2000,14000,0,131000,6225750,0,0,0,0,0,365776,
2016-07-19,00654R,0,0,0,0,0,6741500,0,0,0,0,0,271917,
2016-07-19,00655L,66000,0,4000,0,62000,12239500,0,0,0,0,0,1280813,
2016-07-19,00656R,0,0,0,0,0,6464250,0,0,0,0,0,151180,
2016-07-19,00657,0,0,0,0,0,5278250,0,0,0,0,0,227966,
2016-07-19,00658L,424000,0,351000,0,73000,7336250,0,0,0,0,0,1037400,
2016-07-19,00659R,0,0,0,0,0,4645000,0,0,0,0,0,272246,
2016-07-19,00660,3000,1000,0,0,4000,5257750,0,0,0,0,0,293866,
2016-07-19,00661,0,0,0,0,0,7481250,0,0,0,0,0,486308,
2016-07-19,00662,2000,0,0,0,2000,7632250,0,0,0,0,0,539218,
2016-07-19,00663L,5000,3000,2000,0,6000,4452250,0,0,0,0,0,875100,
2016-07-19,00664R,0,0,0,0,0,9393750,0,0,0,0,0,1400450,
2016-07-19,008201,800,0,0,0,800,887275,0,0,0,0,0,2531,
2016-07-19,1101,276000,0,259000,9000,8000,923043967,35620000,77000,865000,0,34832000,1595673,X
2016-07-19,1102,86000,0,3000,0,83000,840361799,27764112,0,600000,0,27164112,833591,
2016-07-19,1103,25000,0,0,0,25000,193695137,1639820,11000,0,0,1650820,26477,
2016-07-19,1104,0,0,0,0,0,157072285,2286500,0,0,0,2286500,85073,X
2016-07-19,1108,0,0,0,0,0,101184512,509000,0,0,0,509000,70777,
2016-07-19,1109,0,0,0,0,0,94725171,27000,0,0,0,27000,9714,
2016-07-19,1110,0,0,0,0,0,143000199,219000,0,0,0,219000,13183,X
2016-07-19,1201,421000,1000,2000,0,420000,126515728,14485000,81000,0,0,14566000,316731,
2016-07-19,1203,0,0,0,0,0,60000000,149000,0,0,0,149000,42605,
2016-07-19,1210,645000,111000,32000,0,724000,184098595,1679784,14000,0,0,1693784,1055136,
2016-07-19,1213,0,32000,0,0,32000,12868779,0,0,0,0,0,29797,
2016-07-19,1215,512000,48000,22000,0,538000,66997749,2472000,10000,0,0,2482000,786170,
2016-07-19,1216,218000,0,1000,0,217000,1420503855,13722200,132000,0,0,13854200,1744952,
2016-07-19,1217,3000,0,0,0,3000,121801314,7595000,0,0,0,7595000,128486,
2016-07-19,1218,10000,0,2000,0,8000,88334009,1919290,0,0,0,1919290,104080,
2016-07-19,1219,0,0,0,0,0,79706407,77000,0,0,0,77000,11882,
2016-07-19,1220,0,0,0,0,0,44269486,5000,0,0,0,5000,115752,
2016-07-19,1225,19000,0,1000,0,18000,54675762,524000,0,0,0,524000,56715,
2016-07-19,1227,94000,0,0,0,94000,198174287,5037708,71000,69300,0,5039408,158640,
2016-07-19,1229,0,0,0,0,0,222179956,1294000,0,0,0,1294000,122890,
2016-07-19,1231,0,0,0,0,0,37028280,280880,0,0,0,280880,43989,
2016-07-19,1232,3000,0,1000,0,2000,39993728,107000,0,0,0,107000,28821,
2016-07-19,1233,0,0,0,0,0,22647987,1000,0,0,0,1000,11252,
2016-07-19,1234,5000,0,0,0,5000,100467773,1786000,16000,0,0,1802000,43262,
2016-07-19,1235,2000,0,0,0,2000,15165584,1000,0,0,0,1000,12718,
2016-07-19,1236,0,0,0,0,0,27085627,0,0,0,0,0,4757,
2016-07-19,1262,24000,0,1000,0,23000,37125000,179000,12000,0,0,191000,96080,
2016-07-19,1301,61000,14000,0,0,75000,1591435195,16547817,40000,1172000,0,15415817,1342151,
2016-07-19,1303,0,20000,0,0,20000,1982705397,18706530,88000,298000,0,18496530,1413456,
2016-07-19,1304,39000,22000,0,1000,60000,285650591,5454000,0,0,0,5454000,235756,
2016-07-19,1305,147000,39000,9000,0,177000,117075852,3322680,4000,0,0,3326680,504183,
2016-07-19,1307,0,0,0,0,0,96557797,1046000,0,0,0,1046000,31871,
2016-07-19,1308,2000,3000,0,0,5000,123290195,3717970,18000,0,0,3735970,80709,
2016-07-19,1309,4000,0,0,0,4000,81912963,1164000,0,0,0,1164000,45176,
2016-07-19,1310,92000,5000,0,0,97000,131967441,8911950,0,0,0,8911950,437464,
2016-07-19,1312,32000,6000,0,0,38000,226655082,6027000,25000,0,0,6052000,788743,
2016-07-19,1313,1000,0,0,0,1000,292809143,4466000,0,0,0,4466000,118674,
2016-07-19,1314,441000,19000,1000,0,459000,579997416,91000275,0,0,0,91000275,844858,
2016-07-19,1315,0,0,0,0,0,49500000,105000,0,0,0,105000,25070,
2016-07-19,1316,0,0,0,0,0,24976975,0,0,0,0,0,41459,X
2016-07-19,1319,201000,0,195000,0,6000,147869267,4354760,0,1296000,0,3058760,562078,X
2016-07-19,1321,18000,0,0,0,18000,56807067,1378000,1000,0,0,1379000,11098,
2016-07-19,1323,33000,0,0,0,33000,22818638,366000,0,0,0,366000,66506,
2016-07-19,1324,0,0,0,0,0,18780470,0,0,0,0,0,3699,
2016-07-19,1325,0,0,0,0,0,25082705,0,0,0,0,0,9666,
2016-07-19,1326,153000,6000,0,0,159000,1465296572,14530454,0,479000,0,14051454,1157181,
2016-07-19,1337,130000,2000,0,0,132000,64897099,1845639,0,0,0,1845639,189705,
2016-07-19,1338,12000,6000,0,0,18000,20960000,1063579,113000,0,0,1176579,107165,
2016-07-19,1339,19000,2000,1000,0,20000,18534718,732000,0,0,0,732000,58247,
2016-07-19,1340,63000,0,0,0,63000,28723300,268000,0,0,0,268000,187577,
2016-07-19,1402,14000,12000,1000,0,25000,1338218806,11754350,0,0,0,11754350,1122351,
2016-07-19,1409,2000,0,0,0,2000,404602322,2774000,6000,0,0,2780000,263570,
2016-07-19,1410,0,0,0,0,0,18000000,0,0,0,0,0,8758,
2016-07-19,1413,0,0,0,0,0,25528113,0,0,0,0,0,7962,X
2016-07-19,1414,5000,0,0,0,5000,55000000,493000,0,0,0,493000,82553,
2016-07-19,1416,2000,5000,0,1000,6000,66005045,410000,10000,6000,0,414000,100478,
2016-07-19,1417,162000,0,37000,0,125000,94970920,3824000,0,0,0,3824000,90455,
2016-07-19,1418,0,0,0,0,0,32981907,0,0,0,0,0,3308,X
2016-07-19,1419,10000,0,0,0,10000,75010320,1191700,0,0,0,1191700,349344,
2016-07-19,1423,0,0,0,0,0,43250000,7000,0,0,0,7000,25089,
2016-07-19,1432,1808000,8000,49000,61000,1706000,42859410,263000,29000,0,0,292000,108897,
2016-07-19,1434,10000,0,0,0,10000,421166159,2573000,0,0,0,2573000,191390,X
2016-07-19,1435,0,0,0,0,0,34945020,0,0,0,0,0,9759,X
2016-07-19,1436,1000,0,0,0,1000,17250000,1000,0,0,0,1000,11996,
2016-07-19,1437,22000,14000,0,0,36000,50047484,1835000,0,0,0,1835000,39489,
2016-07-19,1438,0,0,0,0,0,25602879,0,0,0,0,0,4358,X
2016-07-19,1439,0,0,0,0,0,23000000,10000,0,0,0,10000,9267,
2016-07-19,1440,260000,1000,0,0,261000,414203964,16064475,1000,0,0,16065475,235801,
2016-07-19,1441,0,0,0,0,0,22449766,0,0,0,0,0,23128,X
2016-07-19,1442,57000,0,5000,0,52000,60995969,698000,0,0,0,698000,28729,
2016-07-19,1443,0,0,0,0,0,33835752,0,0,0,0,0,4181,X
2016-07-19,1444,4000,0,0,0,4000,239325735,5572000,0,0,0,5572000,210742,
2016-07-19,1445,2000,0,0,0,2000,34666758,0,0,0,0,0,92681,
2016-07-19,1446,0,0,0,0,0,34427378,219000,0,0,0,219000,6066,
2016-07-19,1447,307000,0,3000,0,304000,228621810,11110945,134000,0,0,11244945,134683,
2016-07-19,1449,0,0,0,0,0,16653750,0,0,0,0,0,16162,X
2016-07-19,1451,1000,0,0,0,1000,100000000,909000,0,0,0,909000,52203,
2016-07-19,1452,15000,1000,0,0,16000,33160350,1033000,150000,0,0,1183000,152473,
2016-07-19,1453,0,0,0,0,0,21979086,0,0,0,0,0,6762,
2016-07-19,1454,0,0,0,0,0,35077462,15000,0,0,0,15000,37056,
2016-07-19,1455,0,0,0,0,0,152940845,10483334,0,0,0,10483334,195731,
2016-07-19,1456,0,0,0,0,0,7370000,0,0,0,0,0,1771,
2016-07-19,1457,36000,2000,0,0,38000,83791011,6822861,232000,0,0,7054861,248497,
2016-07-19,1459,0,0,0,0,0,89657226,4463000,26000,0,0,4489000,52109,
2016-07-19,1460,27000,0,8000,0,19000,117797283,5192000,0,0,0,5192000,240498,
2016-07-19,1463,1000,0,0,0,1000,43317095,887000,0,0,0,887000,105725,
2016-07-19,1464,0,234000,0,0,234000,68038802,748921,0,0,0,748921,383520,
2016-07-19,1465,0,0,0,0,0,25901816,4000,0,0,0,4000,7578,
2016-07-19,1466,0,0,0,0,0,27789330,304000,0,0,0,304000,8753,
2016-07-19,1467,12000,2000,0,0,14000,42052440,2071000,0,0,0,2071000,142818,
2016-07-19,1468,0,0,0,0,0,40101311,0,0,0,0,0,4926,X
2016-07-19,1470,0,0,0,0,0,21441750,0,0,0,0,0,1151,
2016-07-19,1471,34000,0,0,0,34000,50366917,519000,0,0,0,519000,140916,
2016-07-19,1472,0,0,0,0,0,14875000,0,0,0,0,0,26215,X
2016-07-19,1473,132000,5000,4000,0,133000,36777008,2004000,0,0,0,2004000,158378,
2016-07-19,1474,2000,0,0,2000,0,32474242,3000,0,0,0,3000,45775,
2016-07-19,1475,0,0,0,0,0,3384341,0,0,0,0,0,15563,X
2016-07-19,1476,737000,83000,52000,0,768000,67246841,12955042,236000,74000,0,13117042,473557,
2016-07-19,1477,282000,13000,32000,5000,258000,49733143,6338854,0,28000,0,6310854,332341,
2016-07-19,1503,0,0,0,0,0,130243055,498590,0,0,0,498590,13119,
2016-07-19,1504,126000,35000,34000,0,127000,500673221,16898000,298000,0,0,17196000,597496,
2016-07-19,1506,4000,0,0,0,4000,23063937,123000,0,0,0,123000,22954,
2016-07-19,1507,5000,0,0,0,5000,102705000,5210000,1000,311000,0,4900000,103485,
2016-07-19,1512,0,0,0,0,0,45450623,0,0,0,0,0,42861,X
2016-07-19,1513,32000,0,31000,0,1000,105000000,1599000,0,0,0,1599000,118452,
2016-07-19,1514,3000,0,0,0,3000,50266753,236000,0,0,0,236000,145608,
2016-07-19,1515,539000,20000,42000,0,517000,45368375,152000,0,0,0,152000,435009,
2016-07-19,1516,0,0,0,0,0,2128850,0,0,0,0,0,10103,
2016-07-19,1517,0,0,0,0,0,56956251,786000,0,0,0,786000,25060,
2016-07-19,1519,0,0,0,0,0,65264637,935000,0,0,0,935000,42385,
2016-07-19,1521,4000,0,2000,0,2000,19057500,246000,9000,0,0,255000,47967,
2016-07-19,1522,183000,14000,14000,0,183000,78224470,3525258,0,0,0,3525258,378952,
2016-07-19,1524,179000,0,41000,0,138000,44921301,7000,0,0,0,7000,304572,
2016-07-19,1525,19000,0,10000,0,9000,17311352,52000,0,17000,0,35000,32426,X
2016-07-19,1526,0,0,0,0,0,8880854,0,0,0,0,0,12763,
2016-07-19,1527,761000,11000,104000,0,668000,34490160,1639000,66000,0,0,1705000,457849,
2016-07-19,1528,9000,0,3000,0,6000,45000000,7000,0,0,0,7000,144010,
2016-07-19,1529,0,0,0,0,0,39927230,0,0,0,0,0,126035,X
2016-07-19,1530,0,0,0,0,0,22998612,92000,0,0,0,92000,8354,
2016-07-19,1531,0,0,0,0,0,48287770,706000,0,0,0,706000,14904,
2016-07-19,1532,183000,27000,19000,0,191000,96313028,2224860,1000,0,0,2225860,453362,
2016-07-19,1533,365000,4000,73000,0,296000,23689299,955000,0,0,0,955000,78195,
2016-07-19,1535,4000,0,0,0,4000,30935638,278000,0,0,0,278000,14850,
2016-07-19,1536,767000,224000,143000,5000,843000,58739128,5261158,26000,0,0,5287158,710966,
2016-07-19,1537,9000,2000,1000,0,10000,20446348,523600,0,0,0,523600,63680,
2016-07-19,1538,0,0,0,0,0,18841033,0,0,0,0,0,20378,X
2016-07-19,1539,551000,45000,12000,0,584000,16342500,17000,0,0,0,17000,301490,
2016-07-19,1540,0,0,0,0,0,21368403,11000,0,0,0,11000,20483,
2016-07-19,1541,206000,1000,3000,0,204000,19700000,31000,0,0,0,31000,98752,
2016-07-19,1558,11000,0,1000,0,10000,15138157,142000,0,0,0,142000,23807,
2016-07-19,1560,24000,4000,3000,0,25000,35250000,671000,0,0,0,671000,57097,
2016-07-19,1568,65000,24000,0,0,89000,25771639,83000,5000,0,0,88000,300639,
2016-07-19,1582,21000,0,4000,17000,0,37464084,1012000,68000,0,0,1080000,72537,X
2016-07-19,1583,0,0,0,0,0,25082584,4000,0,0,0,4000,8808,
2016-07-19,1589,307000,54000,19000,0,342000,29695595,1525948,178000,0,0,1703948,189566,
2016-07-19,1590,249000,3000,7000,17000,228000,44756249,1271840,16000,0,0,1287840,174300,
2016-07-19,1592,119000,3000,13000,0,109000,25108312,3000,60000,0,0,63000,237749,
2016-07-19,1603,1000,0,0,0,1000,68460000,90000,0,0,0,90000,31062,
2016-07-19,1604,29000,0,0,0,29000,131250000,1727000,0,0,0,1727000,152893,
2016-07-19,1605,433000,0,47000,0,386000,894000064,24997000,30000,0,0,25027000,827888,
2016-07-19,1608,2000,0,0,0,2000,158193376,2048000,0,0,0,2048000,30561,
2016-07-19,1609,11000,23000,2000,0,32000,143045197,2688000,0,0,0,2688000,77048,
2016-07-19,1611,1000,0,0,0,1000,99609796,1496090,0,0,0,1496090,340608,
2016-07-19,1612,0,0,0,0,0,79020015,494000,0,0,0,494000,25725,
2016-07-19,1613,0,0,0,0,0,50000000,0,0,0,0,0,16964,X
2016-07-19,1614,0,0,0,0,0,67278351,316000,0,0,0,316000,12195,
2016-07-19,1615,0,0,0,0,0,27965446,0,0,0,0,0,2852,
2016-07-19,1616,0,0,0,0,0,48537128,0,0,0,0,0,33817,X
2016-07-19,1617,0,0,0,0,0,36058308,0,0,0,0,0,3977,
2016-07-19,1618,0,0,0,0,0,60216171,22000,0,0,0,22000,31887,X
2016-07-19,1626,10000,0,0,0,10000,30721146,0,0,0,0,0,31053,
2016-07-19,1701,2000,0,1000,1000,0,74520270,1328600,0,0,0,1328600,49331,X
2016-07-19,1702,91000,6000,52000,1000,44000,73533240,2220470,3000,0,0,2223470,158611,X
2016-07-19,1704,637000,50000,25000,50000,612000,214002342,4106000,0,0,0,4106000,962668,
2016-07-19,1707,273000,327000,0,0,600000,32598642,2589000,64000,0,0,2653000,150059,
2016-07-19,1708,7000,6000,0,0,13000,45679788,1791850,0,0,0,1791850,69468,
2016-07-19,1709,699000,188000,0,0,887000,108669377,810000,0,0,0,810000,171127,
2016-07-19,1710,29000,0,0,0,29000,221425757,32346000,1000,600000,0,31747000,141136,
2016-07-19,1711,29000,0,29000,0,0,130417196,6785050,0,0,0,6785050,192039,X
2016-07-19,1712,0,0,0,0,0,86200800,1029000,0,0,0,1029000,155039,
2016-07-19,1713,0,0,0,0,0,37737925,4000,0,0,0,4000,7844,X
2016-07-19,1714,73000,3000,17000,0,59000,239648172,14387510,7000,0,0,14394510,218673,
2016-07-19,1715,0,0,0,0,0,103753056,787827,0,0,0,787827,54905,
2016-07-19,1717,0,0,0,0,0,255542256,2948850,172000,1000,0,3119850,209690,X
2016-07-19,1718,26000,1000,0,0,27000,340423311,24532000,40000,0,0,24572000,575804,
2016-07-19,1720,9000,0,0,0,9000,44674022,931000,7000,97000,0,841000,60764,
2016-07-19,1721,54000,0,1000,0,53000,54336836,30000,0,0,0,30000,387714,
2016-07-19,1722,24000,5000,0,0,29000,245000000,6845000,3000,81000,0,6767000,270192,
2016-07-19,1723,11000,0,0,0,11000,59226120,6163520,33000,252000,0,5944520,74379,
2016-07-19,1724,0,0,0,0,0,31953475,39000,0,0,0,39000,27257,X
2016-07-19,1725,0,0,0,0,0,45457494,0,0,0,0,0,2428,
2016-07-19,1726,0,0,0,0,0,40500000,336270,1000,0,0,337270,13375,
2016-07-19,1727,0,0,0,0,0,27562500,0,0,0,0,0,12933,
2016-07-19,1729,337000,4000,2000,0,339000,46353550,1435000,2000,0,0,1437000,51364,
2016-07-19,1730,0,0,0,0,0,14245292,0,0,0,0,0,21623,
2016-07-19,1731,8000,0,0,0,8000,33228811,392000,0,0,0,392000,48317,
2016-07-19,1732,1000,0,0,0,1000,10610989,4000,0,0,0,4000,17734,
2016-07-19,1733,533000,17000,0,0,550000,24821838,2075270,0,0,0,2075270,127290,
2016-07-19,1734,1000,0,1000,0,0,40317793,1335360,0,0,0,1335360,47235,
2016-07-19,1735,0,0,0,0,0,24847000,3000,0,0,0,3000,21327,
2016-07-19,1736,16000,12000,0,0,28000,76004154,2617470,0,0,0,2617470,35315,
2016-07-19,1737,19000,6000,1000,0,24000,50000000,1525000,5000,0,0,1530000,162403,
2016-07-19,1762,0,0,0,0,0,19390000,239000,0,0,0,239000,54078,X
2016-07-19,1773,1000,0,0,0,1000,37500000,186000,0,0,0,186000,17045,
2016-07-19,1783,1000,0,0,0,1000,17711750,46000,0,0,0,46000,45937,
2016-07-19,1786,4000,10000,0,0,14000,13375000,205000,0,0,0,205000,20992,
2016-07-19,1789,140000,3000,4000,0,139000,182770715,7849310,83000,0,0,7932310,314562,
2016-07-19,1802,51000,2000,3000,0,50000,627015200,23053535,0,930000,0,22123535,311739,
2016-07-19,1805,0,0,0,0,0,13337893,0,0,0,0,0,8133,X
2016-07-19,1806,12000,0,5000,0,7000,109333769,1077000,1000,0,0,1078000,188661,
2016-07-19,1808,764000,8000,0,8000,764000,58639498,1272000,0,0,0,1272000,97820,
2016-07-19,1809,0,0,0,0,0,47455095,452000,0,0,0,452000,27057,
2016-07-19,1810,0,0,0,0,0,92463402,1012000,1000,0,0,1013000,41048,
2016-07-19,1817,10000,0,10000,0,0,18150000,0,0,0,0,0,25667,
2016-07-19,1902,0,0,0,0,0,100500137,1565620,0,0,0,1565620,37726,
2016-07-19,1903,10000,0,0,0,10000,65009780,1153820,0,0,0,1153820,7299,
2016-07-19,1904,1000,0,0,0,1000,277068630,1388000,0,0,0,1388000,123149,
2016-07-19,1905,0,0,0,0,0,275708829,1179000,0,0,0,1179000,95780,
2016-07-19,1906,13000,0,1000,0,12000,37750000,40000,0,0,0,40000,129943,
2016-07-19,1907,44000,0,15000,0,29000,415092873,8618000,100000,0,0,8718000,193629,
2016-07-19,1909,3004000,97000,12000,20000,3069000,209278327,3403000,60000,0,0,3463000,1001357,
2016-07-19,2002,997000,7000,204000,101000,699000,3933715249,531425967,546000,1413000,0,530558967,4440973,X
2016-07-19,2006,0,0,0,0,0,249555362,5256000,28000,46000,0,5238000,154603,
2016-07-19,2007,0,0,0,0,0,50350342,0,0,0,0,0,14906,X
2016-07-19,2008,0,0,0,0,0,61985573,18000,0,0,0,18000,9258,
2016-07-19,2009,0,0,0,0,0,89905541,0,0,0,0,0,18575,X
2016-07-19,2010,0,0,0,0,0,161913847,891000,0,0,0,891000,64470,
2016-07-19,2012,0,0,0,0,0,71943500,252000,0,0,0,252000,19127,
2016-07-19,2013,4000,0,1000,0,3000,50000000,1181000,28000,0,0,1209000,69532,
2016-07-19,2014,0,0,0,0,0,358886111,0,0,0,0,0,136465,X
2016-07-19,2015,1000,0,0,0,1000,145399856,1706000,0,0,0,1706000,81212,
2016-07-19,2017,1000,0,0,0,1000,81786474,0,0,0,0,0,38545,
2016-07-19,2020,0,0,0,0,0,61031525,197000,0,0,0,197000,30827,
2016-07-19,2022,0,0,0,0,0,136772779,0,0,0,0,0,52667,X
2016-07-19,2023,102000,0,34000,0,68000,429522644,7246820,0,0,0,7246820,238891,
2016-07-19,2024,1000,0,0,0,1000,24375000,2000,0,0,0,2000,12219,
2016-07-19,2027,10000,5000,0,0,15000,202045224,18362968,0,0,0,18362968,222118,
2016-07-19,2028,0,0,0,0,0,66250000,0,0,0,0,0,13960,X
2016-07-19,2029,0,9000,0,0,9000,80295000,379000,0,0,0,379000,104898,
2016-07-19,2030,1000,0,0,0,1000,71631506,633000,0,0,0,633000,75719,
2016-07-19,2031,248000,0,3000,0,245000,69156503,2010000,0,0,0,2010000,148266,
2016-07-19,2032,33000,0,0,0,33000,32630386,10000,0,0,0,10000,71825,
2016-07-19,2033,0,0,0,0,0,20173634,1000,0,0,0,1000,5807,
2016-07-19,2034,0,87000,0,0,87000,92529714,2275000,1000,0,0,2276000,251133,
2016-07-19,2038,0,0,0,0,0,43158219,0,0,0,0,0,48717,
2016-07-19,2049,1593000,18000,40000,0,1571000,67319614,16634698,38000,275680,0,16397018,415625,
2016-07-19,2059,32000,7000,0,0,39000,23824268,978000,0,0,0,978000,39780,
2016-07-19,2062,425000,0,4000,0,421000,40912074,3209000,0,0,0,3209000,185344,
2016-07-19,2101,9000,0,0,0,9000,208483726,18347000,133000,0,0,18480000,246846,
2016-07-19,2102,9000,0,0,0,9000,116012060,3114525,0,0,0,3114525,91765,
2016-07-19,2103,220000,1000,25000,0,196000,206427494,9114590,177000,0,0,9291590,495323,
2016-07-19,2104,0,0,0,0,0,149663568,1811720,0,0,0,1811720,179222,X
2016-07-19,2105,0,0,0,0,0,810353884,91886062,963000,720000,0,92129062,1654465,X
2016-07-19,2106,18000,1000,3000,0,16000,214320000,4194580,0,0,0,4194580,197709,
2016-07-19,2107,5000,0,0,0,5000,120444358,4836000,0,0,0,4836000,121101,
2016-07-19,2108,12000,0,2000,0,10000,106342005,1293280,0,0,0,1293280,136593,
2016-07-19,2109,37000,0,0,0,37000,73958121,1014000,0,0,0,1014000,33642,
2016-07-19,2114,0,0,0,0,0,16881322,59000,0,0,0,59000,11512,
2016-07-19,2115,6000,2000,0,0,8000,18623675,42000,0,0,0,42000,15192,
2016-07-19,2201,0,0,0,0,0,393229977,20870000,100000,0,0,20970000,398762,
2016-07-19,2204,0,0,0,0,0,346012713,5303000,307000,0,0,5610000,327298,X
2016-07-19,2206,7000,0,3000,0,4000,220011151,13164000,3000,0,0,13167000,126407,
2016-07-19,2207,6000,3000,0,0,9000,136544796,4279743,61000,0,0,4340743,63622,
2016-07-19,2208,5000,10000,0,0,15000,185891294,4778380,29000,0,0,4807380,123397,
2016-07-19,2227,0,0,0,0,0,75000000,1038000,0,0,0,1038000,18176,Y
2016-07-19,2228,117000,0,35000,0,82000,18931383,336000,20000,0,0,356000,106285,
2016-07-19,2231,165000,4000,12000,0,157000,20910776,944701,0,0,0,944701,99093,
2016-07-19,2301,625000,65000,56000,0,634000,583732084,14424994,190000,0,0,14614994,1718200,
2016-07-19,2302,0,0,0,0,0,41575720,0,0,0,0,0,20484,
2016-07-19,2303,1751000,146000,138000,0,1759000,3156079678,529042358,6014000,0,-5276000,529780358,7350387,
2016-07-19,2305,226000,0,10000,0,216000,42355206,54000,0,0,0,54000,375550,
2016-07-19,2308,353000,26000,7000,0,372000,649385832,8488227,6000,0,0,8494227,1075113,
2016-07-19,2311,955000,104000,64000,0,995000,1980905649,133307877,200000,455000,0,133052877,3206997,
2016-07-19,2312,257000,2000,6000,0,253000,363914302,37235000,28000,0,0,37263000,1623193,
2016-07-19,2313,631000,116000,1000,0,746000,297955147,47191000,49000,0,0,47240000,2160154,
2016-07-19,2314,0,0,0,0,0,67481609,1048000,0,284000,0,764000,180580,X
2016-07-19,2316,2596000,25000,156000,0,2465000,70251147,16225000,5000,0,0,16230000,1052168,
2016-07-19,2317,2324000,74000,101000,0,2297000,3909572057,67675890,71000,916000,0,66830890,5870051,
2016-07-19,2321,0,0,0,0,0,74332957,0,0,0,0,0,14125,X
2016-07-19,2323,1147000,119000,0,0,1266000,483802872,9605000,0,0,0,9605000,765400,
2016-07-19,2324,560000,2000,183000,0,379000,1117621656,64047485,1179000,0,0,65226485,2935426,X
2016-07-19,2325,123000,0,0,1000,122000,779090284,24116476,0,0,0,24116476,1291549,
2016-07-19,2327,97000,2000,1000,0,98000,160704673,2921000,0,0,0,2921000,90484,
2016-07-19,2328,403000,17000,105000,0,315000,129586570,5124325,28000,0,0,5152325,243938,
2016-07-19,2329,0,0,0,0,0,175679750,3610000,0,0,0,3610000,357233,X
2016-07-19,2330,5223000,176000,40000,1000,5358000,6482595114,1915000,10000,2000,0,1923000,7250127,
2016-07-19,2331,312000,71000,50000,0,333000,139350742,4348000,0,0,0,4348000,544547,
2016-07-19,2332,121000,16000,6000,0,131000,162999041,13248770,58000,0,0,13306770,628885,
2016-07-19,2337,0,0,0,0,0,904117982,57229535,0,6582000,0,50647535,2330931,X
2016-07-19,2338,9000,3000,1000,0,11000,63178402,739000,22000,0,0,761000,23700,
2016-07-19,2340,33000,3000,0,0,36000,136415528,2105000,0,0,0,2105000,493351,
2016-07-19,2342,0,0,0,0,0,93063713,0,0,0,0,0,37371,X
2016-07-19,2344,2847000,36000,9000,0,2874000,895000048,14252000,0,1180000,0,13072000,1802002,
2016-07-19,2345,5935000,1056000,338000,0,6653000,134531099,11488000,287000,0,0,11775000,2297740,
2016-07-19,2347,182000,3000,3000,0,182000,397130230,29963128,196000,1470000,0,28689128,904298,
2016-07-19,2348,0,0,0,0,0,21400000,0,0,0,0,0,1406,
2016-07-19,2349,0,0,0,0,0,653231856,108792990,0,0,0,108792990,1739045,X
2016-07-19,2351,102000,6000,4000,0,104000,45536312,414980,0,0,0,414980,235467,
2016-07-19,2352,0,0,0,0,0,491695489,20214000,0,1300000,0,18914000,1990015,
2016-07-19,2353,1557000,387000,43000,0,1901000,770250707,260880751,148000,0,0,261028751,8181953,
2016-07-19,2354,880000,15000,26000,80000,789000,348755988,16750344,7000,0,0,16757344,765541,
2016-07-19,2355,512000,4000,60000,0,456000,99373855,1673000,76000,47000,0,1702000,452881,
2016-07-19,2356,640000,86000,89000,1000,636000,896868766,36081967,0,0,0,36081967,2187915,
2016-07-19,2357,152000,8000,8000,0,152000,185690070,16623645,0,694000,0,15929645,317019,
2016-07-19,2358,0,0,0,0,0,16250000,0,0,0,0,0,42394,X
2016-07-19,2359,26000,0,0,0,26000,42867763,261000,0,0,0,261000,61642,
2016-07-19,2360,82000,0,0,0,82000,95068295,4762473,1000,0,0,4763473,99426,
2016-07-19,2362,14000,2000,0,0,16000,170790750,5556000,104000,0,0,5660000,127794,
2016-07-19,2363,470000,0,60000,0,410000,153383744,13854000,0,0,0,13854000,224371,
2016-07-19,2364,0,0,0,0,0,47536136,0,0,0,0,0,28833,X
2016-07-19,2365,0,0,0,0,0,72899624,1847448,0,0,0,1847448,40473,X
2016-07-19,2367,2115000,1000,0,0,2116000,138991349,4951000,14000,0,0,4965000,419309,
2016-07-19,2368,1264000,92000,29000,0,1327000,141228210,11855000,1000,0,0,11856000,650323,
2016-07-19,2369,10000,0,0,0,10000,95025586,8327750,0,0,0,8327750,112508,
2016-07-19,2371,935000,0,12000,0,923000,584884171,44901000,15000,0,0,44916000,839897,
2016-07-19,2373,0,0,0,0,0,84358042,493000,0,0,0,493000,20207,
2016-07-19,2374,42000,1000,0,0,43000,70650746,838000,0,0,0,838000,108194,
2016-07-19,2375,26000,14000,1000,0,39000,15379570,6000,0,0,0,6000,50846,
2016-07-19,2376,24000,14000,1000,0,37000,157265721,2996000,0,0,0,2996000,321152,
2016-07-19,2377,3197000,41000,315000,0,2923000,211214049,8101220,0,0,0,8101220,1275467,
2016-07-19,2379,1372000,54000,46000,1000,1379000,126237824,4204990,10000,0,0,4214990,726328,
2016-07-19,2380,4000,0,0,0,4000,52642962,932000,0,0,0,932000,24383,
2016-07-19,2382,532000,3000,25000,0,510000,965656858,26437798,786000,100000,0,27123798,1447586,
2016-07-19,2383,822000,34000,63000,0,793000,79664785,2509830,6000,0,0,2515830,664110,
2016-07-19,2385,0,0,0,0,0,175952528,10158913,26000,0,0,10184913,242688,X
2016-07-19,2387,168000,0,0,0,168000,78336355,196000,0,0,0,196000,158183,
2016-07-19,2388,0,0,0,0,0,85825860,0,0,0,0,0,246558,X
2016-07-19,2390,214000,16000,12000,0,218000,53825838,2993000,0,370000,0,2623000,206826,
2016-07-19,2392,27000,1000,2000,0,26000,128081735,21476208,114000,589000,0,21001208,138174,
2016-07-19,2393,655000,3000,36000,1000,621000,109429224,11609000,0,20000,0,11589000,647972,
2016-07-19,2395,75000,7000,2000,0,80000,157963275,2739860,0,53000,0,2686860,182204,
2016-07-19,2397,35000,7000,2000,0,40000,28709964,241000,1000,0,0,242000,139402,
2016-07-19,2399,0,0,0,0,0,44525000,685000,0,0,0,685000,44458,
2016-07-19,2401,148000,9000,0,0,157000,147998729,11298000,0,0,0,11298000,481182,
2016-07-19,2402,213000,4000,1000,0,216000,85093508,10267000,313000,377000,0,10203000,286309,
2016-07-19,2404,70000,2000,0,0,72000,59558343,1327000,5000,0,0,1332000,401372,
2016-07-19,2405,267000,210000,26000,0,451000,87056825,6891000,1000,0,0,6892000,528881,
2016-07-19,2406,6070000,32000,60000,0,6042000,84724243,16616000,10000,60000,0,16566000,822380,
2016-07-19,2408,0,0,0,0,0,687141452,16831937,1000000,0,0,17831937,1417689,X
2016-07-19,2409,14776000,7828000,910000,1000,21693000,2406061278,421477999,4241000,0,0,425718999,16511374,
2016-07-19,2412,0,0,0,0,0,1939361636,27752205,1473000,599000,0,28626205,1994574,X
2016-07-19,2413,55000,0,38000,0,17000,31839800,115000,0,0,0,115000,84791,
2016-07-19,2414,0,0,0,0,0,40433961,310000,0,0,0,310000,20214,X
2016-07-19,2415,0,0,0,0,0,22769346,0,0,0,0,0,60919,
2016-07-19,2417,2000,107000,1000,0,108000,48223082,1556860,3000,0,0,1559860,81022,
2016-07-19,2419,833000,48000,53000,0,828000,56567087,5186000,97000,1290000,0,3993000,1573989,
2016-07-19,2420,12000,0,0,0,12000,38162172,478000,0,0,0,478000,56028,
2016-07-19,2421,231000,140000,58000,0,313000,62732433,1088000,4000,0,0,1092000,290105,
2016-07-19,2423,0,0,0,0,0,34535068,142100,0,0,0,142100,8581,
2016-07-19,2424,0,0,0,0,0,7500000,0,0,0,0,0,1521,
2016-07-19,2425,66000,0,0,0,66000,27312207,195000,0,0,0,195000,363150,
2016-07-19,2426,83000,0,0,0,83000,73195860,6705000,4000,0,0,6709000,218325,
2016-07-19,2427,0,0,0,0,0,46828615,23000,0,0,0,23000,197839,X
2016-07-19,2428,26000,0,0,0,26000,32028181,864000,0,0,0,864000,163413,
2016-07-19,2430,76000,2000,8000,0,70000,41865768,186000,0,0,0,186000,46621,
2016-07-19,2431,44000,12000,3000,0,53000,27731753,265000,0,0,0,265000,69396,
2016-07-19,2433,11000,0,0,0,11000,36124002,318000,1000,0,0,319000,27335,
2016-07-19,2434,0,0,0,0,0,15480016,0,0,0,0,0,9560,X
2016-07-19,2436,333000,33000,28000,0,338000,55350000,3614000,0,0,0,3614000,420584,
2016-07-19,2437,10000,0,0,0,10000,16647941,802000,1000,0,0,803000,30712,
2016-07-19,2438,0,0,0,0,0,11952015,0,0,0,0,0,8767,X
2016-07-19,2439,2351000,375000,187000,0,2539000,46256830,2878250,135000,128000,0,2885250,718326,
2016-07-19,2440,0,0,0,0,0,25916083,0,0,0,0,0,1691,X
2016-07-19,2441,18000,0,0,0,18000,142211480,1358000,0,0,0,1358000,85428,
2016-07-19,2442,0,0,0,0,0,47806001,14000,0,3000,0,11000,21476,
2016-07-19,2443,43000,0,0,0,43000,36421750,200000,0,0,0,200000,25442,
2016-07-19,2444,328000,0,16000,0,312000,17323651,12000,0,0,0,12000,109567,
2016-07-19,2448,6371000,97000,262000,0,6206000,274961067,91185000,48000,1106000,0,90127000,3560591,
2016-07-19,2449,1080000,66000,39000,0,1107000,290573600,14069000,96000,976000,0,13189000,1336560,
2016-07-19,2450,44000,12000,2000,0,54000,64563164,873000,5000,0,0,878000,75105,
2016-07-19,2451,3000,0,0,0,3000,107690418,1141000,1000,0,0,1142000,102525,
2016-07-19,2453,65000,2000,10000,0,57000,25000000,9000,0,0,0,9000,45613,
2016-07-19,2454,160000,61000,10000,0,211000,392895921,19081918,0,2968000,0,16113918,2021866,
2016-07-19,2455,1275000,154000,49000,0,1380000,61635306,8278700,61000,0,0,8339700,750287,
2016-07-19,2456,256000,28000,21000,0,263000,31746112,1904000,20000,0,0,1924000,478032,
2016-07-19,2457,328000,25000,0,0,353000,69422104,4191000,0,0,0,4191000,113022,
2016-07-19,2458,931000,12000,3000,0,940000,110286211,26628000,4000,297000,0,26335000,592903,
2016-07-19,2459,0,0,0,0,0,26825153,183000,0,0,0,183000,22056,
2016-07-19,2460,0,0,0,0,0,42300000,12000,0,0,0,12000,18039,
2016-07-19,2461,0,2000,0,0,2000,33116623,616000,0,0,0,616000,44289,
2016-07-19,2462,2000,0,0,0,2000,26334371,176332,0,0,0,176332,27183,
2016-07-19,2464,2021000,723000,712000,0,2032000,47924320,2557120,191000,0,0,2748120,1168440,
2016-07-19,2465,0,0,0,0,0,26793650,0,0,0,0,0,24196,X
2016-07-19,2466,14000,0,0,0,14000,37326836,85000,0,0,0,85000,22305,
2016-07-19,2467,1000,0,0,0,1000,39686137,1053160,0,0,0,1053160,34521,
2016-07-19,2468,0,0,0,0,0,17490312,0,0,0,0,0,9558,
2016-07-19,2471,0,0,0,0,0,11813472,0,0,0,0,0,14484,X
2016-07-19,2472,92000,35000,4000,0,123000,32798705,706000,55000,0,0,761000,235537,
2016-07-19,2474,2171000,67000,50000,0,2188000,192597767,26247280,55000,21000,0,26281280,1159571,
2016-07-19,2475,0,0,0,0,0,1619863544,592000,0,0,0,592000,1609158,X
2016-07-19,2476,0,0,0,0,0,45559074,140000,0,0,0,140000,44897,
2016-07-19,2477,0,0,0,0,0,59703781,483000,0,0,0,483000,28972,
2016-07-19,2478,55000,0,0,0,55000,63595929,835368,0,0,0,835368,47772,
2016-07-19,2480,0,0,0,0,0,33237590,639000,0,0,0,639000,53954,
2016-07-19,2481,43000,75000,0,0,118000,91037129,5148770,4000,0,0,5152770,550731,
2016-07-19,2482,8000,2000,0,0,10000,15518137,11000,0,0,0,11000,60376,
2016-07-19,2483,0,0,0,0,0,27654701,1000,0,0,0,1000,35547,
2016-07-19,2484,66000,0,0,0,66000,39855255,1881000,0,0,0,1881000,94410,
2016-07-19,2485,670000,42000,114000,3000,595000,79422259,11914000,59000,1160000,0,10813000,1633952,
2016-07-19,2486,321000,0,20000,0,301000,51313644,771000,0,0,0,771000,96778,
2016-07-19,2488,1082000,25000,136000,0,971000,19999858,228000,10000,0,0,238000,209181,
2016-07-19,2489,205000,20000,36000,0,189000,208590511,5465000,0,0,0,5465000,1448680,
2016-07-19,2491,0,0,0,0,0,8137500,0,0,0,0,0,8534,X
2016-07-19,2492,59000,17000,42000,0,34000,140000000,4936000,0,0,0,4936000,525772,
2016-07-19,2493,7000,0,0,0,7000,28609347,527000,0,0,0,527000,79112,
2016-07-19,2495,7000,0,0,1000,6000,69807109,1720000,3000,0,0,1723000,72345,
2016-07-19,2496,0,0,0,0,0,8022897,0,0,0,0,0,13455,X
2016-07-19,2497,120000,0,51000,0,69000,29699615,4073000,2000,407000,0,3668000,72754,
2016-07-19,2498,22011000,302000,186000,2000,22125000,206854763,56442716,11000,0,0,56453716,5855239,
2016-07-19,2499,166000,6000,5000,0,167000,78878000,9345041,0,0,0,9345041,381743,
2016-07-19,2501,6000,0,0,0,6000,414128949,8378710,1000,0,0,8379710,109191,
2016-07-19,2504,131000,0,1000,1000,129000,367000083,12630000,0,0,0,12630000,100016,
2016-07-19,2505,33000,0,1000,0,32000,144145619,8446810,56000,0,0,8502810,53496,
2016-07-19,2506,0,0,0,0,0,96750000,332000,0,0,0,332000,19020,
2016-07-19,2509,1000,0,0,0,1000,37938010,416000,0,0,0,416000,33109,
2016-07-19,2511,0,36000,0,0,36000,405831536,6231463,35000,7000,0,6259463,354179,
2016-07-19,2514,23000,30000,0,0,53000,139230822,2586000,31000,0,0,2617000,111577,
2016-07-19,2515,221000,0,0,0,221000,382724955,25343000,87000,0,0,25430000,873759,
2016-07-19,2516,0,0,0,0,0,57869364,0,0,0,0,0,36779,
2016-07-19,2520,32000,0,12000,0,20000,125947750,6754000,8000,0,0,6762000,394756,
2016-07-19,2524,15000,0,0,0,15000,95955057,1310000,8000,0,0,1318000,43313,
2016-07-19,2527,0,0,0,0,0,67576500,243000,0,0,0,243000,16076,X
2016-07-19,2528,0,0,0,0,0,30271353,0,0,0,0,0,8052,
2016-07-19,2530,15000,0,0,0,15000,67688116,819000,0,0,0,819000,179847,
2016-07-19,2534,7000,5000,0,0,12000,147272758,5084500,2000,0,0,5086500,144404,
2016-07-19,2535,0,0,0,0,0,54905722,199000,0,0,0,199000,41373,
2016-07-19,2536,236000,0,0,0,236000,83202163,442000,3000,0,0,445000,123808,
2016-07-19,2537,2000,6000,0,0,8000,66897657,55000,0,0,0,55000,204662,
2016-07-19,2538,59000,0,6000,0,53000,109612191,2859000,0,0,0,2859000,177488,
2016-07-19,2539,0,0,0,0,0,71591401,142000,0,0,0,142000,4971,
2016-07-19,2540,0,0,0,0,0,14250000,0,0,0,0,0,2789,
2016-07-19,2542,1111000,15000,7000,0,1119000,291656660,22450300,0,500000,0,21950300,1320796,
2016-07-19,2543,3000,0,0,0,3000,44745947,0,0,0,0,0,20464,
2016-07-19,2545,0,0,0,0,0,81933702,3398000,6000,0,0,3404000,400318,
2016-07-19,2546,0,0,0,0,0,26508915,0,0,0,0,0,7462,
2016-07-19,2547,129000,5000,0,0,134000,223604815,15306727,20000,0,0,15326727,211114,
2016-07-19,2548,112000,8000,16000,0,104000,69203181,11035000,18000,0,0,11053000,294851,
2016-07-19,2597,0,0,0,0,0,33750000,346000,0,0,0,346000,20989,
2016-07-19,2601,8000,0,0,0,8000,94404287,2649000,0,0,0,2649000,238826,
2016-07-19,2603,571000,47000,6000,0,612000,878088996,112483198,233000,1135000,0,111581198,1237662,
2016-07-19,2605,1000,0,0,0,1000,142076042,1057000,0,0,0,1057000,78585,
2016-07-19,2606,18000,0,0,0,18000,211263928,10631550,2000,1000,0,10632550,148504,
2016-07-19,2607,0,0,0,0,0,266785273,4180320,0,0,0,4180320,162339,
2016-07-19,2608,0,0,0,0,0,120895624,1274000,0,0,0,1274000,33544,
2016-07-19,2609,525000,0,0,0,525000,751110033,101424000,427000,0,0,101851000,866473,X
2016-07-19,2610,741000,0,446000,0,295000,1216994886,112555940,444000,10000,0,112989940,4238620,X
2016-07-19,2611,0,0,0,0,0,43904987,5000,0,0,0,5000,13192,
2016-07-19,2612,3000,0,0,0,3000,64118374,608000,0,0,0,608000,26909,
2016-07-19,2613,4000,0,0,0,4000,24951430,4000,0,0,0,4000,12510,
2016-07-19,2614,0,0,0,0,0,173996840,0,0,0,0,0,142483,X
2016-07-19,2615,9000,16000,6000,0,19000,554574366,10542000,252000,94000,0,10700000,648107,
2016-07-19,2616,0,0,0,0,0,28671463,16000,0,0,0,16000,52050,X
2016-07-19,2617,0,0,0,0,0,104323621,643000,0,0,0,643000,43012,
2016-07-19,2618,1063000,158000,26000,0,1195000,964736251,68515975,880000,2092000,0,67303975,2562853,
2016-07-19,2634,115000,7000,0,0,122000,227065357,34000,0,0,0,34000,384210,
2016-07-19,2637,46000,0,0,0,46000,128614336,12815356,6000,0,0,12821356,136396,
2016-07-19,2642,9000,2000,0,0,11000,23866750,36000,0,0,0,36000,25873,
2016-07-19,2701,0,0,0,0,0,99496366,15000,0,0,0,15000,21276,
2016-07-19,2702,0,0,0,0,0,23645854,0,0,0,0,0,3103,
2016-07-19,2704,0,0,0,0,0,91730835,1170000,25000,0,0,1195000,26266,
2016-07-19,2705,18000,0,0,0,18000,82560250,1818000,3000,0,0,1821000,35521,
2016-07-19,2706,0,0,0,0,0,105056681,229800,0,0,0,229800,45119,
2016-07-19,2707,25000,0,0,0,25000,31686442,822451,0,0,0,822451,85171,
2016-07-19,2712,5000,0,3000,0,2000,26250000,0,0,0,0,0,3424,
2016-07-19,2722,0,0,0,0,0,23861507,0,0,0,0,0,8451,
2016-07-19,2723,26000,3000,2000,0,27000,35280000,258000,0,0,0,258000,45581,
2016-07-19,2727,149000,54000,18000,0,185000,19246970,870890,0,0,0,870890,111078,
2016-07-19,2731,56000,0,0,0,56000,17500000,20000,0,0,0,20000,25353,
2016-07-19,2801,128000,4000,0,0,132000,1637629817,43151735,426000,1054000,0,42523735,2070274,
2016-07-19,2809,29000,19000,0,0,48000,287808566,6695000,8000,0,0,6703000,298854,
2016-07-19,2812,0,0,0,0,0,796000678,10418541,0,0,0,10418541,332512,
2016-07-19,2816,0,0,0,0,0,53240000,343000,12000,0,0,355000,26679,X
2016-07-19,2820,20000,0,0,0,20000,335740000,9413000,0,0,0,9413000,535755,
2016-07-19,2823,0,0,0,0,0,835036675,24081912,575000,0,0,24656912,2232157,X
2016-07-19,2832,0,0,0,0,0,90550100,568000,0,0,0,568000,28881,
2016-07-19,2834,143000,3000,0,0,146000,1421165446,66084581,13000,0,0,66097581,1049762,
2016-07-19,2836,0,0,0,0,0,194716481,1674051,5000,0,0,1679051,85158,
2016-07-19,2838,0,0,0,0,0,651288106,3328211,0,0,0,3328211,81980,
2016-07-19,2841,1000,0,0,0,1000,181472654,15993329,27000,2000,0,16018329,246821,
2016-07-19,2845,25000,0,0,0,25000,758310740,10762637,124000,0,0,10886637,259978,
2016-07-19,2849,0,0,0,0,0,223699162,1009000,0,0,0,1009000,66049,
2016-07-19,2850,0,0,0,0,0,78990825,459000,0,0,0,459000,51782,
2016-07-19,2851,0,0,0,0,0,140568750,412000,0,0,0,412000,25595,
2016-07-19,2852,0,0,0,0,0,75290946,467000,0,0,0,467000,80074,
2016-07-19,2855,1000,0,0,0,1000,323812013,4155110,33000,0,0,4188110,88581,X
2016-07-19,2856,16000,0,0,0,16000,392672078,3591040,5000,0,0,3596040,109926,
2016-07-19,2867,6000,0,0,0,6000,396925552,8818932,53000,0,0,8871932,327909,
2016-07-19,2880,149000,13000,0,0,162000,2476576061,30589778,0,0,0,30589778,1807564,
2016-07-19,2881,2772000,641000,199000,0,3214000,2558400998,14428642,451000,2081000,0,12798642,4535714,
2016-07-19,2882,2709000,182000,136000,4000,2751000,3140802532,44511300,558000,363000,0,44706300,4939749,
2016-07-19,2883,293000,39000,50000,0,282000,3779255552,138903000,2469000,0,0,141372000,4343421,
2016-07-19,2884,325000,1000,7000,0,319000,1987925000,58094835,178000,226000,0,58046835,3530039,
2016-07-19,2885,1748000,166000,3000,0,1911000,2999661938,51357591,21000,5458000,0,45920591,6347719,
2016-07-19,2886,577000,10000,130000,0,457000,3399955995,38789908,2601000,2665000,0,38725908,3721292,
2016-07-19,2887,137000,11000,0,0,148000,2215820008,91893098,36000,2500000,0,89429098,3582404,
2016-07-19,2888,1285000,381000,14000,10000,1642000,2557036020,441816241,3036000,1516000,0,443336241,3983877,
2016-07-19,2889,7000,0,0,0,7000,669121545,26285249,1000,0,0,26286249,395955,
2016-07-19,2890,734000,18000,22000,0,730000,2541995179,69155774,48000,1531000,0,67672774,2891021,
2016-07-19,2891,908000,74000,27000,0,955000,4513695141,54931502,957000,3728000,0,52160502,10123180,
2016-07-19,2892,327000,9000,0,0,336000,2865276595,40261662,11000,0,0,40272662,5256812,
2016-07-19,2901,0,0,0,0,0,18260820,0,0,0,0,0,11409,
2016-07-19,2903,11000,2000,0,0,13000,354235147,26067620,0,0,0,26067620,413238,
2016-07-19,2904,0,0,0,0,0,17258608,7000,0,0,0,7000,8853,X
2016-07-19,2905,0,0,0,0,0,170334725,1056000,0,0,0,1056000,82492,
2016-07-19,2906,0,0,0,0,0,52995419,100000,6000,0,0,106000,9686,
2016-07-19,2908,0,0,0,0,0,127471889,1705814,0,0,0,1705814,315704,
2016-07-19,2910,0,0,0,0,0,52181250,0,0,0,0,0,502,
2016-07-19,2911,45000,0,0,0,45000,51081193,2367800,0,0,0,2367800,71792,
2016-07-19,2912,8000,0,0,0,8000,259905563,2698800,95000,0,0,2793800,240653,
2016-07-19,2913,0,0,0,0,0,176687500,24603910,0,5000,0,24598910,364190,X
2016-07-19,2915,424000,4000,5000,0,423000,235358580,17202000,98000,722000,0,16578000,693814,
2016-07-19,2929,86000,0,0,0,86000,14520000,41000,0,28000,0,13000,87197,
2016-07-19,3002,0,0,0,0,0,25500000,0,0,0,0,0,7737,
2016-07-19,3003,188000,3000,0,0,191000,38913722,1074850,0,0,0,1074850,134762,
2016-07-19,3004,48000,4000,7000,0,45000,13161788,13000,0,0,0,13000,54404,
2016-07-19,3005,46000,1000,30000,0,17000,141711787,4460000,465000,0,0,4925000,488798,X
2016-07-19,3006,281000,34000,12000,0,303000,70379418,9884000,3000,0,0,9887000,502471,
2016-07-19,3008,295000,2000,21000,2000,274000,33535049,2817533,9000,291000,0,2535533,151000,
2016-07-19,3010,4000,0,4000,0,0,57847534,626000,0,0,0,626000,34627,X
2016-07-19,3011,3000,0,0,0,3000,28179812,38000,0,0,0,38000,74479,
2016-07-19,3013,43000,0,6000,0,37000,44483754,786000,10000,0,0,796000,137455,
2016-07-19,3014,176000,5000,42000,0,139000,39468581,1623000,0,0,0,1623000,101187,
2016-07-19,3015,0,0,0,0,0,48065487,499000,0,0,0,499000,45864,
2016-07-19,3016,327000,0,32000,0,295000,57931247,2014000,122000,0,0,2136000,375337,
2016-07-19,3017,438000,37000,4000,0,471000,88327539,11710601,0,0,0,11710601,566500,
2016-07-19,3018,105000,2000,0,0,107000,13105982,1000,0,0,0,1000,79636,
2016-07-19,3019,362000,10000,10000,0,362000,70270975,6331000,0,0,0,6331000,187357,
2016-07-19,3021,0,0,0,0,0,26989851,0,0,0,0,0,23397,
2016-07-19,3022,34000,0,0,0,34000,82078606,2351830,2000,0,0,2353830,73444,
2016-07-19,3023,626000,189000,22000,1000,792000,54489612,3075000,33000,0,0,3108000,407910,
2016-07-19,3024,0,0,0,0,0,69289374,0,0,0,0,0,67941,X
2016-07-19,3025,0,0,0,0,0,17730137,11000,0,0,0,11000,10404,
2016-07-19,3026,2000,0,0,0,2000,56053849,331000,0,0,0,331000,31545,
2016-07-19,3027,14000,0,1000,0,13000,24408595,22960,0,0,0,22960,134614,
2016-07-19,3028,15000,0,0,0,15000,53456216,426000,0,0,0,426000,119143,
2016-07-19,3029,189000,1000,12000,0,178000,30316379,155000,0,0,0,155000,114907,
2016-07-19,3030,160000,13000,7000,0,166000,59054000,2692280,0,0,0,2692280,92540,
2016-07-19,3031,23000,12000,0,0,35000,49168556,1254120,0,0,0,1254120,143730,
2016-07-19,3032,0,3000,0,0,3000,25821406,53000,0,0,0,53000,196242,
2016-07-19,3033,0,0,0,0,0,70752357,1407390,0,0,0,1407390,81311,X
2016-07-19,3034,336000,31000,26000,0,341000,152127867,17399000,167000,826000,0,16740000,913664,
2016-07-19,3035,393000,55000,48000,0,400000,62137578,6848000,144000,0,0,6992000,523383,
2016-07-19,3036,177000,0,4000,0,173000,111909426,15903832,58000,0,0,15961832,309565,
2016-07-19,3037,196000,0,23000,0,173000,384651499,31861550,694000,60000,0,32495550,734544,
2016-07-19,3038,56000,0,1000,0,55000,50226900,397000,0,0,0,397000,143277,
2016-07-19,3040,45000,3000,0,0,48000,15750000,0,0,0,0,0,24869,
2016-07-19,3041,800000,175000,96000,0,879000,75707017,13010020,392000,0,0,13402020,418041,
2016-07-19,3042,219000,10000,59000,0,170000,77439260,1871000,0,0,0,1871000,307304,
2016-07-19,3043,0,0,0,0,0,48719541,0,0,0,0,0,28040,X
2016-07-19,3044,15000,8000,0,0,23000,131401474,1617000,250000,49000,0,1818000,290871,
2016-07-19,3045,22000,0,0,0,22000,855208206,7093771,0,0,0,7093771,984907,
2016-07-19,3046,0,0,0,0,0,29656916,0,0,0,0,0,14569,X
2016-07-19,3047,337000,0,2000,0,335000,49983868,1553158,0,0,0,1553158,79522,
2016-07-19,3048,12000,0,0,0,12000,50584668,1960479,0,0,0,1960479,99012,
2016-07-19,3049,643000,0,13000,0,630000,139714189,1323000,0,0,0,1323000,533730,X
2016-07-19,3050,3000,0,2000,0,1000,35616784,15000,0,0,0,15000,108126,
2016-07-19,3051,0,0,0,0,0,66806071,0,0,0,0,0,147443,X
2016-07-19,3052,3000,0,0,0,3000,58251138,919340,0,0,0,919340,36676,
2016-07-19,3054,2122000,5000,57000,10000,2060000,27028292,453000,0,0,0,453000,149966,
2016-07-19,3055,59000,0,0,0,59000,33249813,951000,0,0,0,951000,115519,
2016-07-19,3056,40000,3000,0,0,43000,57621163,1298683,4000,0,0,1302683,371188,
2016-07-19,3057,186000,4000,12000,0,178000,40543053,5224000,0,0,0,5224000,201005,
2016-07-19,3058,0,0,0,0,0,42879837,562000,0,0,0,562000,20357,
2016-07-19,3059,138000,0,0,0,138000,68563456,10614000,10000,50000,0,10574000,292474,
2016-07-19,3060,125000,26000,37000,0,114000,43550496,2850000,7000,0,0,2857000,207447,
2016-07-19,3062,309000,16000,3000,0,322000,82252854,2529620,3000,0,0,2532620,264240,
2016-07-19,3090,0,0,0,0,0,41742324,357360,0,0,0,357360,37929,
2016-07-19,3094,10000,20000,1000,0,29000,20813772,90000,0,0,0,90000,59918,
2016-07-19,3130,0,0,0,0,0,8280925,0,0,0,0,0,3932,X
2016-07-19,3149,0,0,0,0,0,67028939,4578000,4000,0,0,4582000,242330,X
2016-07-19,3164,20000,9000,6000,0,23000,22227966,436943,0,0,0,436943,29105,
2016-07-19,3167,9000,48000,0,0,57000,19994644,0,0,0,0,0,45266,
2016-07-19,3189,295000,10000,32000,0,273000,111500000,3765000,0,0,0,3765000,376106,
2016-07-19,3209,71000,5000,1000,0,75000,29854773,574600,0,0,0,574600,102864,
2016-07-19,3229,93000,0,1000,0,92000,15153970,335000,0,0,0,335000,33382,
2016-07-19,3231,4457000,1069000,544000,0,4982000,638870607,50050881,146000,550000,0,49646881,2927257,
2016-07-19,3257,0,0,0,0,0,15010552,85000,0,0,0,85000,14517,
2016-07-19,3266,0,0,0,0,0,88078577,352000,0,0,0,352000,12084,
2016-07-19,3296,4000,0,0,0,4000,27056112,6000,0,0,0,6000,121971,
2016-07-19,3305,2000,1000,0,0,3000,30372317,251000,0,0,0,251000,32921,
2016-07-19,3308,4000,0,0,0,4000,24987415,9000,0,0,0,9000,17528,
2016-07-19,3311,130000,0,0,0,130000,47345954,2921084,0,0,0,2921084,47106,
2016-07-19,3312,43000,0,0,0,43000,32125199,6000,0,0,0,6000,65424,
2016-07-19,3315,2000,1000,1000,0,2000,17570332,0,0,0,0,0,34973,
2016-07-19,3321,0,0,0,0,0,22250000,0,0,0,0,0,29314,
2016-07-19,3338,0,0,0,0,0,17403053,0,0,0,0,0,29482,
2016-07-19,3356,36000,0,0,0,36000,19385176,743134,0,0,0,743134,18741,
2016-07-19,3376,303000,1000,129000,4000,171000,44681336,3681160,5000,23000,0,3663160,277486,X
2016-07-19,3380,509000,21000,13000,0,517000,110728590,4698000,14000,0,0,4712000,575277,
2016-07-19,3383,1340000,3000,0,0,1343000,79494532,5941497,1000,0,0,5942497,461102,
2016-07-19,3406,3597000,141000,147000,0,3591000,24942765,4359180,110000,0,0,4469180,292052,
2016-07-19,3413,161000,19000,3000,0,177000,17000000,559000,111000,0,0,670000,157296,
2016-07-19,3416,0,0,0,0,0,15045361,10000,0,0,0,10000,25978,X
2016-07-19,3419,134000,70000,39000,0,165000,30170604,170000,0,0,0,170000,50034,
2016-07-19,3432,4000,0,0,0,4000,16646500,8000,0,1000,0,7000,30538,
2016-07-19,3437,173000,0,0,0,173000,36989000,180000,0,0,0,180000,72686,
2016-07-19,3443,45000,14000,0,0,59000,33502977,733000,0,0,0,733000,111732,
2016-07-19,3450,335000,8000,18000,0,325000,22992642,3106000,8000,0,0,3114000,397576,
2016-07-19,3454,63000,0,3000,0,60000,19314130,1073632,0,0,0,1073632,137141,
2016-07-19,3474,2090000,129000,191000,0,2028000,1297381500,83394400,35000,2295000,0,81134400,10408889,
2016-07-19,3481,2124000,2218000,485000,1000,3856000,2488087794,187577634,879000,379000,0,188077634,12776260,
2016-07-19,3494,267000,0,21000,0,246000,44862658,1427244,0,0,0,1427244,320321,
2016-07-19,3501,12000,0,7000,0,5000,29564481,601000,0,0,0,601000,69769,
2016-07-19,3504,30000,1000,2000,0,29000,28514946,1081000,1000,0,0,1082000,102411,
2016-07-19,3514,6900000,636000,286000,0,7250000,112419540,44967324,0,383000,0,44584324,383492,
2016-07-19,3515,0,0,0,0,0,28760407,135000,0,0,0,135000,20359,
2016-07-19,3518,73000,0,5000,0,68000,21051807,839630,9000,0,0,848630,60645,
2016-07-19,3519,7145000,185000,390000,0,6940000,80462811,17129000,15000,158000,0,16986000,1297223,
2016-07-19,3528,1000,0,0,0,1000,15397775,0,0,0,0,0,25505,
2016-07-19,3532,0,0,0,0,0,193924149,0,0,0,0,0,20266,Y
2016-07-19,3533,164000,0,26000,0,138000,23369475,4338020,0,289000,0,4049020,150460,
2016-07-19,3535,4214000,32000,90000,0,4156000,19649453,168000,0,0,0,168000,927915,
2016-07-19,3536,0,0,0,0,0,16797831,0,0,0,0,0,50988,X
2016-07-19,3545,404000,6000,4000,0,406000,73592998,4733000,13000,0,0,4746000,251790,
2016-07-19,3550,0,0,0,0,0,21250000,6000,0,0,0,6000,27254,
2016-07-19,3557,0,0,0,0,0,25562090,0,0,0,0,0,38888,X
2016-07-19,3559,8000,21000,1000,0,28000,30145134,444000,0,0,0,444000,120706,
2016-07-19,3561,1182000,20000,17000,0,1185000,92817357,13400401,2000,0,0,13402401,445059,
2016-07-19,3576,6319000,74000,108000,1675000,4610000,233829245,66323363,537000,0,0,66860363,1258307,
2016-07-19,3579,100000,0,3000,0,97000,28899337,25000,0,0,0,25000,111235,
2016-07-19,3583,0,0,0,0,0,20284750,597000,0,0,0,597000,44605,X
2016-07-19,3588,1000,0,0,0,1000,11577275,170000,0,0,0,170000,16010,
2016-07-19,3591,0,40000,0,0,40000,33155794,2398000,0,5000,0,2393000,74405,
2016-07-19,3593,0,0,0,0,0,28185764,0,0,0,0,0,11941,X
2016-07-19,3596,970000,0,922000,39000,9000,47285960,3190255,28000,0,0,3218255,1072462,X
2016-07-19,3605,0,0,0,0,0,30970971,4276000,67000,0,0,4343000,165364,X
2016-07-19,3607,68000,15000,4000,0,79000,31287809,920410,1000,0,0,921410,76611,
2016-07-19,3617,50000,1000,14000,0,37000,20224375,314000,0,0,0,314000,113196,
2016-07-19,3622,1607000,124000,14000,0,1717000,37831900,2634000,32000,100000,0,2566000,239693,
2016-07-19,3645,42000,0,0,0,42000,28447050,792000,0,0,0,792000,46117,
2016-07-19,3653,37000,55000,3000,0,89000,26581037,1157272,1000,0,0,1158272,60589,
2016-07-19,3661,305000,46000,6000,0,345000,15391953,11000,0,0,0,11000,108156,
2016-07-19,3665,590000,32000,7000,0,615000,23335216,3240072,0,0,0,3240072,282685,
2016-07-19,3669,53000,3000,0,0,56000,24370487,8000,0,0,0,8000,141758,
2016-07-19,3673,11031000,161000,269000,0,10923000,86658439,24153937,100000,351000,0,23902937,1818944,
2016-07-19,3679,0,0,0,0,0,20066321,54000,3000,0,0,57000,29853,
2016-07-19,3682,0,0,0,0,0,1075156750,25155000,0,0,0,25155000,939411,X
2016-07-19,3686,720000,9000,11000,0,718000,87406699,6749000,0,0,0,6749000,329293,
2016-07-19,3694,4000,23000,0,0,27000,32459702,73000,0,0,0,73000,72928,
2016-07-19,3698,197000,0,0,0,197000,124912420,8790000,0,0,0,8790000,263847,
2016-07-19,3702,567000,11000,39000,10000,529000,413927303,28024214,762000,0,0,28786214,1206778,
2016-07-19,3703,0,0,0,0,0,205803995,2401000,29000,0,0,2430000,32328,
2016-07-19,3704,246000,15000,13000,0,248000,112794338,4356000,0,0,0,4356000,193974,
2016-07-19,3705,0,0,0,0,0,66605745,436550,0,0,0,436550,39903,
2016-07-19,3706,54000,14000,1000,2000,65000,195159982,19301950,0,700000,0,18601950,479250,
2016-07-19,4104,5000,0,0,0,5000,31801371,845390,0,0,0,845390,65322,
2016-07-19,4106,13000,0,8000,0,5000,20846389,420000,6000,0,0,426000,69901,X
2016-07-19,4108,1238000,9000,81000,0,1166000,37688737,5102546,204000,0,0,5306546,543224,
2016-07-19,4119,145000,2000,25000,0,122000,19827872,399450,0,3000,0,396450,427454,
2016-07-19,4133,27000,0,4000,0,23000,14511724,32000,0,0,0,32000,73451,
2016-07-19,4137,211000,21000,6000,0,226000,19873087,823000,25000,0,0,848000,314804,
2016-07-19,4141,90000,7000,15000,0,82000,37977992,1024980,0,0,0,1024980,233661,
2016-07-19,4142,93000,2000,4000,0,91000,59403305,3319000,4000,0,0,3323000,120619,
2016-07-19,4144,0,0,0,0,0,19534750,163000,6000,0,0,169000,40151,
2016-07-19,4164,3000,20000,1000,0,22000,34933437,485000,0,0,0,485000,45911,
2016-07-19,4190,2000,0,0,0,2000,14617425,0,0,0,0,0,43331,
2016-07-19,4306,0,0,0,0,0,112821056,548000,0,0,0,548000,89158,
2016-07-19,4414,0,0,0,0,0,36098277,514000,0,0,0,514000,128548,X
2016-07-19,4426,936000,8000,51000,0,893000,22793011,799000,0,0,0,799000,203245,
2016-07-19,4526,1000,0,0,0,1000,64006615,1606200,43000,0,0,1649200,44415,
2016-07-19,4532,60000,5000,0,0,65000,117101112,1055440,0,0,0,1055440,90916,
2016-07-19,4536,0,0,0,0,0,22705000,220000,6000,0,0,226000,6035,X
2016-07-19,4551,105000,0,0,0,105000,20483500,31000,0,0,0,31000,165729,
2016-07-19,4555,0,0,0,0,0,16720000,0,0,0,0,0,9317,
2016-07-19,4557,0,0,0,0,0,8560750,0,0,0,0,0,37476,
2016-07-19,4720,0,0,0,0,0,20269177,0,0,0,0,0,6959,X
2016-07-19,4722,5000,2000,0,0,7000,23811704,207637,16000,0,0,223637,113328,
2016-07-19,4725,150000,1000,4000,0,147000,72993750,2677000,0,0,0,2677000,139661,
2016-07-19,4733,637000,47000,12000,0,672000,22146423,2337522,2000,0,0,2339522,188721,
2016-07-19,4737,1000,0,0,0,1000,12861698,86000,0,0,0,86000,8146,
2016-07-19,4746,1136000,14000,118000,146000,886000,21899482,809000,0,0,0,809000,353809,
2016-07-19,4755,0,0,0,0,0,22459250,0,0,0,0,0,13156,
2016-07-19,4763,0,0,0,0,0,11620000,0,0,0,0,0,39995,X
2016-07-19,4904,3000,1000,0,0,4000,814625202,12096908,64000,322000,0,11838908,1277770,
2016-07-19,4906,55000,0,13000,1000,41000,75684014,3424000,0,0,0,3424000,231722,X
2016-07-19,4912,0,0,0,0,0,9885279,50000,0,35000,0,15000,11150,X
2016-07-19,4915,0,13000,0,0,13000,110475706,2221000,0,141000,0,2080000,1000389,
2016-07-19,4916,1202000,221000,18000,0,1405000,16978526,477000,82000,0,0,559000,499350,
2016-07-19,4919,181000,11000,0,0,192000,51888600,829000,2000,0,0,831000,170207,
2016-07-19,4927,8000,0,0,0,8000,30648729,971996,0,0,0,971996,92612,
2016-07-19,4930,58000,0,12000,0,46000,33575000,26000,0,0,0,26000,38037,
2016-07-19,4934,243000,26000,35000,0,234000,82886250,3120000,0,0,0,3120000,808053,
2016-07-19,4935,0,0,0,0,0,35234272,863000,3000,0,0,866000,347273,X
2016-07-19,4938,843000,48000,113000,0,778000,644017067,29976168,21000,57000,0,29940168,1875842,
2016-07-19,4942,3000,0,0,0,3000,36550653,383000,0,0,0,383000,19913,
2016-07-19,4952,50000,3000,20000,0,33000,27203954,53000,0,0,0,53000,274345,
2016-07-19,4956,5000,0,0,0,5000,25102059,64000,0,0,0,64000,19680,
2016-07-19,4958,712000,49000,25000,0,736000,201187089,20024950,117000,1873000,0,18268950,870930,
2016-07-19,4960,158000,140000,0,0,298000,128932125,7912000,23000,0,0,7935000,360933,
2016-07-19,4968,105000,0,3000,0,102000,12474396,0,0,0,0,0,206636,
2016-07-19,4976,226000,39000,35000,0,230000,26233250,24000,0,0,0,24000,208008,
2016-07-19,4977,5000,1000,0,0,6000,12875441,0,0,0,0,0,44214,
2016-07-19,4984,237000,10000,9000,0,238000,11386812,22000,2000,0,0,24000,268740,
2016-07-19,4994,30000,0,4000,0,26000,27659750,257740,8000,0,0,265740,35334,
2016-07-19,4999,37000,8000,0,0,45000,18604300,241000,4000,0,0,245000,124651,
2016-07-19,5007,0,0,0,0,0,73735038,2756100,0,0,0,2756100,74475,
2016-07-19,5203,2000,0,0,0,2000,24213668,250000,1000,0,0,251000,12061,
2016-07-19,5215,2000,0,0,0,2000,13584375,3000,0,0,0,3000,21524,
2016-07-19,5225,28000,0,1000,0,27000,15250500,49000,0,0,0,49000,11837,
2016-07-19,5234,3000,0,0,0,3000,23344525,0,0,0,0,0,30744,
2016-07-19,5243,143000,1000,1000,1000,142000,43382228,332000,0,0,0,332000,164622,
2016-07-19,5259,0,0,0,0,0,18008397,0,0,0,0,0,64224,X
2016-07-19,5264,436000,14000,3000,0,447000,84926747,6808000,14000,598000,0,6224000,342982,
2016-07-19,5269,601000,13000,16000,0,598000,14271720,617000,0,0,0,617000,128408,
2016-07-19,5285,0,0,0,0,0,18700000,0,0,0,0,0,12692,
2016-07-19,5288,105000,6000,5000,0,106000,16233038,145000,0,0,0,145000,233807,
2016-07-19,5305,0,0,0,0,0,77324797,2438000,0,0,0,2438000,110983,
2016-07-19,5388,359000,34000,25000,0,368000,60729941,4521000,2000,0,0,4523000,471152,
2016-07-19,5434,16000,0,1000,0,15000,40661658,418000,0,0,0,418000,132976,
2016-07-19,5469,203000,0,82000,0,121000,113859045,1450860,0,0,0,1450860,120778,
2016-07-19,5471,4000,11000,0,0,15000,41969265,1117990,2000,0,0,1119990,67844,
2016-07-19,5484,0,0,0,0,0,28876961,0,0,0,0,0,152266,X
2016-07-19,5515,0,0,0,0,0,84475032,458000,0,0,0,458000,11005,
2016-07-19,5519,24000,0,1000,0,23000,45765867,1000,0,0,0,1000,90487,
2016-07-19,5521,1000,0,0,0,1000,86881853,2761000,0,0,0,2761000,41866,
2016-07-19,5522,63000,0,0,0,63000,208858310,4057217,111000,5000,0,4163217,116499,
2016-07-19,5525,0,0,0,0,0,63272704,142000,0,0,0,142000,7808,
2016-07-19,5531,78000,0,5000,0,73000,220577500,6723390,0,0,0,6723390,102848,
2016-07-19,5533,0,0,0,0,0,67833894,617500,0,130000,0,487500,111441,
2016-07-19,5534,221000,6000,37000,0,190000,72581490,1490620,2000,0,0,1492620,235315,
2016-07-19,5538,0,0,0,0,0,42000000,0,0,0,0,0,6273,X
2016-07-19,5607,0,0,0,0,0,42494775,439000,0,0,0,439000,16456,
2016-07-19,5608,41000,0,0,0,41000,105890158,934154,0,0,0,934154,49170,
2016-07-19,5706,1000,0,0,0,1000,16009893,166000,0,0,0,166000,9514,
2016-07-19,5871,350000,0,4000,0,346000,284807498,55056827,137000,1774000,0,53419827,663146,
2016-07-19,5880,94000,4000,0,0,98000,2768057260,29627740,38000,267000,0,29398740,1718096,
2016-07-19,5906,0,0,0,0,0,7500000,0,0,0,0,0,6019,X
2016-07-19,5907,34000,0,1000,0,33000,49874750,671000,2000,0,0,673000,70195,
2016-07-19,6005,17000,0,0,0,17000,567268246,11930000,0,0,0,11930000,192258,
2016-07-19,6108,20000,0,0,0,20000,39974827,350000,0,0,0,350000,46974,
2016-07-19,6112,0,2000,0,0,2000,22930105,214000,0,0,0,214000,42336,
2016-07-19,6115,0,0,0,0,0,44836295,358000,0,0,0,358000,41373,X
2016-07-19,6116,2511000,0,0,0,2511000,808483462,170872890,40000,0,0,170912890,4272319,X
2016-07-19,6117,0,0,0,0,0,22162500,0,0,0,0,0,9660,
2016-07-19,6120,156000,10000,9000,0,157000,175129028,4727000,0,0,0,4727000,275592,
2016-07-19,6128,23000,5000,3000,0,25000,22772185,38000,0,0,0,38000,55356,
2016-07-19,6131,0,0,0,0,0,25481500,0,0,0,0,0,388903,X
2016-07-19,6133,0,0,0,0,0,29251573,0,0,0,0,0,8259,
2016-07-19,6136,0,0,0,0,0,28884103,128000,0,0,0,128000,44709,
2016-07-19,6139,155000,5000,4000,0,156000,52821963,2447550,0,0,0,2447550,313704,
2016-07-19,6141,0,0,0,0,0,33266112,0,0,0,0,0,16108,
2016-07-19,6142,193000,21000,5000,0,209000,67058908,755000,0,0,0,755000,317903,
2016-07-19,6145,35000,0,6000,0,29000,43883332,1631000,51000,0,0,1682000,200977,
2016-07-19,6152,6000,0,0,0,6000,43100115,447000,0,0,0,447000,48852,
2016-07-19,6153,67000,1000,0,0,68000,80789916,4309000,0,0,0,4309000,167804,
2016-07-19,6155,0,0,0,0,0,21274116,17000,0,0,0,17000,5036,
2016-07-19,6164,16000,0,5000,0,11000,29575809,450000,0,0,0,450000,111016,
2016-07-19,6165,0,0,0,0,0,12420600,0,0,0,0,0,62689,X
2016-07-19,6166,22000,0,22000,0,0,50629443,1865378,48000,0,0,1913378,52240,X
2016-07-19,6168,20000,0,0,0,20000,51800450,1757655,0,0,0,1757655,88269,
2016-07-19,6172,0,0,0,0,0,6510542,0,0,0,0,0,28132,X
2016-07-19,6176,0,0,0,0,0,116256815,12778600,1070000,245000,0,13603600,1384452,
2016-07-19,6177,547000,68000,0,0,615000,49764272,370000,0,0,0,370000,55285,
2016-07-19,6183,5000,0,0,0,5000,37500000,121000,0,0,0,121000,5144,
2016-07-19,6184,52000,0,0,0,52000,35006782,333000,25000,0,0,358000,25585,
2016-07-19,6189,0,0,0,0,0,44761298,386230,0,0,0,386230,53189,X
2016-07-19,6191,5000,1000,0,0,6000,132886725,3679783,0,0,0,3679783,110806,
2016-07-19,6192,0,0,0,0,0,29677707,507000,0,0,0,507000,27867,
2016-07-19,6196,46000,0,8000,0,38000,41267439,1106000,0,12000,0,1094000,420430,
2016-07-19,6197,8000,20000,0,1000,27000,43361960,3186877,0,0,0,3186877,98914,
2016-07-19,6201,0,0,0,0,0,22300000,5000,0,0,0,5000,7171,
2016-07-19,6202,18000,0,0,0,18000,56542050,1099000,0,0,0,1099000,62895,
2016-07-19,6205,0,0,0,0,0,17959769,40000,0,0,0,40000,29243,
2016-07-19,6206,21000,0,5000,0,16000,36592081,564685,15000,0,0,579685,96600,
2016-07-19,6209,296000,17000,9000,0,304000,40643920,2964940,0,0,0,2964940,325801,
2016-07-19,6213,127000,1000,0,0,128000,75739304,730200,0,0,0,730200,222521,
2016-07-19,6214,47000,28000,5000,0,70000,67348326,2332000,0,0,0,2332000,163635,
2016-07-19,6215,7000,1000,1000,0,7000,20697423,4000,0,0,0,4000,381402,
2016-07-19,6216,2000,0,0,0,2000,19835409,66000,0,0,0,66000,30632,
2016-07-19,6224,0,0,0,0,0,20000459,255000,0,0,0,255000,27617,
2016-07-19,6225,0,0,0,0,0,12628500,0,0,0,0,0,8488,X
2016-07-19,6226,0,0,0,0,0,23445330,0,0,0,0,0,27678,
2016-07-19,6230,1009000,22000,10000,1000,1020000,21585849,809000,1000,0,0,810000,276350,
2016-07-19,6235,0,0,0,0,0,29185651,0,0,0,0,0,494786,X
2016-07-19,6239,146000,4000,5000,0,145000,194786658,2602000,0,0,0,2602000,680063,
2016-07-19,6243,1158000,47000,4000,0,1201000,18744173,268000,0,0,0,268000,107830,
2016-07-19,6251,5000,0,0,0,5000,70264833,1035000,0,0,0,1035000,43993,
2016-07-19,6257,9000,0,3000,0,6000,89971635,1766000,0,0,0,1766000,141835,
2016-07-19,6269,1034000,28000,50000,0,1012000,69516930,7919160,4000,27000,0,7896160,447468,
2016-07-19,6271,142000,0,139000,0,3000,40726757,1679060,0,0,0,1679060,340778,X
2016-07-19,6277,0,1000,0,0,1000,29867791,427000,0,0,0,427000,55267,
2016-07-19,6278,11000,0,0,0,11000,73849588,1377420,8000,0,0,1385420,66340,
2016-07-19,6281,0,0,0,0,0,24793236,103000,0,0,0,103000,21998,
2016-07-19,6282,1162000,9000,27000,0,1144000,129610073,7421000,9000,0,0,7430000,508902,
2016-07-19,6283,0,0,0,0,0,35595132,0,0,0,0,0,15171,X
2016-07-19,6285,961000,35000,14000,0,982000,83806158,15366108,40000,711000,0,14695108,428061,
2016-07-19,6289,0,0,0,0,0,67315113,0,0,0,0,0,53350,X
2016-07-19,6405,1000,3000,0,0,4000,16450000,9000,0,0,0,9000,30549,
2016-07-19,6409,1000,0,0,0,1000,18584410,569000,6000,0,0,575000,25484,
2016-07-19,6412,6000,0,0,0,6000,92506633,122000,0,0,0,122000,45688,
2016-07-19,6414,629000,30000,0,2000,657000,17779552,448000,4000,0,0,452000,103720,
2016-07-19,6415,0,0,0,0,0,19599860,565460,23000,0,0,588460,61170,X
2016-07-19,6422,0,0,0,0,0,9162825,0,0,0,0,0,25596,
2016-07-19,6431,0,0,0,0,0,11410708,4000,0,0,0,4000,52869,
2016-07-19,6442,0,0,0,0,0,16500000,0,0,0,0,0,63262,X
2016-07-19,6443,257000,10000,0,0,267000,106713750,235000,29000,0,0,264000,869210,
2016-07-19,6449,0,0,0,0,0,18297531,0,0,0,0,0,18184,
2016-07-19,6451,19000,0,0,0,19000,26361700,0,2000,0,0,2000,51770,
2016-07-19,6452,1237000,9000,56000,0,1190000,16250000,371000,0,0,0,371000,221791,
2016-07-19,6456,565000,41000,20000,0,586000,77362950,1608000,76000,0,0,1684000,351406,
2016-07-19,6464,0,0,0,0,0,31091750,0,0,0,0,0,3021,
2016-07-19,6504,15000,1000,1000,0,15000,18150000,518000,0,83000,0,435000,33983,
2016-07-19,6505,75000,4000,0,0,79000,2381489913,27367617,79000,0,0,27446617,989114,
2016-07-19,6605,14000,0,0,0,14000,41454099,801000,0,0,0,801000,45510,
2016-07-19,6702,949000,0,1000,0,948000,145461940,1690349,34000,0,0,1724349,169704,
2016-07-19,8011,410000,0,0,0,410000,25469296,804260,8000,0,0,812260,60366,
2016-07-19,8016,97000,12000,26000,0,83000,29779402,1195000,1000,0,0,1196000,324669,
2016-07-19,8021,0,0,0,0,0,39869574,851854,0,0,0,851854,67429,
2016-07-19,8033,0,0,0,0,0,30869768,0,0,0,0,0,88050,X
2016-07-19,8039,22000,0,2000,0,20000,51071458,1492000,0,0,0,1492000,57593,
2016-07-19,8046,19000,7000,0,0,26000,161541371,3639004,0,0,0,3639004,47109,
2016-07-19,8070,39000,9000,3000,0,45000,17744426,318342,5000,0,0,323342,81063,
2016-07-19,8072,23000,0,0,0,23000,25000000,618000,0,0,0,618000,7356,
2016-07-19,8081,79000,5000,15000,0,69000,21543018,907000,24000,0,0,931000,145551,
2016-07-19,8101,0,0,0,0,0,104044397,167000,0,0,0,167000,61024,X
2016-07-19,8103,1000,0,1000,0,0,19567166,469000,0,0,0,469000,24927,
2016-07-19,8105,0,0,0,0,0,72140773,5355000,0,0,0,5355000,1257956,X
2016-07-19,8110,34000,0,3000,0,31000,120692507,1462000,0,0,0,1462000,61387,
2016-07-19,8112,5752000,569000,24000,0,6297000,67850891,8086843,194000,0,0,8280843,907569,
2016-07-19,8114,0,0,0,0,0,16908062,492475,0,0,0,492475,18615,
2016-07-19,8131,0,0,0,0,0,110555555,393000,0,0,0,393000,94677,X
2016-07-19,8150,24000,1000,1000,0,24000,224304803,2928000,30000,0,0,2958000,97490,
2016-07-19,8163,10000,0,0,0,10000,74475500,2162000,0,0,0,2162000,209868,
2016-07-19,8201,0,0,0,0,0,15591568,0,0,0,0,0,23222,
2016-07-19,8210,46000,10000,2000,0,54000,30031487,631000,0,0,0,631000,174552,
2016-07-19,8213,0,0,0,0,0,67810734,2660000,0,0,0,2660000,153524,
2016-07-19,8215,0,28000,0,0,28000,80168628,1813000,10000,0,0,1823000,191414,
2016-07-19,8222,0,0,0,0,0,17093375,10000,0,0,0,10000,442279,
2016-07-19,8249,41000,0,0,0,41000,31763750,441000,0,0,0,441000,45080,
2016-07-19,8261,0,0,0,0,0,15553418,19000,0,0,0,19000,13683,
2016-07-19,8271,113000,9000,23000,0,99000,33898435,1192900,0,0,0,1192900,637805,
2016-07-19,8341,68000,15000,2000,0,81000,27875000,263000,0,0,0,263000,114791,
2016-07-19,8374,5000,0,5000,0,0,21902121,0,0,0,0,0,47591,
2016-07-19,8404,161000,0,49000,0,112000,55829430,1225000,0,65000,0,1160000,252425,X
2016-07-19,8411,6000,0,0,0,6000,37905409,37850,0,0,0,37850,20276,
2016-07-19,8422,2000,3000,0,0,5000,27222000,184000,0,0,0,184000,65908,
2016-07-19,8427,7000,0,0,0,7000,26065250,31000,0,0,0,31000,41746,
2016-07-19,8429,469000,1000,1000,0,469000,32207884,1403275,51000,0,0,1454275,269512,
2016-07-19,8443,0,0,0,0,0,16700000,0,0,0,0,0,7680,X
2016-07-19,8454,2000,0,0,0,2000,35514625,82000,0,0,0,82000,10663,
2016-07-19,8463,0,0,0,0,0,37500000,0,0,0,0,0,13501,
2016-07-19,8464,0,0,0,0,0,73255050,576000,17000,0,0,593000,142027,
2016-07-19,8467,0,0,0,0,0,13090000,0,0,0,0,0,14315,
2016-07-19,8926,0,0,0,0,0,147262148,2760165,0,20000,0,2740165,88471,
2016-07-19,8940,4000,0,0,0,4000,16872758,0,0,0,0,0,45577,
2016-07-19,8996,267000,27000,27000,0,267000,22346020,555950,0,0,0,555950,160840,
2016-07-19,9103,0,0,0,0,0,51382875,0,0,0,0,0,46174,
2016-07-19,910322,0,0,0,0,0,6371250,0,0,0,0,0,8525,X
2016-07-19,910482,0,0,0,0,0,51661740,0,0,0,0,0,8053,X
2016-07-19,9105,23000,1000,6000,0,18000,209821038,761000,0,0,0,761000,287954,
2016-07-19,9106,0,0,0,0,0,15433177,0,0,0,0,0,6926,X
2016-07-19,910801,329000,0,1000,0,328000,24529184,0,0,0,0,0,33847,
2016-07-19,910861,0,0,0,0,0,6398750,0,0,0,0,0,5113,X
2016-07-19,911611,0,0,0,0,0,31427476,0,0,0,0,0,8586,X
2016-07-19,911616,3000,0,0,0,3000,32500000,0,0,0,0,0,70818,
2016-07-19,911619,0,0,0,0,0,10909953,0,0,0,0,0,6733,X
2016-07-19,911868,0,0,0,0,0,21350750,0,0,0,0,0,4040,X
2016-07-19,912000,0,0,0,0,0,11664129,0,0,0,0,0,1419,X
2016-07-19,912398,0,0,0,0,0,9806000,0,0,0,0,0,1930,X
2016-07-19,9136,2710000,119000,49000,0,2780000,27064750,69000,0,0,0,69000,99149,
2016-07-19,9157,0,0,0,0,0,29323954,0,0,0,0,0,16898,X
2016-07-19,9188,0,0,0,0,0,14128500,0,0,0,0,0,16253,X
2016-07-19,9802,767000,109000,14000,0,862000,33341974,519000,19000,0,0,538000,94368,
2016-07-19,9902,0,0,0,0,0,24512400,50000,0,0,0,50000,14102,
2016-07-19,9904,402000,23000,4000,0,421000,736696803,5710737,0,0,0,5710737,1227473,
2016-07-19,9905,2000,0,0,0,2000,76250000,833380,0,0,0,833380,17546,
2016-07-19,9906,1429000,9000,31000,3000,1404000,10500000,60000,0,0,0,60000,427438,
2016-07-19,9907,0,0,0,0,0,394786335,15421000,0,63000,0,15358000,272703,X
2016-07-19,9908,0,0,0,0,0,129089500,555000,0,0,0,555000,25502,
2016-07-19,9910,269000,6000,126000,0,149000,149093800,11057060,32000,593790,0,10495270,406332,X
2016-07-19,9911,314000,103000,25000,0,392000,65041714,1318000,14000,0,0,1332000,700155,
2016-07-19,9912,0,0,0,0,0,13378142,9000,0,0,0,9000,11988,
2016-07-19,9914,177000,19000,22000,0,174000,74745950,8287281,1000,0,0,8288281,192608,
2016-07-19,9917,0,0,0,0,0,112799273,1827000,0,0,0,1827000,51302,
2016-07-19,9918,0,0,0,0,0,45134363,0,0,0,0,0,1925,X
2016-07-19,9919,0,0,0,0,0,49281687,610000,0,0,0,610000,26492,
2016-07-19,9921,68000,1000,1000,0,68000,93766156,8960705,82000,288000,0,8754705,106176,
2016-07-19,9924,8000,4000,3000,0,9000,47113042,1243000,5000,0,0,1248000,429464,
2016-07-19,9925,0,0,0,0,0,95913268,281000,7000,0,0,288000,37319,X
2016-07-19,9926,0,0,0,0,0,43358472,0,0,0,0,0,3050,
2016-07-19,9927,0,0,0,0,0,52287041,235000,0,0,0,235000,22187,
2016-07-19,9928,0,0,0,0,0,22933237,0,0,0,0,0,2883,X
2016-07-19,9929,0,0,0,0,0,23950000,0,0,0,0,0,3629,X
2016-07-19,9930,0,0,0,0,0,56486447,169000,0,0,0,169000,12418,X
2016-07-19,9931,0,0,0,0,0,25562628,1000,0,0,0,1000,2082,
2016-07-19,9933,19000,1000,5000,0,15000,190818462,6088000,0,0,0,6088000,349785,X
2016-07-19,9934,0,0,0,0,0,88576056,1254500,1000,0,0,1255500,99108,X
2016-07-19,9935,0,0,0,0,0,25372311,0,0,0,0,0,31609,X
2016-07-19,9937,0,0,0,0,0,77260750,885000,0,0,0,885000,14417,
2016-07-19,9938,532000,12000,34000,0,510000,74490975,3625000,6000,0,0,3631000,379286,
2016-07-19,9939,3000,0,0,3000,0,73219719,13286533,0,0,0,13286533,151903,X
2016-07-19,9940,45000,0,3000,0,42000,157959953,3471160,2000,0,0,3473160,71311,
2016-07-19,9941,0,0,0,0,0,67199548,1915000,0,0,0,1915000,33285,
2016-07-19,9942,0,0,0,0,0,20790330,408000,1000,0,0,409000,17810,
2016-07-19,9943,22000,0,1000,0,21000,36829400,373000,0,0,0,373000,149905,
2016-07-19,9944,30000,0,0,0,30000,27276775,183000,0,1000,0,182000,15663,
2016-07-19,9945,300000,3000,4000,0,299000,348352082,8599346,103000,0,0,8702346,693827,
2016-07-19,9946,1000,0,0,0,1000,65381627,122000,0,0,0,122000,49196,
2016-07-19,9955,142000,9000,59000,0,92000,25802057,7000,1000,0,0,8000,92386,
2016-07-19,9958,0,0,0,0,0,46389525,0,0,0,0,0,15879,
