date,stock_id,m_buy,m_sell,m_balance,m_limit,s_buy,s_sell,s_balance,m_prev,m_ret,s_prev,s_ret,note
2020-09-22,006201,0,1,105,4111,0,0,24,106,0,24,0,
2020-09-22,00679B,0,1,134,112798,0,0,0,135,0,0,0,
2020-09-22,00687B,0,0,1,58321,0,0,0,1,0,0,0,
2020-09-22,00694B,0,0,4,43894,0,0,0,4,0,0,0,
2020-09-22,00695B,0,0,0,2421,0,0,0,0,0,0,0,X
2020-09-22,00696B,0,0,0,186920,0,0,0,0,0,0,0,X
2020-09-22,00697B,0,0,0,1428,0,0,0,0,0,0,0,X
2020-09-22,00718B,0,0,4,287875,0,0,0,4,0,0,0,
2020-09-22,00719B,0,0,2,149253,0,0,0,2,0,0,0,
2020-09-22,00720B,0,0,2,153902,0,0,0,2,0,0,0,
2020-09-22,00721B,0,0,1,114030,0,0,0,1,0,0,0,
2020-09-22,00722B,0,0,0,177809,0,0,0,0,0,0,0,X
2020-09-22,00723B,0,0,0,211270,0,0,0,0,0,0,0,X
2020-09-22,00724B,0,0,0,420693,0,0,0,0,0,0,0,X
2020-09-22,00725B,0,0,0,151301,0,0,0,0,0,0,0,X
2020-09-22,00726B,0,0,0,287872,0,0,0,0,0,0,0,X
2020-09-22,00727B,0,0,1,46047,0,0,0,1,0,0,0,
2020-09-22,00734B,0,0,0,11244,0,0,0,0,0,0,0,X
2020-09-22,00740B,0,0,5,141242,0,0,0,5,0,0,0,
2020-09-22,00741B,0,0,1,4657,0,0,0,1,0,0,0,
2020-09-22,00744B,0,0,0,256807,0,0,0,0,0,0,0,X
2020-09-22,00745B,0,0,0,1004,0,0,0,0,0,0,0,X
2020-09-22,00746B,0,0,0,269366,0,0,0,0,0,0,0,X
2020-09-22,00747B,0,0,0,207375,0,0,0,0,0,0,0,X
2020-09-22,00748B,0,0,0,156375,0,0,0,0,0,0,0,X
2020-09-22,00749B,0,0,0,265125,0,0,0,0,0,0,0,X
2020-09-22,00750B,0,0,0,57000,0,0,0,0,0,0,0,X
2020-09-22,00751B,0,0,10,310400,0,0,0,10,0,0,0,
2020-09-22,00754B,0,0,0,80975,0,0,0,0,0,0,0,X
2020-09-22,00755B,0,0,0,51182,0,0,0,0,0,0,0,X
2020-09-22,00756B,0,0,0,277075,0,0,0,0,0,0,0,X
2020-09-22,00758B,0,0,0,1381,0,0,0,0,0,0,0,X
2020-09-22,00759B,0,0,0,13506,0,0,0,0,0,0,0,X
2020-09-22,00760B,0,0,0,106005,0,0,0,0,0,0,0,X
2020-09-22,00761B,0,0,0,316522,0,0,0,0,0,0,0,X
2020-09-22,00764B,0,0,0,74625,0,0,0,0,0,0,0,X
2020-09-22,00765B,0,0,0,750,0,0,0,0,0,0,0,X
2020-09-22,00768B,0,0,0,2025,0,0,0,0,0,0,0,X
2020-09-22,00772B,0,0,0,368447,0,0,0,0,0,0,0,X
2020-09-22,00773B,0,0,0,227072,0,0,0,0,0,0,0,X
2020-09-22,00777B,0,0,0,136037,0,0,0,0,0,0,0,X
2020-09-22,00778B,0,0,0,117537,0,0,0,0,0,0,0,X
2020-09-22,00779B,0,0,0,22412,0,0,0,0,0,0,0,X
2020-09-22,00780B,0,0,0,76775,0,0,0,0,0,0,0,X
2020-09-22,00781B,0,0,0,4709,0,0,0,0,0,0,0,X
2020-09-22,00782B,0,0,0,8866,0,0,0,0,0,0,0,X
2020-09-22,00784B,0,0,0,623,0,0,0,0,0,0,0,X
2020-09-22,00785B,0,0,0,100991,0,0,0,0,0,0,0,X
2020-09-22,00786B,0,0,0,1766,0,0,0,0,0,0,0,X
2020-09-22,00787B,0,0,0,3326,0,0,0,0,0,0,0,X
2020-09-22,00788B,0,0,0,11676,0,0,0,0,0,0,0,X
2020-09-22,00789B,0,0,0,16275,0,0,0,0,0,0,0,X
2020-09-22,00790B,0,0,0,525,0,0,0,0,0,0,0,X
2020-09-22,00791B,0,0,0,88775,0,0,0,0,0,0,0,X
2020-09-22,00792B,0,0,0,96653,0,0,0,0,0,0,0,X
2020-09-22,00793B,0,0,0,1256,0,0,0,0,0,0,0,X
2020-09-22,00794B,0,0,0,95421,0,0,0,0,0,0,0,X
2020-09-22,00795B,0,0,2,80024,0,0,0,2,0,0,0,
2020-09-22,00796B,0,0,0,27117,0,0,0,0,0,0,0,X
2020-09-22,00799B,0,0,0,2884,0,0,0,0,0,0,0,X
2020-09-22,00831B,0,0,0,26650,0,0,0,0,0,0,0,X
2020-09-22,00832B,0,0,0,1325,0,0,0,0,0,0,0,X
2020-09-22,00833B,0,0,0,645,0,0,0,0,0,0,0,X
2020-09-22,00834B,0,0,0,6799,0,0,0,0,0,0,0,X
2020-09-22,00836B,0,0,0,80885,0,0,0,0,0,0,0,X
2020-09-22,00838B,0,0,0,1547,0,0,0,0,0,0,0,X
2020-09-22,00839B,0,0,0,7985,0,0,0,0,0,0,0,X
2020-09-22,00840B,0,0,0,7982,0,0,0,0,0,0,0,X
2020-09-22,00841B,0,0,0,8485,0,0,0,0,0,0,0,X
2020-09-22,00842B,0,0,0,7816,0,0,0,0,0,0,0,X
2020-09-22,00843B,0,0,0,1505,0,0,0,0,0,0,0,X
2020-09-22,00844B,0,0,0,21668,0,0,0,0,0,0,0,X
2020-09-22,00845B,0,0,0,13012,0,0,0,0,0,0,0,X
2020-09-22,00846B,0,0,0,27837,0,0,0,0,0,0,0,X
2020-09-22,00847B,0,0,2,3576,0,0,0,2,0,0,0,
2020-09-22,00848B,0,0,0,84766,0,0,0,0,0,0,0,X
2020-09-22,00849B,0,0,0,183026,0,0,0,0,0,0,0,X
2020-09-22,00853B,0,0,0,1033,0,0,0,0,0,0,0,X
2020-09-22,00854B,0,0,1,113,0,0,0,1,0,0,0,
2020-09-22,00855B,0,0,0,170,0,0,0,0,0,0,0,X
2020-09-22,00856B,0,0,0,10948,0,0,0,0,0,0,0,X
2020-09-22,00857B,0,0,1,1817,0,0,0,1,0,0,0,
2020-09-22,00858,0,0,0,7093,0,0,0,0,0,0,0,X
2020-09-22,00859B,0,0,0,2127,0,0,0,0,0,0,0,X
2020-09-22,00860B,0,0,0,7292,0,0,0,0,0,0,0,X
2020-09-22,00862B,0,0,0,10970,0,0,0,0,0,0,0,X
2020-09-22,00863B,0,0,0,57741,0,0,0,0,0,0,0,X
2020-09-22,00864B,0,0,0,3430,0,0,0,0,0,0,0,X
2020-09-22,00867B,0,0,0,38537,0,0,0,0,0,0,0,X
2020-09-22,00868B,0,0,0,956,0,0,0,0,0,0,0,X
2020-09-22,00869B,0,0,0,1445,0,0,0,0,0,0,0,X
2020-09-22,00870B,0,0,0,104537,0,0,0,0,0,0,0,X
2020-09-22,00871B,0,0,0,767,0,0,0,0,0,0,0,X
2020-09-22,00872B,0,0,0,902,0,0,0,0,0,0,0,X
2020-09-22,00873B,0,0,0,469,0,0,0,0,0,0,0,X
2020-09-22,00874B,0,0,0,572,0,0,0,0,0,0,0,X
2020-09-22,00877,38,115,4193,126697,0,1,503,4270,0,502,0,
2020-09-22,00879B,0,0,0,943,0,0,0,0,0,0,0,X
2020-09-22,00880B,0,0,2,1247,0,0,0,2,0,0,0,
2020-09-22,1240,4,23,332,8497,0,0,0,351,0,0,0,
2020-09-22,1258,0,0,52,9204,0,0,0,52,0,0,0,11    B
2020-09-22,1259,0,0,19,8097,0,0,0,19,0,0,0,11     C
2020-09-22,1264,0,3,65,8423,0,0,0,68,0,0,0,11     C
2020-09-22,1268,0,0,15,9430,0,0,0,15,0,0,0,11     C
2020-09-22,1333,0,0,0,0,0,0,0,0,0,0,0,11OX   C    !
2020-09-22,1336,191,311,5054,19274,16,0,14,5174,0,30,0,
2020-09-22,1565,41,29,1385,12604,11,0,27,1373,0,38,0,
2020-09-22,1569,88,230,5514,29042,6,94,291,5657,1,427,224,
2020-09-22,1570,0,0,823,12875,0,0,0,823,0,0,0,
2020-09-22,1580,10,14,296,12557,0,0,2,300,0,2,0,
2020-09-22,1584,0,0,861,0,0,0,0,861,0,0,0,OX
2020-09-22,1586,27,85,7281,20037,0,0,0,7339,0,0,0,X
2020-09-22,1591,5,39,3061,8291,0,0,0,3095,0,0,0,
2020-09-22,1593,10,58,1718,7987,0,0,18,1766,0,18,0,
2020-09-22,1595,0,3,200,11787,0,0,0,203,0,0,0,
2020-09-22,1597,6,23,1444,20296,1,4,13,1461,0,10,0,
2020-09-22,1599,11,11,674,18364,0,0,0,674,0,0,0,
2020-09-22,1742,30,30,3914,10365,0,0,0,3914,0,0,0,
2020-09-22,1752,8,31,3117,25247,0,0,33,3142,2,33,0,
2020-09-22,1777,0,3,330,7514,0,0,1,333,0,1,0,
2020-09-22,1781,0,0,0,0,0,0,0,0,0,0,0,OX
2020-09-22,1784,59,70,3238,12406,4,1,67,3249,0,70,0,
2020-09-22,1785,1134,1251,23554,99357,638,127,3147,23671,0,3658,0,
2020-09-22,1788,0,0,23,9188,0,0,0,23,0,0,0,
2020-09-22,1799,0,0,0,0,0,0,0,0,0,0,0,OX
2020-09-22,1813,2,1,317,11658,0,0,0,316,0,0,0,
2020-09-22,1815,108,273,14346,104474,85,8,714,14516,5,791,0,
2020-09-22,2035,0,0,0,87500,0,0,0,0,0,0,0,11     C
2020-09-22,2063,0,0,175,11250,0,0,0,175,0,0,0,11     C
2020-09-22,2064,0,0,30,17407,0,0,0,30,0,0,0,11     C
2020-09-22,2065,56,54,644,8759,0,51,145,692,50,94,0,
2020-09-22,2066,0,0,96,9125,0,0,0,96,0,0,0,11     C
2020-09-22,2067,0,0,50,0,0,0,0,50,0,0,0,11OX   C
2020-09-22,2070,0,0,329,8945,0,0,0,329,0,0,0,
2020-09-22,2221,0,0,173,10581,0,0,0,175,2,0,0,
2020-09-22,2230,1,6,2311,9978,0,0,0,2316,0,0,0,
2020-09-22,2235,0,0,61,8969,0,0,0,61,0,0,0,11     C
2020-09-22,2596,2,2,1210,25000,0,0,0,1210,0,0,0,
2020-09-22,2640,37,10,1233,13438,0,0,0,1206,0,0,0,
2020-09-22,2641,155,175,5408,38158,0,0,102,5428,0,102,0,
2020-09-22,2643,29,15,507,7500,0,0,14,493,0,14,0,
2020-09-22,2719,0,0,0,0,0,0,0,0,0,0,0,11OX A C
2020-09-22,2724,0,0,0,0,0,0,0,0,0,0,0,11OX   C
2020-09-22,2726,4,16,673,9140,0,0,5,685,0,5,0,
2020-09-22,2732,5,31,1452,10169,0,0,93,1479,1,93,0,
2020-09-22,2734,0,0,15,0,0,0,0,15,0,0,0,OX
2020-09-22,2736,2,3,682,12248,0,0,0,683,0,0,0,
2020-09-22,2743,0,0,7,8007,0,0,0,7,0,0,0,
2020-09-22,2916,0,0,156,13656,0,0,0,156,0,0,0,11     C
2020-09-22,2924,0,0,31,0,0,0,0,31,0,0,0,11OX  BC
2020-09-22,2926,0,1,9,11847,0,0,0,10,0,0,0,11     C
2020-09-22,2928,0,3,980,0,0,0,0,983,0,0,0,OX
2020-09-22,3064,0,0,0,0,0,0,0,0,0,0,0,11OX A      !
2020-09-22,3066,0,0,0,0,0,0,0,0,0,0,0,11OX   C
2020-09-22,3071,108,94,3768,27500,0,7,46,3754,0,39,0,
2020-09-22,3073,0,0,0,0,0,0,0,0,0,0,0,OX        !
2020-09-22,3078,826,1027,13094,56847,102,345,1298,13295,0,1055,0,
2020-09-22,3081,87,96,3620,22732,6,20,188,3629,0,174,0,
2020-09-22,3083,127,47,3700,21529,47,30,906,3620,0,923,0,
2020-09-22,3085,0,0,0,0,0,0,0,0,0,0,0,11OX   C
2020-09-22,3086,0,0,0,0,0,0,0,0,0,0,0,11OX   C
2020-09-22,3088,0,0,205,20616,0,0,0,205,0,0,0,
2020-09-22,3089,0,0,0,0,0,0,0,0,0,0,0,OX
2020-09-22,3092,21,16,1129,18640,5,7,63,1124,0,61,0,
2020-09-22,3093,0,0,1061,9072,0,0,0,1061,0,0,0,
2020-09-22,3095,0,0,0,0,0,0,0,0,0,0,0,OX
2020-09-22,3105,248,309,7759,101014,149,65,1171,7821,1,1255,0,
2020-09-22,3114,1,3,1831,14770,0,0,0,1833,0,0,0,
2020-09-22,3118,1,1,1226,8113,0,0,0,1226,0,0,0,
2020-09-22,3122,324,122,657,9574,0,7,10,455,0,3,0,
2020-09-22,3128,5,0,2070,10500,0,0,0,2065,0,0,0,
2020-09-22,3141,21,109,1312,15979,0,0,15,1400,0,15,0,
2020-09-22,3144,15,14,1625,25159,2,0,5,1624,0,7,0,
2020-09-22,3147,0,3,473,8501,0,0,0,477,1,0,0,11     C
2020-09-22,3152,53,95,1192,17254,24,18,115,1234,0,121,0,
2020-09-22,3162,0,0,0,0,0,0,0,0,0,0,0,OX
2020-09-22,3163,418,430,9748,18821,82,19,263,9760,0,326,0,
2020-09-22,3169,56,13,613,12395,0,0,0,570,0,0,0,
2020-09-22,3171,26,7,158,9800,0,0,0,139,0,0,0,
2020-09-22,3178,36,42,1802,11262,2,2,18,1808,0,18,0,
2020-09-22,3188,11,13,1781,30073,0,0,0,1783,0,0,0,11     C
2020-09-22,3191,0,0,0,0,0,0,0,0,0,0,0,OX
2020-09-22,3202,955,1273,20035,29291,115,129,1991,20690,337,1977,0,@
2020-09-22,3205,3,7,915,8193,0,1,13,919,0,12,0,
2020-09-22,3206,21,29,2254,13479,0,0,0,2262,0,0,0,
2020-09-22,3207,0,0,0,0,0,0,0,0,0,0,0,11OX   C
2020-09-22,3211,36,220,2067,36870,2,2,31,2251,0,31,0,
2020-09-22,3213,1,11,337,14671,0,0,0,347,0,0,0,
2020-09-22,3217,131,148,4653,22526,20,25,81,4670,0,76,0,
2020-09-22,3218,127,175,2107,19030,24,31,1275,2155,0,1270,2,11  *A
2020-09-22,3219,0,0,0,0,0,0,0,0,0,0,0,11OX A
2020-09-22,3221,9,34,2858,24118,4,5,363,2883,0,362,0,
2020-09-22,3224,17,97,4218,14504,7,0,16,4298,0,23,0,
2020-09-22,3226,5,0,113,16107,0,0,0,108,0,0,0,11     C
2020-09-22,3227,345,582,13191,34907,205,95,472,13432,4,582,0,
2020-09-22,3230,0,0,0,0,0,0,0,0,0,0,0,OX
2020-09-22,3232,46,61,2186,9141,0,0,44,2201,0,44,0,
2020-09-22,3234,85,99,5812,18997,140,110,895,5827,1,925,0,
2020-09-22,3236,28,25,1557,21213,0,1,1,1554,0,0,0,
2020-09-22,3252,3,6,9431,12548,0,0,13,9434,0,13,0,
2020-09-22,3259,0,0,0,0,0,0,0,0,0,0,0,OX
2020-09-22,3260,242,270,12278,56888,88,53,3780,12306,0,3815,0,
2020-09-22,3264,202,378,8900,122564,10,16,277,9076,0,271,0,
2020-09-22,3265,9,1,718,34065,0,0,0,710,0,0,0,
2020-09-22,3272,663,846,5168,13110,197,83,755,5351,0,869,0,11   A C
2020-09-22,3276,0,0,137,0,0,0,0,137,0,0,0,OX
2020-09-22,3284,1,2,10437,13990,0,0,53,10438,0,53,0,
2020-09-22,3285,336,481,4118,11027,9,17,148,4263,0,140,0,
2020-09-22,3287,0,0,0,0,0,0,0,0,0,0,0,11OX A
2020-09-22,3288,0,0,0,0,0,0,0,0,0,0,0,OX
2020-09-22,3289,39,47,5095,23243,29,24,29,5106,3,34,0,
2020-09-22,3290,44,113,4563,24887,0,0,0,4632,0,0,0,
2020-09-22,3293,80,82,2433,17612,11,8,120,2435,0,123,0,
2020-09-22,3294,63,335,7204,33003,0,0,37,7476,0,37,0,
2020-09-22,3297,0,8,344,9209,0,0,0,352,0,0,0,
2020-09-22,3303,1,14,2004,24022,0,0,0,2019,2,0,0,
2020-09-22,3306,0,2,233,12651,0,0,0,235,0,0,0,11     C
2020-09-22,3310,73,14,3359,12556,180,224,827,3300,0,783,0,
2020-09-22,3313,0,0,245,0,0,0,0,245,0,0,0,OX
2020-09-22,3317,495,714,4744,15312,94,61,211,4963,0,244,0,
2020-09-22,3322,0,0,920,0,0,0,0,920,0,0,0,OX
2020-09-22,3323,412,505,5428,20076,44,31,272,5521,0,285,0,
2020-09-22,3324,179,321,10622,21955,74,81,2625,10778,14,2618,0,
2020-09-22,3325,476,310,9531,18063,29,8,314,9410,45,335,0,
2020-09-22,3332,0,0,14,12026,0,0,0,14,0,0,0,11     C
2020-09-22,3339,0,0,0,0,0,0,0,0,0,0,0,OX
2020-09-22,3354,7,9,960,17528,0,0,0,962,0,0,0,
2020-09-22,3360,8,93,2079,17176,30,30,482,2164,0,482,0,
2020-09-22,3362,14,40,2556,27886,9,3,78,2587,5,84,0,
2020-09-22,3363,46,115,4836,22683,6,1,202,4905,0,207,0,
2020-09-22,3372,0,0,1708,36521,0,0,0,1708,0,0,0,
2020-09-22,3373,101,107,5469,10822,118,118,2924,5476,1,2924,0,
2020-09-22,3374,2014,4068,21248,67841,1154,1191,6120,23305,3,6083,0,
2020-09-22,3379,10,33,1675,9510,0,0,4,1698,0,4,0,
2020-09-22,3388,0,1,188,18515,0,0,0,189,0,0,0,
2020-09-22,3390,0,22,3500,16876,0,0,3,3533,11,3,0,
2020-09-22,3402,0,6,1070,18261,0,0,0,1076,0,0,0,
2020-09-22,3434,5,9,179,5675,0,0,0,183,0,0,0,
2020-09-22,3438,379,119,990,11791,16,35,91,730,0,72,0,
2020-09-22,3441,9,1,963,10009,0,0,15,955,0,15,0,
2020-09-22,3444,6,31,818,9778,0,0,5,843,0,5,0,
2020-09-22,3455,19,36,1766,15367,1,0,8,1784,1,9,0,
2020-09-22,3466,1,3,676,15221,0,0,0,678,0,0,0,
2020-09-22,3479,8,11,3977,17548,0,1,13,3980,0,12,0,
2020-09-22,3483,383,456,7502,16101,37,43,240,7575,0,234,0,11     C
2020-09-22,3484,38,216,4676,17434,7,0,5,4854,0,12,0,
2020-09-22,3489,90,15,1533,20782,0,0,0,1458,0,0,0,
2020-09-22,3490,122,182,4563,14251,11,0,710,4623,0,721,0,
2020-09-22,3491,1,4,2296,15217,2,2,34,2299,0,34,0,
2020-09-22,3492,5,2,449,8882,0,0,0,446,0,0,0,
2020-09-22,3498,1236,581,3354,13593,27,58,173,2699,0,142,0,
2020-09-22,3499,1,8,1116,13742,0,0,0,1123,0,0,0,
2020-09-22,3508,10,8,9682,24316,3,0,629,9683,3,632,0,
2020-09-22,3511,124,48,4075,12493,11,5,363,3999,0,369,0,
2020-09-22,3512,5,0,2439,14250,0,0,13,2434,0,13,0,
2020-09-22,3516,262,287,6490,12647,24,20,55,6515,0,59,0,
2020-09-22,3520,0,0,0,0,0,0,0,0,0,0,0,OX
2020-09-22,3521,7,1,1393,7932,1,0,0,1387,0,1,0,
2020-09-22,3522,1,6,3345,11725,0,0,54,3350,0,54,0,
2020-09-22,3523,0,0,0,0,0,0,0,0,0,0,0,OX
2020-09-22,3526,19,66,5001,18228,24,9,146,5048,0,161,0,
2020-09-22,3527,16,10,3007,10236,5,3,21,3001,0,23,0,
2020-09-22,3529,26,51,1718,19013,14,35,428,1743,0,407,0,
2020-09-22,3531,0,0,24,15293,0,0,0,24,0,0,0,11     C
2020-09-22,3537,51,47,1315,13391,4,2,7,1311,0,9,0,
2020-09-22,3540,405,541,8001,16653,163,135,1332,8140,3,1360,0,11     C
2020-09-22,3541,1,1,853,12330,0,0,0,853,0,0,0,
2020-09-22,3546,11,19,1875,11470,1,0,9,1883,0,10,0,
2020-09-22,3548,112,212,4316,15030,11,4,27,4477,61,34,0,
2020-09-22,3551,18,28,2058,14193,3,0,2,2069,1,5,0,
2020-09-22,3552,557,486,6272,21398,191,103,1687,6201,0,1775,0,
2020-09-22,3555,0,0,20,0,0,0,0,20,0,0,0,11OX   C
2020-09-22,3556,19,13,2617,14867,2,0,44,2611,0,46,0,
2020-09-22,3558,1,3,795,12265,2,0,1,797,0,3,0,
2020-09-22,3567,0,4,579,8531,0,0,0,583,0,0,0,
2020-09-22,3577,9,18,748,13216,0,0,0,757,0,0,0,
2020-09-22,3580,47,72,1525,9867,0,0,0,1550,0,0,0,
2020-09-22,3581,138,84,2320,12751,0,1,22,2266,0,21,0,
2020-09-22,3587,415,207,2242,15578,3,1,41,2034,0,43,0,
2020-09-22,3594,87,1128,4831,14997,0,0,0,5872,0,0,0,X
2020-09-22,3609,0,0,4155,7669,0,0,10,4155,0,10,0,11@   B
2020-09-22,3611,0,1,559,10619,2,0,0,560,0,2,0,
2020-09-22,3615,24,71,2613,17116,1,2,10,2660,0,9,0,
2020-09-22,3623,153,79,413,7302,0,3,3,339,0,0,0,
2020-09-22,3624,37,31,3186,29335,3,5,14,3180,0,12,0,
2020-09-22,3625,40,30,3729,19574,4,0,20,3719,0,24,0,
2020-09-22,3628,18,25,474,11250,0,1,3,481,0,2,0,
2020-09-22,3630,52,37,9494,31976,36,48,604,9489,10,592,0,
2020-09-22,3631,3,0,4161,19980,0,0,34,4158,0,34,0,11     C
2020-09-22,3632,0,0,3,0,0,0,0,3,0,0,0,OX
2020-09-22,3642,0,0,890,0,0,0,2,890,0,2,0,OX
2020-09-22,3646,519,424,3007,9824,0,23,23,2912,0,0,0,
2020-09-22,3652,0,2,606,11774,0,0,0,608,0,0,0,
2020-09-22,3663,1,0,679,14739,0,0,0,678,0,0,0,
2020-09-22,3664,0,15,592,12774,0,0,0,607,0,0,0,
2020-09-22,3666,929,1015,6029,12095,127,19,241,6115,0,349,0,
2020-09-22,3672,1,15,463,8167,0,0,0,477,0,0,0,
2020-09-22,3675,15,137,1895,11107,11,1,44,2017,0,54,0,
2020-09-22,3680,114,206,4225,18933,85,51,893,4317,0,931,4,
2020-09-22,3685,6,4,608,19997,0,0,0,606,0,0,0,
2020-09-22,3687,11,20,2212,7514,2,1,8,2221,0,9,0,
2020-09-22,3689,44,153,2329,17418,0,8,45,2438,0,37,0,
2020-09-22,3691,52,88,2309,15247,20,73,908,2345,0,855,0,
2020-09-22,3693,2,6,1209,9622,0,0,19,1213,0,19,0,
2020-09-22,3707,488,740,19561,76307,39,93,2150,19813,0,2096,0,
2020-09-22,3709,2,0,109,19892,0,0,0,107,0,0,0,
2020-09-22,3710,0,0,734,0,0,0,0,734,0,0,0,OX
2020-09-22,4102,28,27,2781,10593,1,0,181,2781,1,182,0,
2020-09-22,4105,29,2,1381,62162,0,0,2,1374,20,2,0,
2020-09-22,4107,5,9,612,17324,0,0,2,616,0,2,0,
2020-09-22,4109,0,1,1623,0,0,0,0,1624,0,0,0,OX
2020-09-22,4111,0,6,1016,14245,0,0,0,1022,0,0,0,
2020-09-22,4113,24,10,2749,52784,0,0,80,2735,0,80,0,
2020-09-22,4114,62,185,5245,70670,6,2,25,5368,0,29,0,
2020-09-22,4116,0,7,640,11141,0,0,0,647,0,0,0,
2020-09-22,4120,1,6,1557,21686,0,0,2,1562,0,2,0,
2020-09-22,4121,47,27,3388,18329,0,0,4,3368,0,4,0,
2020-09-22,4123,951,2632,29843,107205,38,51,259,31525,1,246,0,
2020-09-22,4126,13,13,1997,18150,0,0,25,1997,0,25,0,
2020-09-22,4127,0,0,0,0,0,0,0,0,0,0,0,OX
2020-09-22,4129,0,0,692,19601,1,0,5,692,0,6,0,
2020-09-22,4130,59,161,4794,26453,36,5,46,4897,1,77,0,
2020-09-22,4138,0,0,189,7500,0,0,0,189,0,0,0,
2020-09-22,4139,10,17,2643,10637,0,0,0,2650,0,0,0,
2020-09-22,4153,6,15,521,12257,0,0,2,530,0,2,0,
2020-09-22,4157,0,19,10893,0,0,0,203,10912,0,203,0,OX
2020-09-22,4161,2,7,1781,13164,0,0,0,1786,0,0,0,
2020-09-22,4162,49,100,4585,36649,0,0,34,4638,2,34,0,
2020-09-22,4163,11,1,849,10060,0,0,23,839,0,23,0,
2020-09-22,4173,7,32,2504,18643,0,0,1,2529,0,1,0,
2020-09-22,4175,0,0,64,7903,0,0,9,64,0,9,0,
2020-09-22,4205,0,0,2,20175,0,0,0,2,0,0,0,11     C
2020-09-22,4207,2,0,433,40522,0,0,0,431,0,0,0,
2020-09-22,4303,45,17,1023,17500,0,1,1,995,0,0,0,
2020-09-22,4304,0,0,0,0,0,0,0,0,0,0,0,11OX   C
2020-09-22,4305,0,0,9,13753,0,0,0,9,0,0,0,11     C
2020-09-22,4401,3,200,1232,30071,0,0,3,1429,0,3,0,
2020-09-22,4406,0,0,117,12978,0,0,0,117,0,0,0,11    BC
2020-09-22,4413,39,6,302,2591,0,0,3,269,0,3,0,11    B
2020-09-22,4416,1,0,76,15003,0,0,0,75,0,0,0,11    BC
2020-09-22,4417,0,4,121,20992,0,0,0,125,0,0,0,
2020-09-22,4420,2,0,1379,10113,0,0,0,1377,0,0,0,
2020-09-22,4429,0,0,48,8587,0,0,0,48,0,0,0,11     C
2020-09-22,4430,4,0,484,13768,0,0,0,480,0,0,0,
2020-09-22,4432,3,36,891,12647,0,0,15,924,0,15,0,
2020-09-22,4433,42,27,1650,11685,1,0,7,1635,0,8,0,
2020-09-22,4502,1,0,688,12442,0,0,23,687,0,23,0,
2020-09-22,4503,47,20,604,9815,0,1,1,577,0,0,0,
2020-09-22,4506,0,0,7,44253,0,0,0,7,0,0,0,
2020-09-22,4510,47,7,1221,27002,0,0,1,1181,0,1,0,
2020-09-22,4513,129,33,1974,19220,0,0,6,1878,0,6,0,
2020-09-22,4523,14,65,14849,16000,34,26,176,14900,0,184,0,@
2020-09-22,4527,0,0,24,19038,0,0,0,24,0,0,0,
2020-09-22,4528,1,0,426,19128,0,0,12,426,1,12,0,
2020-09-22,4529,0,0,349,0,0,0,0,349,0,0,0,OX
2020-09-22,4530,0,0,0,0,0,0,0,0,0,0,0,OX
2020-09-22,4533,14,0,4817,39608,0,0,0,4850,47,0,0,
2020-09-22,4534,2,7,2166,22298,0,0,1,2171,0,1,0,
2020-09-22,4535,0,0,20,18915,0,0,0,20,0,0,0,11     C
2020-09-22,4538,0,0,11,12614,0,0,0,11,0,0,0,11    BC
2020-09-22,4541,1,8,760,16911,0,0,0,767,0,0,0,
2020-09-22,4543,1,0,620,14242,0,0,0,619,0,0,0,
2020-09-22,4549,13,4,83,10595,0,0,0,74,0,0,0,
2020-09-22,4550,1,0,558,9459,0,0,0,557,0,0,0,
2020-09-22,4556,1,0,278,10471,0,0,0,277,0,0,0,11     C
2020-09-22,4561,0,3,333,14630,0,0,0,336,0,0,0,
2020-09-22,4563,0,0,108,13737,0,0,0,108,0,0,0,11     C
2020-09-22,4568,7,25,399,7581,0,0,2,417,0,2,0,
2020-09-22,4580,2,78,266,9783,0,0,1,342,0,1,0,
2020-09-22,4609,0,0,0,0,0,0,0,0,0,0,0,OX
2020-09-22,4706,0,0,4,19757,0,0,0,4,0,0,0,11     C
2020-09-22,4707,195,145,8359,71641,0,0,106,8309,0,106,0,
2020-09-22,4711,0,0,131,15264,0,0,0,131,0,0,0,11     C
2020-09-22,4712,0,0,0,0,0,0,0,0,0,0,0,OX
2020-09-22,4714,59,265,4206,26768,1,0,448,4412,0,449,0,
2020-09-22,4716,58,8,9480,18792,0,0,7,9430,0,7,0,
2020-09-22,4721,98,266,2286,18746,43,18,100,2454,0,125,0,
2020-09-22,4728,32,58,2936,13615,0,1,20,2962,0,19,0,
2020-09-22,4735,14,36,1751,9438,8,4,260,1773,0,264,0,
2020-09-22,4736,310,169,3959,22930,28,8,53,3833,15,73,0,
2020-09-22,4741,0,3,241,8210,0,0,0,244,0,0,0,
2020-09-22,4744,191,182,2527,11799,0,0,2,2518,0,2,0,
2020-09-22,4745,2,9,2061,19362,0,0,0,2068,0,0,0,
2020-09-22,4747,0,0,307,7504,0,0,0,307,0,0,0,
2020-09-22,4760,16,29,721,7650,0,1,11,734,0,10,0,
2020-09-22,4803,7,6,2513,9844,8,2,213,2517,5,219,0,
2020-09-22,4804,56,218,2330,8646,1,0,12,2492,0,13,0,11     C
2020-09-22,4806,0,0,0,0,0,0,0,0,0,0,0,11OX   C
2020-09-22,4903,0,0,0,0,0,0,0,0,0,0,0,OX
2020-09-22,4905,0,0,192,9080,0,0,0,192,0,0,0,11     C
2020-09-22,4907,2,4,671,29536,0,0,0,673,0,0,0,
2020-09-22,4908,32,57,4085,19554,0,1,12,4110,0,11,0,
2020-09-22,4909,1,6,1957,23339,0,0,13,1962,0,13,0,
2020-09-22,4924,0,0,0,0,0,0,0,0,0,0,0,11OX AB
2020-09-22,4931,12,0,756,15663,0,0,0,744,0,0,0,
2020-09-22,4933,138,166,2414,19757,2,0,24,2442,0,26,0,
2020-09-22,4939,75,90,2761,24550,0,6,7,2776,0,1,0,
2020-09-22,4944,0,0,0,0,0,0,0,0,0,0,0,OX        !
2020-09-22,4953,61,177,3134,16677,7,14,57,3250,0,50,0,
2020-09-22,4966,31,53,1223,20187,4,3,46,1245,0,47,0,
2020-09-22,4971,34,23,1678,9129,0,1,14,1677,10,13,0,
2020-09-22,4972,0,0,27,9918,0,0,0,27,0,0,0,11     C
2020-09-22,4973,14,14,2671,15876,2,3,23,2671,0,22,0,
2020-09-22,4974,14,14,1241,18125,0,0,16,1241,0,16,0,
2020-09-22,4979,223,386,8799,25293,76,137,897,8968,6,836,0,
2020-09-22,4991,33,18,4386,22850,0,0,3,4376,5,3,0,
2020-09-22,4995,0,0,1067,10446,0,0,0,1067,0,0,0,11     C
2020-09-22,5009,44,136,2764,116683,0,0,0,2866,10,0,0,
2020-09-22,5011,34,49,723,10585,0,0,91,738,0,91,0,11    B
2020-09-22,5013,0,0,8,33354,0,0,0,8,0,0,0,11     C
2020-09-22,5014,0,1,786,0,0,0,0,787,0,0,0,OX
2020-09-22,5015,1,0,24,15159,0,0,0,23,0,0,0,
2020-09-22,5016,0,2,55,12405,0,0,0,57,0,0,0,11     C
2020-09-22,5102,2,0,11,16021,0,0,0,9,0,0,0,11     C
2020-09-22,5201,8,3,2095,7668,0,0,0,2090,0,0,0,
2020-09-22,5202,0,0,722,0,0,0,0,722,0,0,0,11OX   C
2020-09-22,5206,11,28,1346,38981,0,0,0,1363,0,0,0,
2020-09-22,5210,0,10,271,0,0,0,0,281,0,0,0,OX
2020-09-22,5211,1,0,300,8006,0,0,1,299,0,1,0,
2020-09-22,5212,0,6,483,8658,0,0,0,489,0,0,0,11     C
2020-09-22,5213,40,23,1869,86548,0,0,5,1852,0,5,0,
2020-09-22,5220,79,125,3416,9916,79,29,76,3462,0,126,0,
2020-09-22,5223,77,229,2601,10811,13,13,61,2753,0,61,0,
2020-09-22,5230,2,1,662,11738,0,0,0,661,0,0,0,
2020-09-22,5245,6,3,1516,11247,0,0,15,1513,0,15,0,
2020-09-22,5251,4,5,496,6961,0,0,16,497,0,16,0,
2020-09-22,5263,8,8,2034,13936,0,9,19,2034,0,10,0,
2020-09-22,5272,19,26,1848,14106,0,0,9,1855,0,9,0,
2020-09-22,5274,4,42,283,8580,0,0,31,321,0,31,0,
2020-09-22,5281,2,2,772,9252,0,0,0,772,0,0,0,
2020-09-22,5287,0,0,74,10643,0,0,1,74,0,1,0,
2020-09-22,5289,187,84,1935,19932,0,1,60,1832,0,59,0,
2020-09-22,5291,27,68,5817,9505,0,0,0,5858,0,0,0,
2020-09-22,5299,41,41,2394,8807,1,4,55,2394,0,52,0,
2020-09-22,5301,0,12,1281,0,0,0,0,1293,0,0,0,OX
2020-09-22,5302,0,0,0,0,0,0,0,0,0,0,0,OX
2020-09-22,5304,0,0,0,0,0,0,0,0,0,0,0,OX
2020-09-22,5306,5,38,1034,31500,1,5,61,1067,0,57,0,
2020-09-22,5309,0,0,0,0,0,0,0,0,0,0,0,OX
2020-09-22,5310,0,0,3,0,0,0,0,3,0,0,0,11OX A
2020-09-22,5312,0,0,114,15014,0,0,0,114,0,0,0,11     C
2020-09-22,5314,0,0,0,0,0,0,0,0,0,0,0,OX
2020-09-22,5315,29,46,1912,26587,0,0,0,1930,1,0,0,
2020-09-22,5321,36,30,1926,8050,3,0,168,1920,0,171,0,
2020-09-22,5324,0,0,0,0,0,0,0,0,0,0,0,OX
2020-09-22,5328,0,0,0,0,0,0,0,0,0,0,0,OX
2020-09-22,5340,0,0,0,0,0,0,0,0,0,0,0,OX
2020-09-22,5344,0,0,0,0,0,0,0,0,0,0,0,OX
2020-09-22,5345,0,0,0,0,0,0,0,0,0,0,0,11OX   C
2020-09-22,5347,136,154,7619,409745,26,10,424,7637,0,440,0,
2020-09-22,5349,18,93,2068,56024,4,2,146,2146,3,154,6,
2020-09-22,5351,0,0,3797,108809,0,0,0,3797,0,0,0,!
2020-09-22,5353,17,11,829,18750,0,0,0,823,0,0,0,
2020-09-22,5355,0,0,0,0,0,0,0,0,0,0,0,OX
2020-09-22,5356,5,0,484,25760,0,0,0,479,0,0,0,
2020-09-22,5371,32,56,2805,108605,11,3,15,2829,0,23,0,
2020-09-22,5381,0,0,0,0,0,0,0,0,0,0,0,OX
2020-09-22,5383,0,0,0,0,0,0,0,0,0,0,0,OX
2020-09-22,5386,3,15,480,5899,0,0,0,492,0,0,0,
2020-09-22,5392,30,172,4017,42490,3,4,4,4210,51,3,0,
2020-09-22,5398,1,2,1237,8262,6,0,1,1238,0,7,0,
2020-09-22,5403,1,0,429,15657,0,0,1,428,0,1,0,
2020-09-22,5410,2,1,1683,21475,0,0,5,1695,13,5,0,
2020-09-22,5425,251,552,6461,60678,0,1,180,6762,0,179,0,
2020-09-22,5426,13,9,700,35950,0,0,1,696,0,1,0,
2020-09-22,5432,0,10,219,5171,0,0,0,229,0,0,0,11     C
2020-09-22,5438,10,3,1159,28134,0,0,0,1152,0,0,0,
2020-09-22,5439,39,16,2550,21493,0,2,70,2527,0,68,0,
2020-09-22,5443,3625,1058,5988,41284,0,579,827,3421,0,248,0,
2020-09-22,5450,0,0,0,0,0,0,0,0,0,0,0,OX
2020-09-22,5452,107,46,3828,37190,2,0,0,3767,0,2,0,
2020-09-22,5455,0,0,0,0,0,0,0,0,0,0,0,11OX   C
2020-09-22,5457,235,420,7224,42396,97,37,638,7411,2,698,0,
2020-09-22,5460,25,63,917,15306,0,0,0,955,0,0,0,
2020-09-22,5464,0,2,395,17767,0,0,0,397,0,0,0,
2020-09-22,5465,126,258,3664,22838,0,0,0,3796,0,0,0,
2020-09-22,5468,0,0,0,0,0,0,0,0,0,0,0,OX
2020-09-22,5474,177,150,3107,8432,56,43,461,3080,0,474,0,
2020-09-22,5475,0,0,0,0,0,0,0,0,0,0,0,11OX A
2020-09-22,5478,21,10,955,31868,0,0,9,944,0,9,0,
2020-09-22,5481,28,45,8905,18350,0,0,25,8922,0,25,0,
2020-09-22,5483,389,631,20862,146555,150,41,436,21104,0,545,0,
2020-09-22,5487,0,0,176,5909,0,0,0,176,0,0,0,11     C
2020-09-22,5488,0,0,757,0,0,0,0,757,0,0,0,OX
2020-09-22,5489,0,4,134,25676,0,0,0,138,0,0,0,
2020-09-22,5490,38,69,2628,24099,2,0,25,2659,0,27,0,
2020-09-22,5493,77,63,6582,11066,16,1,4,6568,0,19,0,
2020-09-22,5498,7,52,6073,38215,0,5,5,6121,3,0,0,
2020-09-22,5508,21,1,2716,54357,0,0,0,2696,0,0,0,
2020-09-22,5511,0,33,524,28360,0,0,0,557,0,0,0,
2020-09-22,5512,116,857,5149,185998,0,34,179,5890,0,145,0,
2020-09-22,5514,0,0,128,48576,0,0,0,128,0,0,0,11     C
2020-09-22,5516,0,0,1905,9573,0,0,0,1905,0,0,0,11    B
2020-09-22,5520,0,0,13,15078,0,0,0,13,0,0,0,11    BC
2020-09-22,5523,0,0,725,38750,0,0,0,725,0,0,0,
2020-09-22,5529,0,0,0,0,0,0,0,0,0,0,0,OX
2020-09-22,5530,0,1,1697,99771,0,0,0,1698,0,0,0,
2020-09-22,5536,22,29,638,13546,0,0,12,645,0,12,0,
2020-09-22,5603,361,455,2566,19581,0,0,0,2745,85,0,0,
2020-09-22,5604,0,0,411,27195,0,0,5,411,0,5,0,
2020-09-22,5609,340,292,4711,31500,41,57,645,4663,0,629,0,
2020-09-22,5701,0,0,0,0,0,0,0,0,0,0,0,OX
2020-09-22,5703,0,0,0,0,0,0,0,0,0,0,0,11OX  BC
2020-09-22,5704,11,21,249,9715,0,2,2,259,0,0,0,11    B
2020-09-22,5820,102,448,3310,943113,40,0,13,3656,0,53,0,
2020-09-22,5864,45,16,3252,59372,0,0,3,3223,0,3,0,
2020-09-22,5902,0,0,0,0,0,0,0,0,0,0,0,OX
2020-09-22,5903,0,0,20,55805,0,0,0,20,0,0,0,
2020-09-22,5904,2,0,116,24421,0,0,2,114,0,2,0,
2020-09-22,5905,129,17,5284,47454,0,0,0,5172,0,0,0,
2020-09-22,6015,39,134,4937,83125,46,10,36,5032,0,72,0,
2020-09-22,6016,50,232,7722,147580,11,5,115,7904,0,121,0,
2020-09-22,6020,0,0,104,63088,0,0,1,104,0,1,0,
2020-09-22,6021,0,0,212,76688,0,0,0,216,4,0,0,
2020-09-22,6023,0,0,109,62494,0,0,2,109,0,2,0,
2020-09-22,6026,34,4,3697,61453,0,0,3,3667,0,3,0,
2020-09-22,6101,1,23,4755,14956,4,0,93,4777,0,97,0,
2020-09-22,6103,0,0,0,0,0,0,0,0,0,0,0,11OX   C
2020-09-22,6104,3691,4303,12397,22695,190,1031,3353,13010,1,2513,1,
2020-09-22,6109,16,66,1119,14350,5,2,59,1169,0,62,0,
2020-09-22,6111,12,98,2170,7055,9,1,263,2256,0,271,0,
2020-09-22,6113,0,0,100,0,0,0,0,100,0,0,0,OX
2020-09-22,6114,17,5,1503,10977,4,2,4,1496,5,6,0,
2020-09-22,6118,27,54,2046,22722,0,0,5,2073,0,5,0,
2020-09-22,6121,14,15,676,46242,4,0,32,677,0,36,0,
2020-09-22,6122,4,4,2812,17182,0,0,0,2812,0,0,0,
2020-09-22,6123,30,10,891,14759,4,0,28,871,0,32,0,
2020-09-22,6124,0,0,879,45619,0,0,4,879,0,4,0,
2020-09-22,6125,598,701,26275,60502,150,115,1858,26378,0,1893,0,
2020-09-22,6126,257,242,10227,31709,23,8,119,10212,0,134,0,
2020-09-22,6127,718,324,6550,27019,1,292,586,6156,0,295,0,
2020-09-22,6129,0,5,3366,0,0,0,2,3371,0,2,0,OX
2020-09-22,6134,0,0,0,0,0,0,0,0,0,0,0,OX
2020-09-22,6138,26,51,2236,18262,1,3,22,2261,0,20,0,
2020-09-22,6140,209,47,4423,9591,19,11,271,4263,2,279,0,11   A
2020-09-22,6143,38,36,2588,20751,1,0,1,2586,0,2,0,
2020-09-22,6144,0,0,0,0,0,0,0,0,0,0,0,11OX   C
2020-09-22,6146,1,10,65,23099,0,0,1,74,0,1,0,
2020-09-22,6147,483,880,11473,163565,49,79,374,11874,4,344,0,
2020-09-22,6148,729,824,3860,11750,75,3,223,3955,0,295,0,
2020-09-22,6150,86,157,4550,11083,51,13,308,4622,1,346,0,
2020-09-22,6151,5,31,177,13814,0,0,0,203,0,0,0,
2020-09-22,6154,0,3,140,20020,0,0,0,143,0,0,0,
2020-09-22,6156,52,159,4684,20128,0,2,33,4791,0,31,0,
2020-09-22,6158,94,149,3333,13167,5,0,6,3388,0,11,0,
2020-09-22,6160,0,1,1146,17122,0,0,0,1147,0,0,0,
2020-09-22,6161,5,6,1903,19745,0,0,2,1904,0,2,0,
2020-09-22,6163,29,30,2824,25870,0,0,1,2825,0,1,0,
2020-09-22,6167,0,0,0,0,0,0,0,0,0,0,0,OX
2020-09-22,6170,38,136,5915,22417,0,1,23,6013,0,22,0,
2020-09-22,6171,3,12,496,18837,0,0,0,505,0,0,0,
2020-09-22,6173,58,96,7779,43000,9,28,331,7819,2,312,0,
2020-09-22,6174,2,5,533,12500,0,0,0,536,0,0,0,
2020-09-22,6175,9,65,1897,34090,0,1,6,1953,0,5,0,
2020-09-22,6179,47,148,4054,18536,3,0,517,4163,8,520,0,
2020-09-22,6180,30,32,5006,43873,9,3,138,5009,1,144,0,
2020-09-22,6182,277,696,28548,127724,40,29,670,28967,0,681,0,
2020-09-22,6185,11,14,4298,37466,1,1,4,4301,0,4,0,
2020-09-22,6186,60,27,3179,32508,3,0,84,3146,0,87,0,
2020-09-22,6187,871,871,5370,20830,21,105,932,5370,0,848,0,
2020-09-22,6188,191,303,14029,69589,43,20,549,14145,4,572,0,
2020-09-22,6190,5,36,4910,35092,1,0,2,4941,0,3,0,
2020-09-22,6194,19,99,1148,15000,3,2,6,1228,0,7,0,
2020-09-22,6195,16,0,237,11533,0,0,0,221,0,0,0,
2020-09-22,6203,341,165,2841,19988,12,2,29,2665,0,39,0,
2020-09-22,6204,54,27,696,5775,1,5,57,669,0,53,0,
2020-09-22,6207,45,12,1894,20968,10,0,1,1861,0,11,0,
2020-09-22,6208,84,580,4243,27156,46,0,2972,4739,0,3031,13,*
2020-09-22,6210,1,0,174,8762,0,0,9,173,0,9,0,
2020-09-22,6212,0,0,26,25500,0,0,0,26,0,0,0,11    BC
2020-09-22,6217,23,104,2323,16310,16,14,65,2419,15,67,0,
2020-09-22,6218,0,5,2683,16065,0,0,0,2688,0,0,0,11     C
2020-09-22,6219,140,181,14211,38504,0,0,135,14252,0,135,0,
2020-09-22,6220,362,558,6487,31138,22,73,1204,6683,0,1153,0,
2020-09-22,6221,8,5,1865,11340,4,2,24,1862,0,26,0,
2020-09-22,6222,0,0,0,0,0,0,0,0,0,0,0,OX
2020-09-22,6223,155,258,10480,22652,135,52,345,10589,6,428,0,
2020-09-22,6227,124,183,2417,19027,8,0,2,2476,0,10,0,
2020-09-22,6228,0,0,0,0,0,0,0,0,0,0,0,OX
2020-09-22,6229,337,260,3156,8910,50,32,431,3079,0,449,0,11   A
2020-09-22,6231,34,45,2744,9510,10,13,80,2755,0,77,0,
2020-09-22,6233,785,1422,11632,19902,786,159,3527,12269,0,4154,0,
2020-09-22,6234,5,21,3219,23216,0,1,14,3235,0,13,0,
2020-09-22,6237,1173,1319,8102,19851,251,182,884,8248,0,953,0,
2020-09-22,6240,0,4,216,5716,0,0,0,220,0,0,0,
2020-09-22,6241,0,0,0,0,0,0,0,0,0,0,0,OX
2020-09-22,6244,0,0,24,0,0,0,0,24,0,0,0,11OX A      !
2020-09-22,6245,93,9,3785,29545,2,3,11,3701,0,10,0,
2020-09-22,6246,0,0,38,0,0,0,0,38,0,0,0,OX
2020-09-22,6248,0,0,179,7668,0,0,0,179,0,0,0,
2020-09-22,6261,11,53,3408,32124,0,1,21,3450,0,20,0,
2020-09-22,6263,1,1,118,15625,0,0,0,118,0,0,0,
2020-09-22,6264,0,0,0,0,0,0,0,0,0,0,0,OX
2020-09-22,6265,43,51,2902,29543,0,0,3,2910,0,3,0,
2020-09-22,6266,13,1,2678,24736,0,0,0,2666,0,0,0,
2020-09-22,6270,22,30,1423,18036,1,0,9,1431,0,10,0,
2020-09-22,6274,31,18,2386,66741,21,19,180,2373,0,182,0,
2020-09-22,6275,62,226,2156,17446,0,0,2,2320,0,2,0,
2020-09-22,6276,32,64,1644,4408,4,1,118,1676,0,121,0,
2020-09-22,6279,4,15,1264,24306,0,0,40,1275,0,40,0,
2020-09-22,6284,267,698,6736,24357,26,1,243,7167,0,268,0,
2020-09-22,6287,0,0,0,0,0,0,0,0,0,0,0,OX
2020-09-22,6290,177,446,9023,36939,18,5,116,9292,0,129,0,
2020-09-22,6291,0,0,0,0,0,0,0,0,0,0,0,11OX   C
2020-09-22,6292,1,6,203,11725,0,0,0,208,0,0,0,
2020-09-22,6294,0,2,97,5850,0,0,0,99,0,0,0,
2020-09-22,6404,0,0,47,0,0,0,0,47,0,0,0,OX
2020-09-22,6411,42,55,4026,20039,0,0,706,4039,0,706,0,
2020-09-22,6417,25,10,2985,8903,0,0,0,2970,0,0,0,11    B
2020-09-22,6418,32,22,493,8630,0,0,0,483,0,0,0,
2020-09-22,6425,68,42,1124,10635,2,2,26,1098,0,26,0,
2020-09-22,6426,76,67,3443,9627,33,44,220,3434,0,209,0,
2020-09-22,6435,73,96,1813,8328,0,1,7,1842,6,6,0,
2020-09-22,6438,29,53,5691,15075,0,0,59,5715,0,59,0,
2020-09-22,6441,817,1057,5066,8979,170,206,652,5306,0,618,2,11     C
2020-09-22,6461,0,8,165,25186,0,0,0,173,0,0,0,
2020-09-22,6462,180,157,7219,17844,25,37,949,7201,5,937,0,
2020-09-22,6465,0,0,462,0,0,0,0,462,0,0,0,OX
2020-09-22,6469,9,9,1400,11100,5,0,44,1400,0,66,17,
2020-09-22,6470,39,54,2362,8173,0,0,0,2377,0,0,0,
2020-09-22,6472,22,51,1592,10406,0,0,30,1621,0,30,0,
2020-09-22,6485,3,1,1991,9845,0,0,1,1989,0,1,0,
2020-09-22,6486,0,1,515,9236,0,0,3,516,0,3,0,
2020-09-22,6488,120,73,5476,109312,18,44,310,5429,0,284,0,
2020-09-22,6494,14,26,3183,7889,0,0,0,3195,0,0,0,
2020-09-22,6496,0,12,298,11666,0,0,0,310,0,0,0,
2020-09-22,6506,0,0,250,20590,0,0,0,250,0,0,0,
2020-09-22,6508,0,3,120,21195,0,0,0,123,0,0,0,
2020-09-22,6509,774,1323,8421,43301,316,33,161,8970,0,444,0,
2020-09-22,6510,20,34,2296,8197,15,5,71,2310,0,81,0,
2020-09-22,6514,0,2,569,7503,0,0,12,571,0,12,0,
2020-09-22,6516,0,0,804,8778,0,0,0,804,0,0,0,11     C
2020-09-22,6523,17,7,1043,11261,0,0,0,1033,0,0,0,
2020-09-22,6530,7,1,447,8437,0,0,0,441,0,0,0,
2020-09-22,6532,32,15,3195,8939,4,2,32,3178,0,34,0,
2020-09-22,6538,265,438,4343,9317,109,13,229,4516,0,330,5,11     C
2020-09-22,6542,2,3,198,7875,0,0,0,199,0,0,0,
2020-09-22,6548,755,941,9294,91032,72,60,314,9481,1,326,0,
2020-09-22,6561,6,7,260,17556,1,2,11,261,0,10,0,
2020-09-22,6577,0,0,128,9563,0,0,0,128,0,0,0,
2020-09-22,6603,9,36,2693,37177,0,0,0,2720,0,0,0,
2020-09-22,6609,4,8,389,18114,0,2,2,393,0,0,0,
2020-09-22,6612,20,24,483,8432,0,4,4,487,0,0,0,
2020-09-22,6613,3,0,89,8482,0,0,0,86,0,0,0,
2020-09-22,6643,19,57,1291,7829,3,2,25,1329,0,26,0,
2020-09-22,6654,0,1,424,8315,0,0,0,425,0,0,0,
2020-09-22,6664,13,3,723,13750,0,0,2,713,0,2,0,
2020-09-22,6667,12,11,1453,8832,0,0,9,1452,0,9,0,
2020-09-22,6679,42,39,1236,10318,13,3,191,1236,3,201,0,
2020-09-22,6803,0,1,12,16823,0,0,0,13,0,0,0,11     C
2020-09-22,8024,9,18,956,11290,0,0,0,965,0,0,0,
2020-09-22,8027,244,347,13591,20393,56,13,918,13694,0,1089,128,
2020-09-22,8032,0,0,73,12952,0,0,0,73,0,0,0,11     C
2020-09-22,8034,54,19,3728,15718,0,3,29,3693,0,26,0,
2020-09-22,8040,129,69,3542,16804,8,14,128,3482,0,122,0,
2020-09-22,8042,1,1,836,30507,0,0,0,836,0,0,0,
2020-09-22,8043,13,2,1264,19976,0,0,0,1253,0,0,0,
2020-09-22,8044,49,34,2532,29289,12,5,111,2517,0,118,0,
2020-09-22,8047,30,32,1484,10416,0,0,0,1486,0,0,0,
2020-09-22,8048,1,6,1131,13221,0,0,0,1136,0,0,0,
2020-09-22,8049,0,8,1521,29569,0,0,90,1529,0,90,0,
2020-09-22,8050,7,47,1437,44274,2,0,17,1477,0,19,0,
2020-09-22,8054,62,131,3917,17679,72,6,254,3986,0,320,0,
2020-09-22,8059,251,161,1793,21529,0,0,0,1703,0,0,0,
2020-09-22,8064,10,22,3549,41204,0,2,140,3561,0,138,0,
2020-09-22,8066,0,20,366,7499,1,0,3,386,0,4,0,
2020-09-22,8068,0,0,0,0,0,0,0,0,0,0,0,OX
2020-09-22,8069,142,503,25203,270116,214,81,533,25564,0,666,0,
2020-09-22,8071,4,31,1391,12963,0,0,0,1418,0,0,0,
2020-09-22,8074,10,0,1434,21781,0,0,0,1424,0,0,0,
2020-09-22,8076,10,15,3743,64789,3,1,21,3748,0,23,0,
2020-09-22,8080,0,0,0,0,0,0,0,0,0,0,0,11OX
2020-09-22,8083,12,4,103,8783,0,0,0,95,0,0,0,
2020-09-22,8085,0,0,396,0,0,0,0,396,0,0,0,OX
2020-09-22,8086,664,1270,14610,38679,153,168,1671,15216,0,1659,3,
2020-09-22,8088,10,64,3158,15230,2,0,17,3212,0,19,0,
2020-09-22,8091,60,35,973,11292,0,0,17,950,2,17,0,
2020-09-22,8093,0,0,0,0,0,0,0,0,0,0,0,OX
2020-09-22,8096,195,122,7245,34905,5,6,6,7172,0,5,0,
2020-09-22,8097,8,4,2140,6668,0,0,0,2136,0,0,0,
2020-09-22,8099,1,32,784,22140,0,0,0,815,0,0,0,
2020-09-22,8107,11,37,2562,18750,3,0,3,2588,0,6,0,
2020-09-22,8109,0,11,213,18152,0,0,0,224,0,0,0,
2020-09-22,8111,159,822,5054,27275,64,10,210,5717,0,264,0,
2020-09-22,8121,0,0,0,0,0,0,0,0,0,0,0,OX
2020-09-22,8147,0,0,281,6879,0,0,0,281,0,0,0,
2020-09-22,8155,50,52,3860,12439,92,13,143,3870,8,222,0,
2020-09-22,8171,116,205,7913,12680,92,54,511,8002,0,549,0,
2020-09-22,8176,0,0,1359,0,0,0,0,1359,0,0,0,OX
2020-09-22,8182,50,129,2191,26760,0,0,12,2270,0,12,0,
2020-09-22,8183,76,38,4482,30312,13,1,58,4449,5,75,5,
2020-09-22,8234,0,0,483,35306,0,0,0,483,0,0,0,
2020-09-22,8240,55,13,2032,25001,0,1,2,1990,0,1,0,
2020-09-22,8255,13,6,1246,22878,0,0,2,1239,0,2,0,
2020-09-22,8277,0,0,3,0,0,0,0,3,0,0,0,OX
2020-09-22,8289,9,47,1317,17083,0,0,0,1355,0,0,0,
2020-09-22,8299,36,94,5741,49268,3,9,80,5799,0,74,0,
2020-09-22,8342,0,0,162,8384,0,0,0,162,0,0,0,
2020-09-22,8349,5,0,734,29095,0,0,12,729,0,12,0,
2020-09-22,8354,0,0,1169,19633,0,0,0,1169,0,0,0,11     C
2020-09-22,8358,70,337,9868,63147,15,11,101,10375,240,105,0,
2020-09-22,8383,22,46,1758,29548,0,0,8,1782,0,8,0,
2020-09-22,8390,36,114,2586,21339,30,0,124,2664,0,180,26,
2020-09-22,8401,14,9,315,15010,0,0,0,310,0,0,0,11     C
2020-09-22,8403,62,75,6965,25894,2,0,145,6978,0,147,0,
2020-09-22,8406,35,20,1276,24268,3,0,12,1263,2,15,0,
2020-09-22,8410,59,217,1792,9147,2,0,0,1950,0,2,0,
2020-09-22,8415,26,2,866,257875,0,0,0,842,0,0,0,
2020-09-22,8418,0,0,19,16998,0,0,0,19,0,0,0,11    BC
2020-09-22,8420,0,0,472,12747,0,0,0,472,0,0,0,11    B
2020-09-22,8421,3,55,2568,13704,0,0,0,2620,0,0,0,
2020-09-22,8424,0,0,19,9013,0,0,0,19,0,0,0,11     C
2020-09-22,8426,2,3,284,12560,0,0,0,285,0,0,0,11     C
2020-09-22,8431,14,37,8830,11113,1,1,280,8856,3,280,0,
2020-09-22,8432,3,0,2518,9599,0,0,0,2515,0,0,0,
2020-09-22,8433,0,15,370,13020,0,0,0,385,0,0,0,11     C
2020-09-22,8435,3,0,231,7925,0,0,0,228,0,0,0,11     C
2020-09-22,8436,78,39,2346,29544,12,29,149,2307,0,132,0,
2020-09-22,8437,0,0,39,11962,0,0,0,39,0,0,0,
2020-09-22,8440,78,185,771,9500,8,18,110,878,0,100,0,
2020-09-22,8444,1,0,268,21191,0,0,1,267,0,1,0,11    BC
2020-09-22,8446,0,1,355,13228,0,0,0,356,0,0,0,
2020-09-22,8450,0,3,326,12827,0,0,0,329,0,0,0,11     C
2020-09-22,8476,0,0,0,0,0,0,0,0,0,0,0,11OX   C
2020-09-22,8489,32,196,1824,9438,23,5,86,1988,0,104,0,
2020-09-22,8905,4,11,134,29860,0,2,53,141,0,51,0,
2020-09-22,8906,0,0,238,8509,0,0,0,238,0,0,0,11     C
2020-09-22,8908,0,0,14,45062,0,0,0,14,0,0,0,11     C
2020-09-22,8916,1,0,374,32756,0,0,0,373,0,0,0,
2020-09-22,8917,0,0,28,30550,0,0,0,28,0,0,0,11    BC
2020-09-22,8923,0,0,0,7593,0,0,0,0,0,0,0,11 X   C
2020-09-22,8924,422,969,6167,20950,175,68,682,6714,0,789,0,
2020-09-22,8927,0,10,1231,47958,0,0,0,1241,0,0,0,11     C
2020-09-22,8928,13,18,872,12713,0,0,1,877,0,1,0,
2020-09-22,8929,1,13,982,12645,0,0,0,1004,10,0,0,
2020-09-22,8930,0,0,2128,20167,0,0,0,2128,0,0,0,
2020-09-22,8931,3,2,2022,30563,0,0,0,2021,0,0,0,
2020-09-22,8933,0,0,7,0,0,0,0,7,0,0,0,OX
2020-09-22,8935,0,0,0,0,0,0,0,0,0,0,0,OX
2020-09-22,8936,546,185,4568,62019,8,7,17,4207,0,18,0,
2020-09-22,8937,81,96,1740,18119,2,0,0,1755,0,2,0,
2020-09-22,8938,39,148,1622,33828,8,5,35,1731,0,38,0,
2020-09-22,8941,0,1,295,3475,0,0,0,296,0,0,0,11     C
2020-09-22,8942,6,5,1318,41460,3,1,7,1317,0,9,0,
2020-09-22,9949,23,442,5502,11758,0,0,0,5921,0,0,0,11     C
2020-09-22,9950,0,0,0,0,0,0,0,0,0,0,0,11OX   C
2020-09-22,9951,7,16,971,18725,2,0,7,981,1,9,0,
2020-09-22,9960,1,1,4285,8398,0,0,1,4285,0,1,0,11    B
2020-09-22,9962,0,2,100,22555,0,0,0,102,0,0,0,11     C
