date,stock_id,m_buy,m_sell,m_balance,m_limit,s_buy,s_sell,s_balance,m_prev,m_ret,s_prev,s_ret,note
2021-06-15,006201,0,0,9,3361,0,0,0,9,0,0,0,
2021-06-15,00679B,2,0,118,137798,0,0,6,116,0,6,0,
2021-06-15,00687B,0,0,0,45571,0,0,0,0,0,0,0,X
2021-06-15,00694B,0,0,0,41269,0,0,0,0,0,0,0,X
2021-06-15,00695B,0,0,0,3046,0,0,0,0,0,0,0,X
2021-06-15,00696B,0,0,53,138670,0,0,0,53,0,0,0,
2021-06-15,00697B,0,0,0,1803,0,0,0,0,0,0,0,X
2021-06-15,00718B,0,0,0,289875,0,0,0,0,0,0,0,X
2021-06-15,00719B,0,0,0,160628,0,0,0,0,0,0,0,X
2021-06-15,00720B,0,0,0,184777,0,0,0,0,0,0,0,X
2021-06-15,00721B,0,0,0,101405,0,0,0,0,0,0,0,X
2021-06-15,00722B,0,0,0,215559,0,0,0,0,0,0,0,X
2021-06-15,00723B,0,0,0,201270,0,0,0,0,0,0,0,X
2021-06-15,00724B,0,0,2,366318,0,0,0,2,0,0,0,
2021-06-15,00725B,0,0,0,248676,0,0,0,0,0,0,0,X
2021-06-15,00726B,0,0,1,281497,0,0,0,1,0,0,0,
2021-06-15,00727B,0,0,0,28422,0,0,0,0,0,0,0,X
2021-06-15,00734B,0,0,0,5619,0,0,0,0,0,0,0,X
2021-06-15,00740B,0,0,0,174117,0,0,0,0,0,0,0,X
2021-06-15,00741B,0,0,1,2032,0,0,0,1,0,0,0,
2021-06-15,00744B,0,0,0,188557,0,0,0,0,0,0,0,X
2021-06-15,00745B,0,0,0,1004,0,0,0,0,0,0,0,X
2021-06-15,00746B,0,0,0,215616,0,0,0,0,0,0,0,X
2021-06-15,00747B,0,0,0,171500,0,0,0,0,0,0,0,X
2021-06-15,00748B,0,0,0,155375,0,0,0,0,0,0,0,X
2021-06-15,00749B,0,0,0,238875,0,0,0,0,0,0,0,X
2021-06-15,00750B,0,0,0,13625,0,0,0,0,0,0,0,X
2021-06-15,00751B,0,0,0,316150,0,0,0,0,0,0,0,X
2021-06-15,00754B,0,0,0,45475,0,0,0,0,0,0,0,X
2021-06-15,00755B,0,0,5,25182,0,0,0,5,0,0,0,
2021-06-15,00756B,0,0,0,279575,0,0,0,0,0,0,0,X
2021-06-15,00758B,0,0,0,1381,0,0,0,0,0,0,0,X
2021-06-15,00759B,0,0,0,12256,0,0,0,0,0,0,0,X
2021-06-15,00760B,0,0,0,70380,0,0,0,0,0,0,0,X
2021-06-15,00761B,0,0,0,282897,0,0,0,0,0,0,0,X
2021-06-15,00764B,0,0,0,110875,0,0,0,0,0,0,0,X
2021-06-15,00765B,0,0,0,750,0,0,0,0,0,0,0,X
2021-06-15,00768B,0,0,0,58275,0,0,0,0,0,0,0,X
2021-06-15,00772B,0,0,1,312072,0,0,0,1,0,0,0,X
2021-06-15,00773B,0,0,1,220072,0,0,0,1,0,0,0,X
2021-06-15,00777B,0,0,0,167037,0,0,0,0,0,0,0,X
2021-06-15,00778B,0,0,0,165787,0,0,0,0,0,0,0,X
2021-06-15,00779B,0,0,0,104537,0,0,0,0,0,0,0,X
2021-06-15,00780B,0,0,0,65650,0,0,0,0,0,0,0,X
2021-06-15,00781B,0,0,0,709,0,0,0,0,0,0,0,X
2021-06-15,00782B,0,0,0,866,0,0,0,0,0,0,0,X
2021-06-15,00784B,0,0,0,748,0,0,0,0,0,0,0,X
2021-06-15,00785B,0,0,0,83116,0,0,0,0,0,0,0,X
2021-06-15,00786B,0,0,123,2016,0,0,0,123,0,0,0,
2021-06-15,00787B,0,0,0,1326,0,0,0,0,0,0,0,X
2021-06-15,00788B,0,0,0,1301,0,0,0,0,0,0,0,X
2021-06-15,00789B,0,0,0,10650,0,0,0,0,0,0,0,X
2021-06-15,00790B,0,0,0,525,0,0,0,0,0,0,0,X
2021-06-15,00791B,0,0,0,88775,0,0,0,0,0,0,0,X
2021-06-15,00792B,0,0,0,99528,0,0,0,0,0,0,0,X
2021-06-15,00793B,0,0,0,631,0,0,0,0,0,0,0,X
2021-06-15,00794B,0,0,0,46421,0,0,0,0,0,0,0,X
2021-06-15,00795B,0,0,0,79149,0,0,0,0,0,0,0,X
2021-06-15,00796B,0,0,0,20492,0,0,0,0,0,0,0,X
2021-06-15,00799B,0,0,0,1134,0,0,0,0,0,0,0,X
2021-06-15,00831B,0,0,0,33400,0,0,0,0,0,0,0,X
2021-06-15,00832B,0,0,0,700,0,0,0,0,0,0,0,X
2021-06-15,00834B,0,0,0,4299,0,0,0,0,0,0,0,X
2021-06-15,00836B,0,0,0,53385,0,0,0,0,0,0,0,X
2021-06-15,00838B,0,0,0,1422,0,0,0,0,0,0,0,X
2021-06-15,00839B,0,0,0,110,0,0,0,0,0,0,0,X
2021-06-15,00840B,0,0,0,7482,0,0,0,0,0,0,0,X
2021-06-15,00841B,0,0,0,5360,0,0,0,0,0,0,0,X
2021-06-15,00842B,0,0,0,4566,0,0,0,0,0,0,0,X
2021-06-15,00843B,0,0,0,1380,0,0,0,0,0,0,0,X
2021-06-15,00844B,0,0,0,9543,0,0,0,0,0,0,0,X
2021-06-15,00845B,0,0,0,31637,0,0,0,0,0,0,0,X
2021-06-15,00846B,0,0,0,24212,0,0,0,0,0,0,0,X
2021-06-15,00847B,0,0,0,3451,0,0,0,0,0,0,0,X
2021-06-15,00848B,0,0,0,38641,0,0,0,0,0,0,0,X
2021-06-15,00849B,0,0,0,186901,0,0,0,0,0,0,0,X
2021-06-15,00853B,0,0,0,1283,0,0,0,0,0,0,0,X
2021-06-15,00856B,0,0,0,8698,0,0,0,0,0,0,0,X
2021-06-15,00857B,0,0,0,8942,0,0,0,0,0,0,0,X
2021-06-15,00858,0,0,0,4218,0,0,0,0,0,0,0,X
2021-06-15,00859B,0,0,0,1627,0,0,0,0,0,0,0,X
2021-06-15,00860B,0,0,0,6542,0,0,0,0,0,0,0,X
2021-06-15,00862B,0,0,0,38970,0,0,0,0,0,0,0,X
2021-06-15,00863B,0,0,0,66116,0,0,0,0,0,0,0,X
2021-06-15,00864B,0,0,0,2680,0,0,0,0,0,0,0,X
2021-06-15,00867B,0,0,0,47162,0,0,0,0,0,0,0,X
2021-06-15,00869B,0,0,0,570,0,0,0,0,0,0,0,X
2021-06-15,00870B,0,0,0,122162,0,0,0,0,0,0,0,X
2021-06-15,00872B,0,0,0,1027,0,0,0,0,0,0,0,X
2021-06-15,00877,57,114,6988,138072,0,0,84,7045,0,84,0,
2021-06-15,00879B,0,0,0,193,0,0,0,0,0,0,0,X
2021-06-15,00880B,0,0,0,372,0,0,0,0,0,0,0,X
2021-06-15,00883B,0,0,2,2064,0,0,0,2,0,0,0,X
2021-06-15,00884B,0,0,0,6610,0,0,0,0,0,0,0,X
2021-06-15,00886,0,2,0,7737,0,0,0,2,0,0,0,X
2021-06-15,00887,0,0,1,8087,0,0,0,1,0,0,0,
2021-06-15,00888,12,11,1769,80119,0,0,0,1768,0,0,0,
2021-06-15,00889B,0,0,0,1315,0,0,0,0,0,0,0,X
2021-06-15,00890B,0,0,0,2441,0,0,0,0,0,0,0,X
2021-06-15,1240,0,0,225,8752,0,0,0,225,0,0,0,
2021-06-15,1258,1,6,25,9204,0,0,0,30,0,0,0,11    B
2021-06-15,1259,0,0,31,8097,0,0,0,31,0,0,0,11     C
2021-06-15,1264,1,1,18,8423,0,0,0,18,0,0,0,11     C
2021-06-15,1268,0,0,9,9430,0,0,0,9,0,0,0,11     C
2021-06-15,1336,1,1,2322,19274,0,0,0,2322,0,0,0,
2021-06-15,1565,136,58,1061,12604,0,2,25,984,1,23,0,
2021-06-15,1569,51,36,3420,30169,0,0,6,3440,35,6,0,
2021-06-15,1570,5,13,1253,12875,0,0,0,1261,0,0,0,
2021-06-15,1580,12,0,687,12557,0,0,0,675,0,0,0,
2021-06-15,1584,0,16,732,0,0,0,2,748,0,2,0,OX
2021-06-15,1586,76,113,11409,21039,2,0,1644,11446,0,1646,0,
2021-06-15,1591,19,5,3326,8291,0,0,0,3312,0,0,0,
2021-06-15,1593,5,0,1599,8804,0,0,5,1594,0,5,0,
2021-06-15,1595,0,2,150,11787,0,0,0,152,0,0,0,
2021-06-15,1599,47,25,1100,18874,0,0,0,1078,0,0,0,
2021-06-15,1742,14,2,3183,10365,0,0,0,3171,0,0,0,
2021-06-15,1752,11,16,1939,25247,0,0,0,1944,0,0,0,
2021-06-15,1777,0,0,321,7514,0,0,1,321,0,1,0,
2021-06-15,1781,0,0,0,0,0,0,0,0,0,0,0,OX
2021-06-15,1784,53,63,3060,12406,4,0,8,3070,0,12,0,
2021-06-15,1785,2743,604,24545,132982,13,33,148,22411,5,128,0,
2021-06-15,1788,1,1,5,9626,0,0,0,5,0,0,0,
2021-06-15,1799,0,0,0,0,0,0,0,0,0,0,0,OX
2021-06-15,1813,0,2,154,11658,0,0,0,157,1,0,0,
2021-06-15,1815,4455,2165,31128,104488,142,1023,3872,28841,3,2991,0,
2021-06-15,2035,0,0,35,87500,0,0,0,35,0,0,0,
2021-06-15,2063,1,1,218,11250,0,0,2,218,0,2,0,
2021-06-15,2064,0,0,313,17407,0,0,0,313,0,0,0,
2021-06-15,2065,6,14,326,11343,0,11,75,334,0,64,0,
2021-06-15,2066,2,2,214,9125,0,0,0,214,0,0,0,
2021-06-15,2067,0,0,0,0,0,0,0,0,0,0,0,OX
2021-06-15,2070,0,2,226,8945,0,0,0,228,0,0,0,11     C
2021-06-15,2221,1,14,125,10581,0,0,0,140,2,0,0,
2021-06-15,2230,20,8,1373,9978,0,0,0,1361,0,0,0,
2021-06-15,2235,3,0,149,8969,0,0,0,146,0,0,0,11     C
2021-06-15,2596,49,62,1136,25000,0,0,0,1149,0,0,0,
2021-06-15,2640,0,14,1653,14110,0,0,1,1667,0,1,0,
2021-06-15,2641,6449,5182,14695,38158,217,2056,3193,13428,0,1354,0,
2021-06-15,2643,371,361,1425,7500,35,10,22,1415,0,47,0,
2021-06-15,2719,0,0,0,0,0,0,0,0,0,0,0,11OX   C
2021-06-15,2724,0,0,0,0,0,0,0,0,0,0,0,11OX   C
2021-06-15,2726,33,11,3201,9138,0,1,3,3179,0,2,0,
2021-06-15,2732,46,30,709,10861,0,0,19,693,0,19,0,
2021-06-15,2734,0,0,0,0,0,0,0,0,0,0,0,OX
2021-06-15,2736,25,40,738,12248,9,0,13,753,0,22,0,
2021-06-15,2743,56,1,972,8007,0,0,0,917,0,0,0,
2021-06-15,2754,5,5,412,11459,0,0,15,412,0,15,0,
2021-06-15,2916,0,0,111,13656,0,0,0,111,0,0,0,
2021-06-15,2924,0,0,0,0,0,0,0,0,0,0,0,11OX  BC
2021-06-15,2926,0,0,52,11847,0,0,0,52,0,0,0,X
2021-06-15,2928,14,10,357,11825,0,1,2,353,0,1,0,
2021-06-15,3064,0,0,0,0,0,0,0,0,0,0,0,11OX   C
2021-06-15,3066,0,0,0,0,0,0,0,0,0,0,0,OX
2021-06-15,3071,57,18,2408,27500,0,0,6,2369,0,6,0,
2021-06-15,3073,0,0,0,0,0,0,0,0,0,0,0,OX
2021-06-15,3078,85,246,7896,56847,2,1,28,8057,0,29,0,
2021-06-15,3081,213,233,1852,22842,94,8,70,1872,0,156,0,
2021-06-15,3083,66,64,3111,21529,13,3,145,3109,0,155,0,
2021-06-15,3085,0,0,0,0,0,0,0,0,0,0,0,11OX   C
2021-06-15,3086,6,16,71,1709,0,0,0,81,0,0,0,
2021-06-15,3088,4,55,529,20981,0,0,6,592,12,6,0,
2021-06-15,3089,0,0,0,0,0,0,0,0,0,0,0,OX        !
2021-06-15,3093,60,9,1809,9072,0,0,0,1758,0,0,0,
2021-06-15,3095,0,0,0,0,0,0,0,0,0,0,0,OX
2021-06-15,3105,477,242,4677,101010,54,4,449,4442,0,504,5,
2021-06-15,3114,33,21,1268,14770,0,0,0,1256,0,0,0,
2021-06-15,3118,1,8,776,8113,0,0,0,783,0,0,0,
2021-06-15,3122,381,339,3863,9574,11,7,208,3821,0,212,0,
2021-06-15,3128,164,94,3305,10500,0,19,29,3235,0,10,0,
2021-06-15,3141,1510,1695,12026,16382,85,113,4679,12211,0,4652,1,11     C
2021-06-15,3144,31,2,1585,25159,0,0,0,1556,0,0,0,
2021-06-15,3147,6,4,980,8501,0,0,1,978,0,1,0,
2021-06-15,3152,96,31,1397,17254,0,0,16,1332,0,16,0,
2021-06-15,3162,0,0,0,0,0,0,0,0,0,0,0,OX
2021-06-15,3163,3,24,5345,18821,58,6,70,5366,0,122,0,
2021-06-15,3169,1769,1380,7513,12395,118,86,698,7124,0,730,0,11     C
2021-06-15,3171,5,7,125,11675,0,0,0,127,0,0,0,
2021-06-15,3178,20,7,1225,11262,0,0,7,1212,0,7,0,
2021-06-15,3188,3,2,2352,30073,0,0,0,2351,0,0,0,
2021-06-15,3191,0,0,0,0,0,0,0,0,0,0,0,OX
2021-06-15,3202,0,23,11445,0,0,0,0,11468,0,0,0,OX
2021-06-15,3205,1,7,992,8193,0,0,1,999,1,1,0,
2021-06-15,3206,3,3,1185,13479,0,0,0,1185,0,0,0,
2021-06-15,3207,0,0,0,0,0,0,0,0,0,0,0,11OX   C
2021-06-15,3211,17,11,3111,36870,1,1,8,3105,0,8,0,
2021-06-15,3213,11,72,566,14671,0,0,0,629,2,0,0,
2021-06-15,3217,68,14,3846,22526,9,0,37,3792,0,46,0,
2021-06-15,3218,18,31,1073,19030,3,0,73,1086,0,76,0,
2021-06-15,3219,0,0,160,2680,0,0,0,160,0,0,0,11    B
2021-06-15,3221,92,90,3042,24418,1,0,43,3042,2,44,0,
2021-06-15,3224,8,9,2974,14504,0,0,11,2975,0,11,0,
2021-06-15,3226,1,1,133,16107,0,0,0,133,0,0,0,11     C
2021-06-15,3227,114,261,9608,35491,0,6,161,9758,3,155,0,
2021-06-15,3230,22,8,256,14752,0,0,0,242,0,0,0,
2021-06-15,3232,20,123,7297,9141,1,0,127,7400,0,128,0,
2021-06-15,3234,38,67,5525,19118,13,83,358,5556,2,288,0,
2021-06-15,3236,72,20,2524,21213,0,0,49,2472,0,49,0,
2021-06-15,3252,10,14,12034,12548,0,0,0,12038,0,0,0,@
2021-06-15,3259,0,0,0,0,0,0,0,0,0,0,0,OX
2021-06-15,3260,2655,2209,25029,63447,29,166,3016,24583,0,2879,0,11     C
2021-06-15,3264,464,471,10072,122542,6,11,76,10079,0,71,0,
2021-06-15,3265,1,14,685,34065,0,0,0,698,0,0,0,
2021-06-15,3272,9,8,2989,13653,7,7,127,2989,1,127,0,
2021-06-15,3276,0,0,0,0,0,0,0,0,0,0,0,OX
2021-06-15,3284,0,7,3823,13990,0,0,0,3830,0,0,0,
2021-06-15,3285,15,1,2257,11027,0,0,2,2243,0,2,0,
2021-06-15,3287,32,0,1394,10992,0,0,4,1362,0,4,0,
2021-06-15,3288,0,0,0,0,0,0,0,0,0,0,0,OX
2021-06-15,3289,93,174,3989,23243,5,19,67,4070,0,53,0,
2021-06-15,3290,4,1,2886,24887,0,0,0,2883,0,0,0,
2021-06-15,3293,41,76,1945,17612,1,9,112,1980,0,104,0,
2021-06-15,3294,74,93,7702,33003,2,0,5,7721,0,7,0,
2021-06-15,3297,2,0,246,9209,0,0,0,244,0,0,0,
2021-06-15,3303,21,1,1758,24022,0,0,0,1738,0,0,0,
2021-06-15,3306,1,22,707,12651,0,0,0,728,0,0,0,
2021-06-15,3310,3,3,3441,12565,0,0,0,3442,1,0,0,11     C
2021-06-15,3313,0,0,0,0,0,0,0,0,0,0,0,OX
2021-06-15,3317,326,334,5220,15312,6,6,71,5228,0,71,0,
2021-06-15,3322,0,7,34,0,0,0,0,41,0,0,0,OX
2021-06-15,3323,13,19,3767,20076,0,0,58,3773,0,58,0,
2021-06-15,3324,321,292,8967,22098,3,14,344,8938,0,333,0,
2021-06-15,3325,35,13,5768,20563,1,2,52,5746,0,51,0,
2021-06-15,3332,0,0,2,12026,0,0,0,2,0,0,0,11     C
2021-06-15,3339,0,0,0,0,0,0,0,0,0,0,0,OX
2021-06-15,3354,52,17,949,17528,0,0,7,914,0,7,0,
2021-06-15,3360,45,32,1927,17176,0,0,0,1914,0,0,0,
2021-06-15,3362,1704,1278,7067,27886,223,26,748,6641,0,945,0,
2021-06-15,3363,4,21,3481,21768,18,2,17,3498,0,33,0,
2021-06-15,3372,140,101,1334,36521,9,3,12,1297,2,18,0,
2021-06-15,3373,45,42,2691,10822,88,19,567,2688,0,636,0,
2021-06-15,3374,2562,1419,17915,67841,79,51,876,16772,0,906,2,
2021-06-15,3379,12,17,1238,9510,0,0,0,1243,0,0,0,
2021-06-15,3388,30,30,142,18515,0,0,0,142,0,0,0,
2021-06-15,3390,67,15,2437,16876,0,0,4,2385,0,4,0,
2021-06-15,3402,15,39,866,18261,0,0,0,890,0,0,0,
2021-06-15,3434,1,6,96,5675,0,0,0,101,0,0,0,11     C
2021-06-15,3438,16,46,1320,11791,0,0,28,1350,0,28,0,
2021-06-15,3441,27,43,2535,10009,0,0,33,2551,0,33,0,
2021-06-15,3444,15,7,966,9778,0,0,0,958,0,0,0,
2021-06-15,3455,42,4,1807,15367,0,0,3,1769,0,3,0,
2021-06-15,3466,8,14,253,15221,0,0,0,259,0,0,0,
2021-06-15,3479,2,7,3105,17654,0,0,4,3110,0,4,0,
2021-06-15,3483,115,163,10249,17671,8,21,326,10298,1,313,0,
2021-06-15,3484,173,410,3736,17434,1,0,17,3973,0,18,0,
2021-06-15,3489,39,0,1659,20782,0,0,0,1620,0,0,0,
2021-06-15,3490,26,31,2985,14251,2,0,4,2990,0,6,0,
2021-06-15,3491,2,2,1811,15539,0,0,1,1811,0,1,0,
2021-06-15,3492,14,0,937,8882,0,0,0,923,0,0,0,
2021-06-15,3498,2,20,3006,13418,0,0,59,3024,0,59,0,
2021-06-15,3499,15,8,1268,13742,0,0,0,1261,0,0,0,
2021-06-15,3508,16,3,4369,24304,0,1,22,4356,0,21,0,
2021-06-15,3511,67,73,3129,12493,0,4,78,3135,0,74,0,
2021-06-15,3512,3,0,2566,14250,0,0,1,2563,0,1,0,
2021-06-15,3516,33,10,8314,12647,0,0,2,8291,0,2,0,
2021-06-15,3520,0,0,0,0,0,0,0,0,0,0,0,OX
2021-06-15,3521,12,7,1558,8065,0,0,12,1553,0,12,0,
2021-06-15,3522,35,7,644,11725,0,0,0,616,0,0,0,
2021-06-15,3523,0,0,0,0,0,0,0,0,0,0,0,OX
2021-06-15,3526,12,26,1771,13957,2,0,92,1785,0,94,0,
2021-06-15,3527,144,94,3230,10236,2,1,5,3180,0,6,0,
2021-06-15,3529,76,27,703,19019,21,1,135,654,0,155,0,
2021-06-15,3531,2,0,37,15293,0,0,0,35,0,0,0,
2021-06-15,3537,7,34,1204,13391,0,0,0,1231,0,0,0,
2021-06-15,3540,75,85,3946,16653,16,10,42,3956,0,48,0,
2021-06-15,3541,1,1,779,14196,0,0,0,779,0,0,0,
2021-06-15,3546,26,26,2380,11470,0,2,9,2380,0,7,0,
2021-06-15,3548,36,37,7504,15030,15,0,30,7505,0,45,0,
2021-06-15,3551,6,15,868,14193,0,0,0,877,0,0,0,
2021-06-15,3552,256,479,6707,21398,14,14,341,6930,0,341,0,
2021-06-15,3555,0,0,0,0,0,0,0,0,0,0,0,11OX   C
2021-06-15,3556,30,38,2286,14867,0,0,3,2294,0,3,0,
2021-06-15,3558,7,4,547,12265,0,0,1,544,0,1,0,
2021-06-15,3567,15,13,1593,8531,0,0,0,1591,0,0,0,
2021-06-15,3577,47,25,1054,13216,0,0,0,1032,0,0,0,
2021-06-15,3580,15,18,3232,9867,2,0,40,3235,0,42,0,
2021-06-15,3581,9,5,967,12751,0,0,0,963,0,0,0,
2021-06-15,3587,156,136,1727,15578,0,0,5,1707,0,5,0,
2021-06-15,3594,19,44,7707,16639,0,0,828,7732,0,828,0,
2021-06-15,3597,19,0,1503,8786,0,0,5,1484,0,5,0,
2021-06-15,3609,0,3,1088,7669,0,0,0,1091,0,0,0,11    B
2021-06-15,3611,1,0,1264,10619,0,0,0,1263,0,0,0,
2021-06-15,3615,23,39,3649,17116,0,0,23,3665,0,23,0,
2021-06-15,3623,10,15,983,7296,0,0,5,988,0,5,0,
2021-06-15,3624,263,313,4444,29335,0,1,2,4494,0,1,0,
2021-06-15,3625,18,23,3723,20401,5,49,115,3729,1,71,0,
2021-06-15,3628,0,0,293,11250,0,0,0,293,0,0,0,
2021-06-15,3630,71,34,6916,46228,2,56,572,6879,0,518,0,
2021-06-15,3631,14,9,7901,20455,0,0,32,7896,0,32,0,
2021-06-15,3632,0,0,0,0,0,0,0,0,0,0,0,11OX   C
2021-06-15,3642,0,0,201,0,0,0,0,204,3,0,0,OX
2021-06-15,3646,50,159,2950,9824,0,0,0,3059,0,0,0,
2021-06-15,3652,24,20,522,11774,0,0,0,518,0,0,0,
2021-06-15,3663,2,59,1094,14739,0,0,0,1151,0,0,0,
2021-06-15,3664,0,0,870,0,0,0,0,870,0,0,0,11OX   C
2021-06-15,3666,95,50,5079,14653,2,0,26,5034,0,28,0,
2021-06-15,3672,31,58,699,8067,0,0,0,726,0,0,0,
2021-06-15,3675,45,37,1576,11107,1,0,5,1568,0,6,0,
2021-06-15,3680,43,81,2259,21023,13,3,229,2311,14,239,0,
2021-06-15,3685,2,0,1122,19997,0,0,1,1120,0,1,0,
2021-06-15,3687,571,401,3272,7514,5,12,101,3102,0,94,0,11     C
2021-06-15,3689,14,34,3055,17418,0,0,2,3076,1,2,0,
2021-06-15,3691,55,144,1920,15799,1,24,337,2009,0,314,0,
2021-06-15,3693,1,1,953,9622,0,1,2,953,0,1,0,
2021-06-15,3707,7212,4791,32141,78483,255,572,1778,29720,0,1461,0,
2021-06-15,3709,2,7,696,19892,0,0,2,701,0,2,0,
2021-06-15,3710,0,4,4064,0,0,0,132,4068,0,132,0,OX
2021-06-15,4102,17,117,2538,10593,0,3,15,2638,0,12,0,
2021-06-15,4105,745,967,8981,62162,14,10,117,9203,0,121,0,
2021-06-15,4107,3,6,461,17324,0,0,0,464,0,0,0,
2021-06-15,4109,0,1,1121,16783,0,0,0,1122,0,0,0,
2021-06-15,4111,28,2,584,14245,0,0,0,558,0,0,0,
2021-06-15,4113,57,1,842,52784,0,0,0,786,0,0,0,
2021-06-15,4114,23,31,4391,70204,60,0,6,4399,0,66,0,
2021-06-15,4116,0,0,351,11141,0,0,0,351,0,0,0,
2021-06-15,4120,4,11,1295,21686,0,0,0,1302,0,0,0,
2021-06-15,4121,253,352,5224,19843,41,13,688,5323,0,806,90,
2021-06-15,4123,219,622,17712,107205,4,9,47,18115,0,42,0,
2021-06-15,4126,31,37,1871,18150,1,3,8,1877,0,6,0,
2021-06-15,4127,0,0,0,0,0,0,0,0,0,0,0,OX
2021-06-15,4129,4,0,912,19529,0,0,6,908,0,6,0,
2021-06-15,4130,27,23,3108,26972,59,0,8,3104,0,67,0,
2021-06-15,4138,0,0,215,7500,0,0,1,215,0,1,0,
2021-06-15,4139,0,1,3686,10637,0,0,0,3687,0,0,0,
2021-06-15,4153,5,0,871,10225,0,0,0,866,0,0,0,
2021-06-15,4157,0,0,3139,0,0,0,0,3139,0,0,0,OX
2021-06-15,4161,7,7,736,13164,0,0,0,736,0,0,0,
2021-06-15,4162,28,45,5139,36649,1,23,65,5157,1,43,0,
2021-06-15,4163,0,1,477,12072,0,0,0,478,0,0,0,
2021-06-15,4168,57,56,8811,23617,0,1,9,8810,0,8,0,
2021-06-15,4171,233,178,2000,10147,0,0,0,1946,1,0,0,X
2021-06-15,4173,598,487,3973,18643,94,4,99,3862,0,189,0,
2021-06-15,4174,56,35,2424,49819,9,0,15,2403,0,24,0,
2021-06-15,4175,6,5,51,7903,0,0,0,50,0,0,0,
2021-06-15,4205,0,0,6,20175,0,0,0,6,0,0,0,
2021-06-15,4207,52,16,966,40522,0,0,0,930,0,0,0,
2021-06-15,4303,6,4,1338,17500,0,0,0,1336,0,0,0,
2021-06-15,4304,0,0,0,0,0,0,0,0,0,0,0,11OX   C
2021-06-15,4305,0,0,5,13753,0,0,0,5,0,0,0,11     C
2021-06-15,4401,34,24,1517,30071,0,0,1,1507,0,1,0,
2021-06-15,4406,32,33,1419,12978,2,0,1,1420,0,3,0,11    B
2021-06-15,4413,0,0,100,0,0,0,0,100,0,0,0,11OX  B
2021-06-15,4416,0,0,114,15098,0,0,2,114,0,2,0,11    BC
2021-06-15,4417,0,20,467,20992,0,0,0,487,0,0,0,
2021-06-15,4420,3,1,1413,10113,0,0,0,1411,0,0,0,
2021-06-15,4429,2,2,14,8587,0,0,0,14,0,0,0,11     C
2021-06-15,4430,0,0,661,14068,0,0,0,661,0,0,0,
2021-06-15,4432,0,1,807,12647,0,0,4,808,0,4,0,
2021-06-15,4433,5,1,707,11701,0,0,6,703,0,6,0,
2021-06-15,4502,20,4,1202,12687,0,0,7,1186,0,7,0,
2021-06-15,4503,0,0,801,9815,0,0,0,801,0,0,0,
2021-06-15,4506,0,0,10,44253,0,0,0,10,0,0,0,
2021-06-15,4510,0,20,1240,27002,0,0,0,1260,0,0,0,
2021-06-15,4513,5,6,2304,19220,0,0,1,2305,0,1,0,
2021-06-15,4523,6,0,10744,16000,2,0,25,10738,0,27,0,
2021-06-15,4527,0,0,12,19038,0,0,0,12,0,0,0,
2021-06-15,4528,3,1,579,19128,0,0,0,577,0,0,0,
2021-06-15,4529,0,11,70,0,0,0,0,81,0,0,0,OX
2021-06-15,4530,0,0,0,0,0,0,0,0,0,0,0,OX
2021-06-15,4533,6,21,3111,39608,0,0,1,3126,0,1,0,
2021-06-15,4534,120,36,4720,22298,0,0,0,4636,0,0,0,
2021-06-15,4535,0,0,57,18915,0,0,0,57,0,0,0,11     C
2021-06-15,4538,1,0,3,12614,0,0,0,2,0,0,0,11    BC
2021-06-15,4541,6,1,555,16911,5,0,0,550,0,5,0,
2021-06-15,4543,0,0,448,14242,0,0,0,448,0,0,0,
2021-06-15,4549,5,3,117,10595,0,0,0,115,0,0,0,
2021-06-15,4550,9,12,216,9459,0,0,0,219,0,0,0,
2021-06-15,4556,0,0,80,10471,0,0,0,80,0,0,0,11     C
2021-06-15,4561,0,0,630,14630,0,0,0,630,0,0,0,
2021-06-15,4563,2,1,175,13737,0,0,0,174,0,0,0,
2021-06-15,4568,0,0,337,7569,0,0,3,337,0,3,0,11     C
2021-06-15,4580,1,0,100,9783,0,0,0,99,0,0,0,
2021-06-15,4609,0,0,0,0,0,0,0,0,0,0,0,11OX   C
2021-06-15,4702,4,39,1716,18083,0,0,0,1751,0,0,0,
2021-06-15,4706,0,0,235,19757,0,0,0,235,0,0,0,
2021-06-15,4707,29,74,7506,75582,1,0,20,7551,0,21,0,
2021-06-15,4711,2,13,186,15264,0,0,0,197,0,0,0,
2021-06-15,4712,0,0,0,0,0,0,0,0,0,0,0,11OX   C
2021-06-15,4714,674,488,6199,29098,0,35,289,6013,0,254,0,
2021-06-15,4716,7,29,11743,18792,2,0,15,11765,0,17,0,
2021-06-15,4721,38,25,2500,18746,0,0,4,2487,0,4,0,
2021-06-15,4728,1,8,4105,13615,0,0,0,4112,0,0,0,
2021-06-15,4735,21,24,1769,9444,4,1,29,1772,0,32,0,
2021-06-15,4736,398,510,5024,23041,49,10,224,5140,4,294,31,
2021-06-15,4741,10,0,98,8210,0,0,0,88,0,0,0,
2021-06-15,4744,0,0,2672,11799,0,0,0,2672,0,0,0,
2021-06-15,4745,7,4,1209,19362,0,0,0,1206,0,0,0,
2021-06-15,4747,0,0,170,7504,0,0,0,170,0,0,0,11     C
2021-06-15,4760,102,45,2411,8017,0,4,4,2355,1,0,0,
2021-06-15,4803,0,1,3420,0,0,0,1032,3421,0,1032,0,OX
2021-06-15,4804,0,0,3301,8646,0,0,0,3303,2,0,0,
2021-06-15,4806,0,0,0,0,0,0,0,0,0,0,0,11OX   C
2021-06-15,4903,0,0,0,0,0,0,0,0,0,0,0,OX
2021-06-15,4905,0,0,84,8160,0,0,0,84,0,0,0,11     C
2021-06-15,4907,0,0,472,29536,0,0,0,472,0,0,0,11     C
2021-06-15,4908,35,98,3635,19554,18,0,1,3706,8,19,0,
2021-06-15,4909,33,55,3150,23339,2,0,18,3172,0,20,0,
2021-06-15,4924,0,0,0,0,0,0,0,0,0,0,0,11OX  BC
2021-06-15,4931,0,1,888,15738,0,0,0,899,10,0,0,
2021-06-15,4933,13,16,1923,19950,0,0,4,1926,0,4,0,
2021-06-15,4939,500,285,3507,24550,2,0,5,3294,2,7,0,
2021-06-15,4944,0,0,0,0,0,0,0,0,0,0,0,OX
2021-06-15,4945,1,1,35,7516,0,0,0,35,0,0,0,
2021-06-15,4953,9,14,1960,16677,1,0,1,1965,0,2,0,
2021-06-15,4966,3,21,724,20217,0,0,57,742,0,57,0,
2021-06-15,4971,18,48,2409,9129,0,0,2,2439,0,2,0,
2021-06-15,4972,18,0,492,9990,0,0,0,474,0,0,0,
2021-06-15,4973,618,226,3167,15876,2,11,17,2775,0,8,0,
2021-06-15,4974,11,22,677,18125,0,0,1,688,0,1,0,
2021-06-15,4979,86,56,4455,25245,79,10,148,4426,1,217,0,
2021-06-15,4991,14,28,3414,22955,0,56,100,3436,8,44,0,
2021-06-15,4995,2,3,4707,10459,0,0,0,4708,0,0,0,11     C
2021-06-15,5009,99,314,7219,116683,2,2,213,7434,0,213,0,
2021-06-15,5011,63,62,4375,18991,0,4,19,4374,0,15,0,11    B
2021-06-15,5013,0,0,126,33354,0,0,0,126,0,0,0,
2021-06-15,5014,47,259,7432,41333,2,5,101,7644,0,98,0,
2021-06-15,5015,0,5,11,15159,0,0,0,16,0,0,0,
2021-06-15,5016,0,7,152,12405,0,0,0,159,0,0,0,
2021-06-15,5102,0,3,124,16021,0,0,0,127,0,0,0,
2021-06-15,5201,23,10,2549,7668,0,0,0,2536,0,0,0,
2021-06-15,5202,0,0,0,0,0,0,0,0,0,0,0,OX
2021-06-15,5206,0,130,459,38981,0,0,0,589,0,0,0,
2021-06-15,5210,0,0,3,0,0,0,0,3,0,0,0,OX
2021-06-15,5211,12,1,469,8006,0,0,0,458,0,0,0,
2021-06-15,5212,1,1,142,8658,0,0,0,142,0,0,0,11     C
2021-06-15,5213,3,63,1696,86739,0,0,0,1756,0,0,0,
2021-06-15,5220,1,12,1236,9916,0,0,0,1247,0,0,0,
2021-06-15,5223,26,17,2104,11137,2,0,7,2095,0,9,0,
2021-06-15,5230,33,32,2713,11738,0,0,0,2712,0,0,0,
2021-06-15,5245,11,1,1651,11247,0,0,6,1641,0,6,0,
2021-06-15,5251,1,5,473,7064,0,0,0,477,0,0,0,
2021-06-15,5263,26,23,2593,14207,10,2,151,2590,0,160,1,
2021-06-15,5272,193,375,2480,14106,31,0,63,2662,0,94,0,
2021-06-15,5274,13,4,139,8578,0,0,0,130,0,0,0,X
2021-06-15,5281,0,0,597,9252,0,0,0,597,0,0,0,11     C
2021-06-15,5287,0,1,116,10734,0,0,1,117,0,2,1,
2021-06-15,5289,49,36,1453,20614,0,0,0,1440,0,0,0,
2021-06-15,5291,337,557,5607,9779,2,10,70,5827,0,62,0,
2021-06-15,5299,123,93,2409,8868,0,1,38,2379,0,37,0,
2021-06-15,5301,0,0,0,0,0,0,0,0,0,0,0,OX
2021-06-15,5302,0,0,0,0,0,0,0,0,0,0,0,11OX A
2021-06-15,5306,25,6,376,31500,0,0,26,357,0,26,0,
2021-06-15,5309,0,0,0,0,0,0,0,0,0,0,0,OX
2021-06-15,5310,0,0,0,0,0,0,0,0,0,0,0,OX
2021-06-15,5312,20,0,75,15014,0,0,0,55,0,0,0,
2021-06-15,5314,0,0,0,0,0,0,0,0,0,0,0,OX
2021-06-15,5315,5,6,3663,26587,0,0,29,4064,400,29,0,
2021-06-15,5321,1,1,2260,8050,0,0,0,2260,0,0,0,
2021-06-15,5324,0,0,0,0,0,0,0,0,0,0,0,OX
2021-06-15,5328,31,28,487,43177,0,0,0,484,0,0,0,
2021-06-15,5340,0,0,0,0,0,0,0,0,0,0,0,OX
2021-06-15,5344,0,0,0,0,0,0,0,0,0,0,0,OX
2021-06-15,5345,0,0,0,0,0,0,0,0,0,0,0,11OX   C
2021-06-15,5347,460,958,2504,409745,19,31,159,3002,0,147,0,
2021-06-15,5351,270,563,11525,66926,49,4,193,11818,0,238,0,
2021-06-15,5353,1,2,628,18750,0,0,0,629,0,0,0,
2021-06-15,5355,0,0,0,0,0,0,0,0,0,0,0,OX
2021-06-15,5356,40,1,1583,25760,0,0,60,1544,0,60,0,
2021-06-15,5371,114,159,1747,97745,3,1,55,1792,0,59,2,
2021-06-15,5381,0,0,0,0,0,0,0,0,0,0,0,OX
2021-06-15,5383,0,0,0,0,0,0,0,0,0,0,0,OX
2021-06-15,5386,25,40,1084,5899,2,2,113,1099,0,113,0,
2021-06-15,5392,27,305,5241,42490,4,0,4,5520,1,8,0,
2021-06-15,5398,0,0,808,8262,1,0,0,808,0,1,0,11     C
2021-06-15,5403,4,30,388,15657,0,0,0,414,0,0,0,
2021-06-15,5410,0,0,407,21826,0,0,0,407,0,0,0,
2021-06-15,5425,626,701,7780,64586,22,19,110,7855,0,113,0,
2021-06-15,5426,12,0,844,35950,0,0,0,832,0,0,0,
2021-06-15,5432,0,0,1057,5171,0,0,0,1057,0,0,0,11     C
2021-06-15,5438,20,2,663,28134,0,0,0,645,0,0,0,
2021-06-15,5439,263,144,6035,21493,2,0,11,5916,0,13,0,
2021-06-15,5443,998,1046,9127,41284,1,32,126,9175,0,95,0,
2021-06-15,5450,0,0,340,12598,0,0,0,341,1,0,0,
2021-06-15,5452,276,167,6114,37190,0,0,78,6005,0,78,0,
2021-06-15,5455,0,0,0,0,0,0,0,0,0,0,0,OX
2021-06-15,5457,68,26,7145,42327,3,0,122,7103,0,125,0,
2021-06-15,5460,56,0,1897,15306,0,0,0,1841,0,0,0,
2021-06-15,5464,72,11,2931,17767,0,0,0,2870,0,0,0,
2021-06-15,5465,32,16,3769,22838,0,0,15,3753,0,15,0,
2021-06-15,5468,0,0,0,0,0,0,0,0,0,0,0,OX
2021-06-15,5474,8,16,1620,8432,0,0,17,1628,0,17,0,
2021-06-15,5475,0,0,0,0,0,0,0,0,0,0,0,62OX A  D
2021-06-15,5478,22,35,1300,31868,0,0,3,1316,3,3,0,
2021-06-15,5481,4,16,4527,18350,2,0,0,4539,0,2,0,
2021-06-15,5483,556,605,12079,146555,18,7,496,12128,0,508,1,
2021-06-15,5487,2,1,286,5964,0,0,0,285,0,0,0,
2021-06-15,5488,0,0,0,0,0,0,0,0,0,0,0,OX
2021-06-15,5489,0,12,242,25676,0,0,0,254,0,0,0,
2021-06-15,5490,12,30,1689,24070,0,0,40,1707,0,40,0,
2021-06-15,5493,14,8,4288,10402,0,0,0,4282,0,0,0,
2021-06-15,5498,112,61,4906,38215,0,0,39,4855,0,39,0,
2021-06-15,5508,0,0,4518,54357,0,0,0,4518,0,0,0,
2021-06-15,5511,1,0,194,28360,0,0,0,193,0,0,0,
2021-06-15,5512,95,86,10030,185998,0,0,4,10021,0,4,0,
2021-06-15,5514,3,0,108,48576,0,0,0,105,0,0,0,11     C
2021-06-15,5516,1,0,1774,9573,0,0,0,1773,0,0,0,11    B
2021-06-15,5520,0,1,5,15078,0,0,0,6,0,0,0,11 X  BC
2021-06-15,5523,59,1,1880,38750,0,0,0,1822,0,0,0,
2021-06-15,5529,0,0,0,0,0,0,0,0,0,0,0,OX
2021-06-15,5530,49,211,2821,99771,17,14,44,2983,0,47,0,
2021-06-15,5536,2,8,324,14296,0,0,3,330,0,3,0,
2021-06-15,5603,1726,1445,5593,19581,0,84,337,5312,0,253,0,
2021-06-15,5604,3,8,141,27195,0,0,10,146,0,10,0,
2021-06-15,5609,1483,2946,5113,31500,0,241,241,6576,0,0,0,
2021-06-15,5701,0,0,0,0,0,0,0,0,0,0,0,OX
2021-06-15,5703,0,0,0,0,0,0,0,0,0,0,0,11OX  BC
2021-06-15,5704,0,3,75,9715,0,0,0,78,0,0,0,11    B
2021-06-15,5820,0,0,270,943113,0,0,0,270,0,0,0,
2021-06-15,5864,363,586,5953,59372,1,1,146,6314,138,146,0,
2021-06-15,5902,13,8,737,10137,0,0,0,732,0,0,0,
2021-06-15,5903,0,0,12,55805,0,0,0,12,0,0,0,
2021-06-15,5904,2,2,63,24421,0,0,0,63,0,0,0,
2021-06-15,5905,78,131,5048,47454,11,1,96,5115,14,106,0,
2021-06-15,6015,3508,2664,18619,82704,0,0,0,17775,0,0,0,
2021-06-15,6016,142,325,15469,148613,21,19,465,15662,10,467,0,
2021-06-15,6020,3,37,524,63088,0,0,0,558,0,0,0,
2021-06-15,6021,0,0,264,77463,0,0,0,264,0,0,0,
2021-06-15,6023,1,0,239,72494,0,0,0,238,0,0,0,
2021-06-15,6026,1582,1280,14946,62311,138,335,874,14918,274,677,0,
2021-06-15,6101,0,0,4633,0,2,0,3,4636,3,5,0,11OX   C
2021-06-15,6103,0,0,0,0,0,0,0,0,0,0,0,11OX A
2021-06-15,6104,40,100,6915,22569,4,1,97,6978,3,100,0,
2021-06-15,6109,0,1,776,14350,0,0,2,777,0,2,0,
2021-06-15,6111,17,30,2024,9032,0,0,26,2037,0,26,0,
2021-06-15,6113,0,0,0,0,0,0,0,0,0,0,0,OX
2021-06-15,6114,13,3,2097,10977,0,2,4,2087,0,2,0,
2021-06-15,6118,40,177,2724,22722,0,0,4,2861,0,4,0,
2021-06-15,6121,13,12,1535,46242,1,1,1,1536,2,1,0,
2021-06-15,6122,5,15,2285,17697,0,0,0,2295,0,0,0,
2021-06-15,6123,0,5,760,14759,0,0,0,765,0,0,0,
2021-06-15,6124,5,2,1024,45619,0,0,0,1021,0,0,0,
2021-06-15,6125,31,15,15206,60502,0,0,61,15190,0,61,0,
2021-06-15,6126,38,6,4532,31709,0,0,8,4500,0,8,0,
2021-06-15,6127,1509,534,7356,27019,4,25,203,6381,0,182,0,
2021-06-15,6129,0,0,351,0,0,0,0,371,20,0,0,OX
2021-06-15,6134,14,0,235,16894,0,0,0,221,0,0,0,
2021-06-15,6138,385,612,4367,18449,3,0,26,4595,1,30,1,
2021-06-15,6140,11,26,3908,9591,0,1,3,3925,2,2,0,
2021-06-15,6143,49,24,5347,20751,0,0,3,5322,0,3,0,
2021-06-15,6144,0,0,28,4147,0,0,0,28,0,0,0,
2021-06-15,6146,2,3,128,23099,0,0,0,129,0,0,0,
2021-06-15,6147,191,275,8698,167880,2,1,103,8782,0,104,0,
2021-06-15,6148,5,1,1178,11750,0,0,0,1174,0,0,0,
2021-06-15,6150,456,482,4649,11220,18,50,286,4675,0,254,0,11   A C
2021-06-15,6151,60,74,1457,13814,5,0,23,1491,20,28,0,
2021-06-15,6154,110,92,900,20020,3,0,4,882,0,7,0,
2021-06-15,6156,1,9,2276,20133,94,0,7,2284,0,101,0,
2021-06-15,6158,3,0,2151,13412,0,0,1,2148,0,1,0,
2021-06-15,6160,439,513,2004,17122,8,34,62,2078,0,36,0,
2021-06-15,6161,9,74,1652,18745,0,0,0,1717,0,0,0,
2021-06-15,6163,19,75,4208,25870,7,0,799,4374,110,806,0,
2021-06-15,6167,0,0,0,0,0,0,0,0,0,0,0,OX
2021-06-15,6170,31,10,4062,22417,2,0,2,4041,0,4,0,
2021-06-15,6171,0,14,748,18837,0,0,0,762,0,0,0,
2021-06-15,6173,248,336,6726,43000,1,2,62,6827,13,61,0,
2021-06-15,6174,13,13,637,12500,0,0,0,637,0,0,0,
2021-06-15,6175,836,543,3851,35516,3,58,88,3558,0,33,0,
2021-06-15,6179,4,13,3166,18536,0,0,36,3245,70,36,0,
2021-06-15,6180,50,70,4960,43873,1,0,25,4980,0,26,0,
2021-06-15,6182,2760,2123,41391,127724,127,100,713,40755,1,741,1,
2021-06-15,6185,27,0,1424,37466,0,0,0,1397,0,0,0,
2021-06-15,6186,17,21,1192,32508,0,0,0,1196,0,0,0,
2021-06-15,6187,344,156,5345,20830,0,8,198,5157,0,190,0,
2021-06-15,6188,184,309,11622,69589,4,20,63,11747,0,47,0,
2021-06-15,6190,133,135,5183,35092,0,0,2,5185,0,2,0,
2021-06-15,6194,5,6,803,15000,0,0,0,804,0,0,0,
2021-06-15,6195,63,0,464,12221,0,0,54,401,0,54,0,
2021-06-15,6203,167,104,3231,19988,0,0,8,3168,0,8,0,
2021-06-15,6204,7,1,1014,5775,0,0,9,1008,0,9,0,
2021-06-15,6207,23,34,2226,20968,0,1,14,2237,0,13,0,
2021-06-15,6208,32,20,2212,29218,0,0,55,2200,0,55,0,
2021-06-15,6210,0,1,241,8762,0,0,0,242,0,0,0,
2021-06-15,6212,0,0,10,25500,0,0,0,10,0,0,0,11    B
2021-06-15,6217,38,71,2710,16469,0,0,1,2743,0,1,0,
2021-06-15,6218,3,6,2059,16065,0,0,0,2062,0,0,0,
2021-06-15,6219,108,28,13512,38504,67,0,322,13432,0,389,0,
2021-06-15,6220,23,2,2950,32993,0,0,33,2935,6,33,0,
2021-06-15,6221,15,21,3031,12758,0,0,4,3037,0,4,0,
2021-06-15,6222,0,0,0,0,0,0,0,0,0,0,0,OX
2021-06-15,6223,2713,1991,8739,23240,29,96,374,8017,0,307,0,
2021-06-15,6227,12,9,1943,19027,0,0,4,1940,0,4,0,
2021-06-15,6228,0,0,0,0,0,0,0,0,0,0,0,OX
2021-06-15,6229,86,177,3118,8910,0,0,37,3209,0,37,0,
2021-06-15,6231,2,23,1791,9510,0,0,13,1812,0,13,0,
2021-06-15,6233,123,251,9678,19902,2,5,584,9806,0,581,0,
2021-06-15,6234,84,81,3660,25096,5,0,4,3658,1,9,0,
2021-06-15,6237,733,619,8235,19969,23,8,322,8121,0,337,0,11     C
2021-06-15,6240,0,4,422,5716,0,0,0,426,0,0,0,
2021-06-15,6241,0,0,0,0,0,0,0,0,0,0,0,OX
2021-06-15,6244,0,0,0,0,0,0,0,0,0,0,0,OX
2021-06-15,6245,7,28,3969,29501,2,0,5,4004,14,7,0,
2021-06-15,6246,29,22,628,3675,0,0,0,621,0,0,0,
2021-06-15,6248,8,3,428,7668,0,0,0,423,0,0,0,
2021-06-15,6261,479,490,9358,32124,2,1,196,9369,0,197,0,
2021-06-15,6263,1,1,127,15625,0,0,0,127,0,0,0,
2021-06-15,6264,0,0,0,0,0,0,0,0,0,0,0,OX
2021-06-15,6265,219,120,4720,29543,22,40,53,4621,0,35,0,
2021-06-15,6266,5,1,1027,24736,0,0,6,1023,0,6,0,
2021-06-15,6270,0,6,1074,18036,0,0,0,1080,0,0,0,
2021-06-15,6274,653,648,4003,67011,20,5,52,3998,0,67,0,
2021-06-15,6275,99,10,2657,17446,1,0,0,2568,0,1,0,X
2021-06-15,6276,14,37,908,4408,0,0,0,931,0,0,0,
2021-06-15,6279,22,26,2046,24913,0,0,8,2050,0,8,0,
2021-06-15,6284,193,112,4199,24357,3,4,96,4120,2,95,0,
2021-06-15,6287,0,0,0,0,0,0,0,0,0,0,0,OX
2021-06-15,6290,58,48,6899,36941,1,0,32,6890,1,33,0,
2021-06-15,6291,0,0,0,0,0,0,0,0,0,0,0,OX
2021-06-15,6292,5,2,168,11725,0,0,0,165,0,0,0,
2021-06-15,6294,1,0,62,5850,0,0,0,61,0,0,0,
2021-06-15,6404,0,0,0,0,0,0,0,0,0,0,0,OX
2021-06-15,6411,163,305,9517,22779,0,6,87,9659,0,81,0,
2021-06-15,6417,11,1,3141,8903,0,0,0,3131,0,0,0,11    BC
2021-06-15,6418,0,1,441,8630,0,0,0,442,0,0,0,
2021-06-15,6425,11,11,860,10900,0,0,0,860,0,0,0,
2021-06-15,6435,29,29,1862,8328,0,0,5,1862,0,5,0,
2021-06-15,6441,19,50,4165,9644,17,0,91,4216,20,108,0,
2021-06-15,6461,17,0,498,25173,0,0,0,481,0,0,0,
2021-06-15,6462,12,21,6420,17843,3,17,654,6432,3,640,0,
2021-06-15,6465,0,0,17,0,0,0,0,17,0,0,0,OX
2021-06-15,6469,57,49,1405,13500,0,0,4,1400,3,4,0,
2021-06-15,6470,11,2,2212,8173,5,0,33,2216,13,38,0,
2021-06-15,6472,2,17,1594,13528,0,0,12,1609,0,12,0,61      D
2021-06-15,6485,908,918,5937,10110,38,113,828,5947,0,758,5,62     CD
2021-06-15,6486,2,1,649,9687,0,0,42,648,0,42,0,
2021-06-15,6488,114,44,2110,109312,8,3,172,2041,1,177,0,
2021-06-15,6494,447,594,3206,7889,18,6,378,3355,2,392,2,11     C
2021-06-15,6496,0,1,113,11666,0,0,0,114,0,0,0,
2021-06-15,6506,3,0,364,20590,0,0,0,361,0,0,0,
2021-06-15,6508,2,0,70,21324,0,0,0,68,0,0,0,
2021-06-15,6509,2398,2225,10882,43301,61,82,158,10709,0,137,0,
2021-06-15,6510,24,12,1277,8197,0,0,16,1265,0,16,0,
2021-06-15,6514,0,2,405,7503,0,0,0,407,0,0,0,
2021-06-15,6516,19,11,1469,9647,0,2,14,1461,0,12,0,
2021-06-15,6523,5,7,806,11261,0,0,0,808,0,0,0,
2021-06-15,6530,1,10,632,8437,0,0,0,641,0,0,0,
2021-06-15,6532,9,7,2248,9025,0,0,11,2263,17,11,0,
2021-06-15,6538,19,9,3089,9317,3,1,112,3079,0,114,0,
2021-06-15,6542,8,19,137,7875,0,0,7,148,0,7,0,
2021-06-15,6548,52,54,4872,91032,0,0,0,4874,0,0,0,
2021-06-15,6561,2,2,186,17614,0,0,0,187,1,0,0,
2021-06-15,6570,9,8,64,7521,0,0,0,63,0,0,0,
2021-06-15,6577,0,0,77,9563,0,0,0,77,0,0,0,11     C
2021-06-15,6578,0,1,378,7532,0,0,0,379,0,0,0,
2021-06-15,6596,34,0,75,7500,0,0,0,41,0,0,0,
2021-06-15,6603,59,166,4014,37177,0,0,13,4121,0,13,0,
2021-06-15,6609,4,7,344,18114,0,0,0,347,0,0,0,
2021-06-15,6612,3,5,330,8492,0,0,0,332,0,0,0,
2021-06-15,6613,1,0,81,8482,0,0,0,80,0,0,0,
2021-06-15,6642,5,3,59,7849,0,0,0,57,0,0,0,
2021-06-15,6643,578,555,2492,7829,30,18,102,2470,1,114,0,
2021-06-15,6654,16,0,329,8315,0,0,0,313,0,0,0,11     C
2021-06-15,6664,5,0,372,13750,0,0,0,367,0,0,0,
2021-06-15,6667,11,36,1700,9944,0,0,6,1728,3,6,0,
2021-06-15,6679,187,197,1248,10542,1,7,25,1258,0,19,0,
2021-06-15,6732,139,52,528,12228,4,0,1,441,0,5,0,
2021-06-15,6803,0,0,9,17271,0,0,0,9,0,0,0,
2021-06-15,8024,55,122,3072,11290,44,10,84,3139,0,118,0,
2021-06-15,8027,97,26,12080,22568,17,0,39,12009,0,56,0,
2021-06-15,8032,5,0,106,12952,0,0,0,101,0,0,0,11     C
2021-06-15,8034,71,6,2762,15718,2,0,8,2697,0,10,0,
2021-06-15,8040,0,4,592,0,0,0,0,596,0,0,0,OX
2021-06-15,8042,36,21,982,31422,1,0,19,967,0,20,0,
2021-06-15,8043,71,109,1866,19976,1,0,1,1906,2,2,0,
2021-06-15,8044,381,483,7337,29564,167,28,274,7439,0,413,0,
2021-06-15,8047,7,7,782,10416,0,0,0,782,0,0,0,
2021-06-15,8048,0,0,939,13221,0,0,0,939,0,0,0,
2021-06-15,8049,12,5,1328,29569,0,0,1,1321,0,1,0,
2021-06-15,8050,134,77,1087,44274,0,0,15,1030,0,15,0,
2021-06-15,8054,694,679,8170,17655,51,19,189,8155,0,221,0,
2021-06-15,8059,0,2,4141,21529,0,0,0,4143,0,0,0,
2021-06-15,8064,40,121,4617,41204,0,2,14,4698,0,12,0,
2021-06-15,8066,2,1,178,7499,0,0,0,177,0,0,0,
2021-06-15,8068,0,0,0,0,0,0,0,0,0,0,0,11OX   C
2021-06-15,8069,1566,1370,24094,270116,38,146,828,23970,72,720,0,
2021-06-15,8071,76,87,1896,12963,0,0,0,1907,0,0,0,
2021-06-15,8074,19,50,1986,21781,0,0,0,2017,0,0,0,
2021-06-15,8076,475,364,6388,69382,4,3,15,6277,0,16,0,
2021-06-15,8080,0,0,0,0,0,0,0,0,0,0,0,11OX        !
2021-06-15,8083,2,0,98,8783,0,0,0,96,0,0,0,
2021-06-15,8085,0,0,0,0,0,0,0,0,0,0,0,OX
2021-06-15,8086,314,723,7921,38679,21,37,1653,8330,0,1640,3,
2021-06-15,8088,68,103,3849,15230,0,1,20,3884,0,19,0,
2021-06-15,8089,3,0,221,13686,0,0,0,218,0,0,0,
2021-06-15,8091,5,3,976,11362,0,0,4,974,0,4,0,
2021-06-15,8093,0,0,0,0,0,0,0,0,0,0,0,OX
2021-06-15,8096,1477,766,4967,35604,2,183,197,4256,0,16,0,
2021-06-15,8097,38,66,2859,6668,0,0,4,2887,0,4,0,
2021-06-15,8099,8,5,8307,22140,3,1,29,8304,0,31,0,
2021-06-15,8107,0,11,2529,18750,0,5,45,2540,0,40,0,
2021-06-15,8109,0,0,154,18152,0,0,0,154,0,0,0,
2021-06-15,8111,157,85,3295,27275,0,0,4,3223,0,4,0,
2021-06-15,8121,0,0,0,0,0,0,0,0,0,0,0,OX
2021-06-15,8147,4,0,246,6904,0,0,0,242,0,0,0,11     C
2021-06-15,8155,281,58,2802,12439,1,0,12,2579,0,13,0,
2021-06-15,8171,51,22,10863,14680,34,54,381,10834,0,361,0,
2021-06-15,8176,0,0,548,0,0,0,0,548,0,0,0,OX
2021-06-15,8182,2800,1096,5143,26760,14,40,44,3439,0,18,0,
2021-06-15,8183,184,168,5590,30312,5,0,51,5574,0,56,0,
2021-06-15,8234,0,2,874,35306,0,0,0,876,0,0,0,
2021-06-15,8240,80,5,1547,25001,0,0,2,1472,0,2,0,
2021-06-15,8255,31,31,2549,22870,0,0,4,2549,0,4,0,
2021-06-15,8277,0,0,0,0,0,0,0,0,0,0,0,11OX A
2021-06-15,8284,0,0,73,11585,0,0,0,73,0,0,0,11     C
2021-06-15,8289,125,423,1877,17083,0,4,13,2175,0,9,0,
2021-06-15,8299,319,353,6024,49268,7,5,186,6058,0,188,0,
2021-06-15,8342,0,0,37,8384,0,0,0,37,0,0,0,
2021-06-15,8349,8,7,1219,29744,0,0,57,1218,0,57,0,
2021-06-15,8354,11,54,463,19633,0,0,0,506,0,0,0,11     C
2021-06-15,8358,2768,3894,13502,63147,60,96,726,14628,0,690,0,
2021-06-15,8383,2,2,1180,29548,5,0,11,1180,0,16,0,
2021-06-15,8390,127,140,4808,25270,9,20,73,4821,0,62,0,
2021-06-15,8401,1,10,2201,15010,0,0,0,2210,0,0,0,
2021-06-15,8403,44,16,3884,27220,0,0,4,3856,0,4,0,
2021-06-15,8406,700,257,1852,24268,0,5,9,1409,0,4,0,
2021-06-15,8410,7,0,788,9147,0,0,1,781,0,1,0,
2021-06-15,8415,57,63,4970,257875,0,0,3,4976,0,3,0,
2021-06-15,8418,6,5,57,16998,0,0,0,56,0,0,0,11    B
2021-06-15,8420,8,2,643,12747,0,0,0,637,0,0,0,11    B
2021-06-15,8421,0,0,19,0,0,0,0,19,0,0,0,OX
2021-06-15,8424,0,1,3,9013,0,0,0,4,0,0,0,
2021-06-15,8426,23,2,1533,12560,0,0,0,1512,0,0,0,
2021-06-15,8431,38,89,4412,11113,2,1,6,4463,0,7,0,
2021-06-15,8432,18,7,741,9599,0,0,0,734,4,0,0,
2021-06-15,8433,0,9,179,13020,0,0,0,188,0,0,0,11     C
2021-06-15,8435,2,1,87,7925,0,0,0,86,0,0,0,
2021-06-15,8436,92,86,3846,29560,4,1,18,3840,0,21,0,
2021-06-15,8437,0,1,28,11962,0,0,0,29,0,0,0,11     C
2021-06-15,8440,3,0,1146,9500,0,0,0,1143,0,0,0,
2021-06-15,8444,0,4,1111,21191,0,0,2,1115,0,2,0,11    BC
2021-06-15,8446,3,0,708,13228,0,0,0,705,0,0,0,
2021-06-15,8450,3,4,1409,12827,0,0,6,1410,0,6,0,
2021-06-15,8476,0,0,0,0,0,0,0,0,0,0,0,OX
2021-06-15,8489,17,5,1216,9438,10,0,17,1204,0,27,0,
2021-06-15,8905,428,296,2901,29860,3,1,134,2769,0,137,1,
2021-06-15,8906,0,0,216,8509,0,0,0,216,0,0,0,11     C
2021-06-15,8908,0,0,16,50019,0,0,0,16,0,0,0,
2021-06-15,8916,1,5,266,32807,0,0,0,270,0,0,0,
2021-06-15,8917,0,0,1,33605,0,0,0,1,0,0,0,11    BC
2021-06-15,8923,0,0,8,7593,0,0,0,8,0,0,0,11     C
2021-06-15,8924,487,409,4944,20950,66,3,106,4867,1,170,1,X
2021-06-15,8927,137,52,3349,49491,1,1,2974,3264,0,2974,0,*
2021-06-15,8928,73,32,826,12713,0,0,2,785,0,2,0,
2021-06-15,8929,23,21,703,12645,0,0,1,701,0,1,0,
2021-06-15,8930,0,0,2069,20444,0,0,0,2069,0,0,0,
2021-06-15,8931,3,0,2103,30563,0,0,0,2100,0,0,0,
2021-06-15,8933,0,0,0,0,0,0,0,0,0,0,0,OX
2021-06-15,8935,0,0,0,0,0,0,0,0,0,0,0,OX
2021-06-15,8936,87,186,21349,62019,6,0,137,21448,0,143,0,
2021-06-15,8937,0,1,1051,18119,0,0,0,1052,0,0,0,11     C
2021-06-15,8938,1039,774,3281,33828,39,0,161,3017,1,200,0,
2021-06-15,8941,0,0,344,3823,0,0,0,344,0,0,0,11     C
2021-06-15,8942,128,38,1368,41460,0,0,1,1278,0,1,0,
2021-06-15,9949,0,4,3741,11758,0,0,0,3745,0,0,0,
2021-06-15,9950,0,0,0,0,0,0,0,0,0,0,0,OX
2021-06-15,9951,10,3,1252,18725,0,0,0,1245,0,0,0,
2021-06-15,9960,5,54,2548,8398,0,0,0,2597,0,0,0,11    B
2021-06-15,9962,0,1,725,22555,0,0,0,726,0,0,0,
