date,stock_id,m_buy,m_sell,m_balance,m_limit,s_buy,s_sell,s_balance,m_prev,m_ret,s_prev,s_ret,note
2024-04-29,006201,0,0,85,3861,0,0,0,85,0,0,0,
2024-04-29,00679B,51,86,16044,1749923,4,0,0,16079,0,4,0,
2024-04-29,00687B,396,118,21161,1254446,5,1,1136,20883,0,1140,0,
2024-04-29,00694B,0,0,0,48894,0,0,0,0,0,0,0,
2024-04-29,00695B,0,0,1,8546,0,0,0,1,0,0,0,
2024-04-29,00696B,7,2,543,286170,0,0,0,538,0,0,0,
2024-04-29,00697B,0,0,59,7553,0,0,0,59,0,0,0,
2024-04-29,00718B,0,0,0,120875,0,0,0,0,0,0,0,X
2024-04-29,00719B,0,0,66,96628,0,0,0,66,0,0,0,
2024-04-29,00720B,38,43,9464,1009402,0,0,0,9479,10,0,0,
2024-04-29,00721B,0,0,0,1155,0,0,0,0,0,0,0,X
2024-04-29,00722B,0,0,281,357934,0,0,0,281,0,0,0,
2024-04-29,00723B,0,0,2,359770,0,0,0,2,0,0,0,
2024-04-29,00724B,0,0,54,742943,0,0,0,54,0,0,0,
2024-04-29,00725B,4,689,483,658926,0,0,0,1168,0,0,0,
2024-04-29,00726B,0,0,20,289997,0,0,0,20,0,0,0,
2024-04-29,00727B,0,0,0,24047,0,0,0,0,0,0,0,X
2024-04-29,00734B,10,0,15,8494,0,0,0,5,0,0,0,
2024-04-29,00740B,328,426,526,310117,0,0,14,624,0,14,0,
2024-04-29,00741B,0,0,0,2907,0,0,0,0,0,0,0,X
2024-04-29,00746B,0,0,19,599866,0,0,0,19,0,0,0,
2024-04-29,00749B,0,0,0,238000,0,0,0,0,0,0,0,X
2024-04-29,00750B,0,0,0,31500,0,0,0,0,0,0,0,X
2024-04-29,00751B,3,38,5139,1096400,1,0,0,5174,0,1,0,
2024-04-29,00754B,0,0,2,248975,0,0,0,2,0,0,0,
2024-04-29,00755B,0,0,0,44932,0,0,0,0,0,0,0,X
2024-04-29,00756B,0,2,92,299450,0,0,0,94,0,0,0,
2024-04-29,00758B,0,0,0,1381,0,0,0,0,0,0,0,X
2024-04-29,00759B,0,0,0,11881,0,0,0,0,0,0,0,X
2024-04-29,00760B,0,0,12,100380,0,0,0,12,0,0,0,
2024-04-29,00761B,0,0,44,628647,0,0,0,44,0,0,0,
2024-04-29,00764B,0,27,1069,294625,0,0,0,1096,0,0,0,
2024-04-29,00768B,0,0,2,100400,0,0,0,2,0,0,0,
2024-04-29,00772B,22,3,3036,941822,0,0,1,3017,0,1,0,
2024-04-29,00773B,2,6,423,595572,0,0,0,427,0,0,0,
2024-04-29,00777B,0,0,0,384037,0,0,0,0,0,0,0,X
2024-04-29,00778B,0,0,0,349412,0,0,0,0,0,0,0,X
2024-04-29,00779B,0,0,2,240037,0,0,0,2,0,0,0,
2024-04-29,00780B,0,0,0,70025,0,0,0,0,0,0,0,X
2024-04-29,00781B,0,0,1,1459,0,0,0,1,0,0,0,
2024-04-29,00782B,0,0,53,5866,0,0,0,53,0,0,0,
2024-04-29,00784B,0,0,0,748,0,0,0,0,0,0,0,X
2024-04-29,00785B,0,0,0,219491,0,0,0,0,0,0,0,X
2024-04-29,00786B,0,0,241,8891,0,0,0,241,0,0,0,
2024-04-29,00787B,0,0,267,3826,0,0,0,267,0,0,0,
2024-04-29,00788B,0,105,407,8801,0,0,0,512,0,0,0,
2024-04-29,00789B,0,0,0,60775,0,0,0,0,0,0,0,X
2024-04-29,00790B,0,0,0,525,0,0,0,0,0,0,0,X
2024-04-29,00791B,0,0,0,63400,0,0,0,0,0,0,0,X
2024-04-29,00792B,0,0,0,389653,0,0,0,0,0,0,0,X
2024-04-29,00793B,0,0,0,1131,0,0,0,0,0,0,0,X
2024-04-29,00794B,0,0,0,10546,0,0,0,0,0,0,0,X
2024-04-29,00795B,0,321,6207,368899,0,0,1,6528,0,1,0,
2024-04-29,00799B,0,0,14,2134,0,0,0,14,0,0,0,
2024-04-29,00831B,0,0,0,25,0,0,0,0,0,0,0,X
2024-04-29,00834B,0,0,0,5049,0,0,0,0,0,0,0,X
2024-04-29,00836B,0,0,8,90510,0,0,0,8,0,0,0,
2024-04-29,00840B,0,0,0,14982,0,0,0,0,0,0,0,X
2024-04-29,00841B,0,0,1,20235,0,0,0,1,0,0,0,
2024-04-29,00842B,0,0,0,2441,0,0,0,0,0,0,0,X
2024-04-29,00844B,0,0,2,44168,0,0,0,2,0,0,0,
2024-04-29,00845B,0,0,0,50387,0,0,0,0,0,0,0,X
2024-04-29,00846B,0,0,0,18462,0,0,0,0,0,0,0,X
2024-04-29,00847B,0,0,0,2826,0,0,0,0,0,0,0,X
2024-04-29,00848B,0,0,0,51641,0,0,0,0,0,0,0,X
2024-04-29,00849B,0,0,0,132526,0,0,0,0,0,0,0,X
2024-04-29,00853B,0,0,98,15908,0,0,0,98,0,0,0,
2024-04-29,00856B,0,0,0,2073,0,0,0,0,0,0,0,X
2024-04-29,00857B,85,70,2559,161692,0,0,3,2544,0,3,0,
2024-04-29,00858,0,0,2,5218,0,0,0,2,0,0,0,
2024-04-29,00859B,0,0,4,1127,0,0,0,4,0,0,0,
2024-04-29,00860B,0,0,0,1167,0,0,0,0,0,0,0,X
2024-04-29,00862B,0,0,16,161345,0,0,0,16,0,0,0,
2024-04-29,00863B,0,0,0,120491,0,0,0,0,0,0,0,X
2024-04-29,00864B,0,0,10,28805,0,0,0,10,0,0,0,
2024-04-29,00867B,0,0,0,178662,0,0,0,0,0,0,0,X
2024-04-29,00870B,0,0,0,131037,0,0,0,0,0,0,0,X
2024-04-29,00877,532,135,2664,111697,0,18,94,2267,0,76,0,
2024-04-29,00883B,0,0,0,2439,0,0,0,0,0,0,0,X
2024-04-29,00884B,0,0,30,17735,0,0,0,30,0,0,0,
2024-04-29,00886,0,0,0,2112,0,0,0,0,0,0,0,X
2024-04-29,00887,42,15,1629,10587,0,0,5,1602,0,5,0,
2024-04-29,00888,1,7,161,127619,0,0,0,167,0,0,0,
2024-04-29,00890B,0,0,3,6066,0,0,0,3,0,0,0,
2024-04-29,00928,0,1,2,6339,0,0,0,3,0,0,0,
2024-04-29,00931B,2,154,7816,505974,0,0,0,7968,0,0,0,
2024-04-29,00933B,20,2,5659,741989,0,0,0,5641,0,0,0,
2024-04-29,00937B,24,473,27707,1949951,0,2,2,28196,40,0,0,
2024-04-29,00942B,0,13,335,116614,0,0,0,348,0,0,0,
2024-04-29,1240,3,2,86,9842,0,0,0,85,0,0,0,
2024-04-29,1259,0,1,36,8097,0,0,0,37,0,0,0,11     C
2024-04-29,1264,0,0,2,9266,0,0,0,2,0,0,0,11     C
2024-04-29,1268,10,9,336,10555,0,0,0,335,0,0,0,
2024-04-29,1336,142,6,2535,19575,0,0,0,2399,0,0,0,
2024-04-29,1565,3,6,1337,12604,0,0,0,1340,0,0,0,
2024-04-29,1569,14,6,4561,30361,0,0,0,4553,0,0,0,
2024-04-29,1570,149,319,5852,12875,0,0,32,6022,0,32,0,11   A
2024-04-29,1580,1,0,405,12557,0,0,0,404,0,0,0,
2024-04-29,1584,48,270,12374,38117,0,2,39,12601,5,37,0,
2024-04-29,1586,42,61,12195,21578,0,0,0,12214,0,0,0,
2024-04-29,1591,26,1,3656,8699,2,1,56,3631,0,57,0,
2024-04-29,1593,0,10,250,9946,0,0,0,260,0,0,0,11     C
2024-04-29,1595,0,0,221,11968,0,0,0,221,0,0,0,11     C
2024-04-29,1599,0,1,757,18632,0,0,0,758,0,0,0,
2024-04-29,1742,189,252,1571,11875,0,0,3,1634,0,3,0,
2024-04-29,1777,0,4,113,11147,0,0,0,117,0,0,0,11     C
2024-04-29,1781,0,0,0,0,0,0,0,0,0,0,0,OX
2024-04-29,1784,127,107,3414,12406,7,0,9,3394,0,16,0,
2024-04-29,1785,203,400,11266,149067,5,264,346,11464,1,87,0,
2024-04-29,1788,0,0,4,11130,0,0,0,4,0,0,0,11     C
2024-04-29,1796,4,3,768,7364,0,0,0,767,0,0,0,
2024-04-29,1799,0,0,0,0,0,0,0,0,0,0,0,OX
2024-04-29,1813,2,0,66,11658,0,0,0,64,0,0,0,
2024-04-29,1815,1400,1397,38239,115231,20,132,582,38237,1,470,0,
2024-04-29,2035,2,0,17,87500,0,0,0,15,0,0,0,11     C
2024-04-29,2061,260,166,1129,11777,28,3,25,1035,0,50,0,
2024-04-29,2063,4,1,222,12400,0,0,3,219,0,3,0,
2024-04-29,2064,3,0,366,17407,0,0,0,363,0,0,0,
2024-04-29,2065,2,11,139,14220,0,0,8,148,0,8,0,
2024-04-29,2066,718,373,3305,10555,13,206,1031,2960,0,838,0,
2024-04-29,2067,0,0,0,0,0,0,0,0,0,0,0,11OX   C
2024-04-29,2070,12,12,1741,8945,0,0,0,1741,0,0,0,
2024-04-29,2221,10,1,362,10581,0,0,0,353,0,0,0,
2024-04-29,2230,68,57,5309,12975,2,1,70,5298,0,71,0,
2024-04-29,2235,0,0,43,8969,0,0,0,43,0,0,0,11     C
2024-04-29,2596,61,49,2835,25000,0,31,32,2823,0,1,0,
2024-04-29,2640,18,10,213,14816,0,0,0,205,0,0,0,
2024-04-29,2641,654,489,11302,74720,4,29,661,11139,2,636,0,
2024-04-29,2643,174,53,750,8750,0,0,0,629,0,0,0,
2024-04-29,2719,0,0,0,0,0,0,0,0,0,0,0,OX
2024-04-29,2724,0,0,0,0,0,0,0,0,0,0,0,OX
2024-04-29,2726,0,0,203,0,0,0,0,203,0,0,0,11OX   C
2024-04-29,2729,35,7,178,8985,0,0,0,150,0,0,0,
2024-04-29,2732,78,17,2299,11628,0,0,1,2246,8,1,0,
2024-04-29,2734,0,0,0,0,0,0,0,0,0,0,0,OX
2024-04-29,2736,327,406,2425,12493,24,24,218,2504,0,218,0,
2024-04-29,2743,752,331,3558,9002,71,41,341,3137,0,371,0,
2024-04-29,2745,0,0,0,8452,0,0,0,0,0,0,0,
2024-04-29,2754,4,0,846,11680,1,0,0,842,0,1,0,
2024-04-29,2755,0,0,96,7535,0,0,0,96,0,0,0,11     C
2024-04-29,2916,7,65,309,13656,0,0,0,367,0,0,0,
2024-04-29,2924,0,0,0,0,0,0,0,0,0,0,0,11OX  BC
2024-04-29,2926,0,0,54,11847,0,0,0,54,0,0,0,11     C
2024-04-29,3064,0,0,0,0,0,0,0,0,0,0,0,OX
2024-04-29,3066,8,21,1198,19392,0,0,2,1211,0,2,0,
2024-04-29,3071,31,18,5359,27500,0,0,275,5346,0,275,0,
2024-04-29,3073,23,2,718,2176,0,0,1,697,0,1,0,11    B
2024-04-29,3078,95,114,9771,56847,22,51,212,9790,0,183,0,
2024-04-29,3081,44,189,9174,22961,8,22,106,9321,2,92,0,
2024-04-29,3083,195,58,2360,21618,3,13,19,2223,0,9,0,
2024-04-29,3085,0,0,0,0,0,0,0,0,0,0,0,11OX A
2024-04-29,3086,69,52,526,4088,0,0,4,509,0,4,0,
2024-04-29,3088,34,27,2151,25505,0,0,8,2144,0,8,0,
2024-04-29,3093,1,14,2479,36288,0,0,0,2492,0,0,0,
2024-04-29,3095,0,0,0,0,0,0,0,0,0,0,0,OX
2024-04-29,3105,520,140,9986,105985,5,12,96,9607,1,89,0,
2024-04-29,3114,0,6,756,16282,0,0,0,762,0,0,0,
2024-04-29,3118,22,18,136,8113,0,0,0,132,0,0,0,
2024-04-29,3122,137,41,2944,10049,2,4,93,2848,0,91,0,
2024-04-29,3128,40,15,3023,10500,0,0,0,2998,0,0,0,
2024-04-29,3141,44,62,6779,18766,1,3,859,6798,1,857,0,
2024-04-29,3147,69,105,2045,9751,1,1,24,2081,0,24,0,
2024-04-29,3152,5,4,669,17254,1,0,0,668,0,1,0,
2024-04-29,3162,33,22,6440,22056,0,0,2,6429,0,2,0,
2024-04-29,3163,1951,1419,9762,20135,29,85,266,9230,0,210,0,11     C
2024-04-29,3169,29,26,2496,12595,0,0,4,2494,1,4,0,
2024-04-29,3171,27,43,834,12825,0,0,0,850,0,0,0,
2024-04-29,3178,103,30,2591,11262,0,0,1,2526,8,1,0,
2024-04-29,3188,385,247,5603,46577,3,23,42,5493,28,22,0,
2024-04-29,3191,0,0,0,0,0,0,0,0,0,0,0,OX
2024-04-29,3202,0,0,0,0,0,0,0,0,0,0,0,OX
2024-04-29,3205,14,5,1413,8136,0,0,2,1404,0,2,0,
2024-04-29,3206,9,14,1359,14729,0,0,1,1364,0,1,0,
2024-04-29,3207,196,190,12187,14130,0,8,94,12191,10,86,0,@
2024-04-29,3211,579,176,2465,37982,0,6,7,2068,6,1,0,
2024-04-29,3213,124,129,2517,14671,0,0,5,2522,0,5,0,
2024-04-29,3217,120,27,3084,22526,1,8,25,2992,1,18,0,
2024-04-29,3218,73,88,1778,21181,0,1,4,1794,1,3,0,
2024-04-29,3219,5,2,228,3794,0,0,0,225,0,0,0,11    B
2024-04-29,3221,23,23,3410,25994,0,0,20,3410,0,20,0,
2024-04-29,3224,115,26,4136,17043,2,7,17,4047,0,12,0,
2024-04-29,3226,2,0,86,16107,0,0,0,84,0,0,0,11     C
2024-04-29,3227,153,23,3599,36707,6,5,63,3469,0,64,0,
2024-04-29,3228,0,0,242,0,0,0,0,243,1,0,0,62OX A  D
2024-04-29,3230,0,0,358,0,0,0,0,358,0,0,0,OX
2024-04-29,3232,1,45,3057,11641,0,0,1,3103,2,1,0,
2024-04-29,3234,0,1,114,0,0,0,0,116,1,0,0,OX
2024-04-29,3236,7,2,1476,26250,0,0,0,1471,0,0,0,
2024-04-29,3252,3,2,10717,12548,0,1,2,10716,0,1,0,@
2024-04-29,3259,0,0,0,0,0,0,0,0,0,0,0,11OX   C
2024-04-29,3260,380,446,15193,73989,9,5,158,15261,2,162,0,
2024-04-29,3264,758,649,7014,122542,6,49,181,6930,25,138,0,
2024-04-29,3265,143,156,4322,34065,4,2,71,4355,20,73,0,
2024-04-29,3268,9,20,1234,8680,0,0,2,1245,0,2,0,
2024-04-29,3272,23,9,1721,15292,0,1,1,1707,0,0,0,
2024-04-29,3276,12,2,2449,17428,0,10,12,2439,0,2,0,
2024-04-29,3284,292,272,1387,13625,4,5,85,1367,0,84,0,
2024-04-29,3285,0,0,491,10683,0,0,0,491,0,0,0,11     C
2024-04-29,3287,528,378,2699,10992,11,392,490,2556,7,110,1,
2024-04-29,3288,0,0,0,0,0,0,0,0,0,0,0,OX
2024-04-29,3289,1895,1688,9271,18360,3,67,149,9064,0,85,0,
2024-04-29,3290,75,3,20161,27130,0,1,15,20089,0,14,0,
2024-04-29,3293,27,18,1430,35225,0,0,9,1421,0,9,0,
2024-04-29,3294,109,91,10159,33003,47,22,256,10201,60,281,0,
2024-04-29,3297,65,116,933,9012,5,0,39,984,0,44,0,
2024-04-29,3303,6,0,2004,23522,0,0,0,1998,0,0,0,
2024-04-29,3306,114,71,2537,12651,5,0,70,2494,0,76,1,
2024-04-29,3310,10,13,1972,15005,0,0,0,1975,0,0,0,
2024-04-29,3313,0,0,0,0,0,0,0,0,0,0,0,OX
2024-04-29,3317,7,33,1851,17762,2,0,1,1877,0,3,0,
2024-04-29,3322,102,32,10483,28393,2,0,164,10413,0,166,0,
2024-04-29,3323,11,1,2045,22076,0,1,1,2035,0,0,0,
2024-04-29,3324,895,762,5551,22733,124,10,1117,5419,1,1231,0,11   A C
2024-04-29,3325,32,69,8718,21946,3,28,76,8755,0,51,0,
2024-04-29,3332,0,0,68,12026,0,0,0,68,0,0,0,11     C
2024-04-29,3339,217,41,8648,15873,1,11,90,8472,0,80,0,
2024-04-29,3354,30,68,1169,17528,0,0,2,1207,0,2,0,
2024-04-29,3357,184,89,1582,25508,3,15,31,1487,0,19,0,
2024-04-29,3360,147,80,3933,19100,0,2,7,3866,0,5,0,
2024-04-29,3362,51,101,12464,28114,4,5,56,12514,0,55,0,
2024-04-29,3363,2877,2426,15234,24660,65,819,2495,14783,0,1741,0,
2024-04-29,3372,37,299,3545,43835,0,2,15,3807,0,13,0,
2024-04-29,3373,25,64,1900,10822,0,0,15,1939,0,15,0,
2024-04-29,3374,87,61,5355,67841,1,3,32,5329,0,30,0,
2024-04-29,3379,2,3,1929,9510,0,0,0,1930,0,0,0,
2024-04-29,3388,0,5,301,18515,0,0,4,306,0,4,0,
2024-04-29,3390,32,62,4849,17239,0,0,20,4890,11,20,0,
2024-04-29,3402,442,248,2359,18261,0,0,1,2165,0,1,0,
2024-04-29,3430,29,7,384,8429,0,0,0,362,0,0,0,
2024-04-29,3434,18,38,1662,6770,0,0,0,1682,0,0,0,
2024-04-29,3438,112,79,2144,11791,1,0,3,2111,0,4,0,
2024-04-29,3441,93,215,2476,10009,6,4,22,2598,0,24,0,
2024-04-29,3444,80,58,1661,11028,5,2,5,1639,0,8,0,
2024-04-29,3455,766,217,2593,14962,1,17,19,2044,0,3,0,
2024-04-29,3466,783,206,6176,15370,40,23,425,5599,0,442,0,
2024-04-29,3479,25,60,4846,18125,3,16,26,4881,0,13,0,
2024-04-29,3483,2160,2046,12406,20744,21,38,180,12292,0,163,0,
2024-04-29,3484,22,36,1919,18884,0,0,0,1934,1,0,0,
2024-04-29,3489,88,56,2917,22613,1,0,3,2910,25,4,0,
2024-04-29,3490,78,97,2780,13751,5,1,29,2799,0,33,0,
2024-04-29,3491,325,846,4148,15924,25,5,216,4669,0,236,0,
2024-04-29,3492,1,1,481,8882,0,0,0,481,0,0,0,
2024-04-29,3498,4,10,1547,13268,0,0,27,1553,0,27,0,
2024-04-29,3499,0,0,334,0,0,0,0,334,0,0,0,OX
2024-04-29,3508,0,0,0,0,0,0,0,0,0,0,0,OX
2024-04-29,3511,11,4,2603,12493,0,0,3,2596,0,3,0,
2024-04-29,3512,392,142,1675,16453,2,2,3,1425,0,3,0,
2024-04-29,3516,118,128,6564,13153,0,0,0,6574,0,0,0,
2024-04-29,3520,21,43,4508,11725,0,0,0,4530,0,0,0,
2024-04-29,3521,0,0,0,0,0,0,0,0,0,0,0,OX
2024-04-29,3522,0,0,0,0,0,0,0,0,0,0,0,OX
2024-04-29,3523,0,0,90,0,0,0,0,90,0,0,0,OX
2024-04-29,3526,94,30,1630,14829,1,0,1,1566,0,2,0,
2024-04-29,3527,6,1,1169,11111,0,0,0,1164,0,0,0,
2024-04-29,3529,94,68,815,18662,1,3,11,822,33,9,0,
2024-04-29,3531,3,2,201,15293,0,0,0,200,0,0,0,
2024-04-29,3537,5,0,382,13391,0,0,0,377,0,0,0,
2024-04-29,3540,16,28,3801,18266,1,3,17,3814,1,15,0,
2024-04-29,3541,6,0,226,14196,0,0,0,220,0,0,0,
2024-04-29,3546,10,4,787,12646,0,0,0,781,0,0,0,
2024-04-29,3548,210,113,6044,16522,17,83,772,5947,0,706,0,11     C
2024-04-29,3551,54,99,3964,14193,0,0,0,4009,0,0,0,
2024-04-29,3552,3,12,2476,21398,2,20,29,2485,0,11,0,
2024-04-29,3555,0,0,0,0,0,0,0,0,0,0,0,11OX AB
2024-04-29,3556,0,1,773,15925,0,0,0,774,0,0,0,
2024-04-29,3558,22,57,2536,12265,1,7,80,2572,1,74,0,
2024-04-29,3564,30,34,1503,14780,0,1,10,1507,0,9,0,
2024-04-29,3567,1,15,1013,8488,0,0,0,1027,0,0,0,
2024-04-29,3577,0,0,956,15991,0,0,0,956,0,0,0,
2024-04-29,3580,12,9,2933,9867,0,0,2,2930,0,2,0,
2024-04-29,3581,6,5,1487,12751,0,0,0,1486,0,0,0,
2024-04-29,3587,125,73,1745,16668,5,2,30,1694,1,33,0,
2024-04-29,3594,58,5,10801,18253,0,0,2,10748,0,2,0,
2024-04-29,3597,5,7,796,9809,0,0,0,798,0,0,0,
2024-04-29,3609,19,6,1293,7669,0,1,1,1280,0,0,0,
2024-04-29,3611,3,1,457,11785,0,0,0,455,0,0,0,
2024-04-29,3615,115,205,4861,17116,0,0,0,4951,0,0,0,
2024-04-29,3623,53,54,1370,7296,0,1,23,1371,0,22,0,
2024-04-29,3624,21,4,4782,29335,0,0,1,4765,0,1,0,
2024-04-29,3625,0,0,94,0,0,0,0,94,0,0,0,OX
2024-04-29,3628,6,16,646,11250,0,0,0,656,0,0,0,
2024-04-29,3630,26,20,3311,46047,0,0,7,3305,0,7,0,
2024-04-29,3631,39,20,1389,20455,0,0,0,1370,0,0,0,
2024-04-29,3632,0,0,0,0,0,0,0,0,0,0,0,11OX   C
2024-04-29,3646,8,15,1604,9824,0,0,0,1611,0,0,0,
2024-04-29,3663,52,37,5628,14740,28,12,79,5613,0,95,0,
2024-04-29,3664,0,0,0,0,0,0,0,0,0,0,0,OX
2024-04-29,3666,186,108,1865,14684,1,9,16,1787,0,8,0,11   A
2024-04-29,3672,72,5,1978,7947,0,0,0,1911,0,0,0,
2024-04-29,3675,204,110,2497,12550,0,7,15,2403,0,8,0,
2024-04-29,3680,106,17,2100,23574,6,5,74,2011,0,75,0,
2024-04-29,3685,2,0,1816,19893,0,0,0,1814,0,0,0,
2024-04-29,3687,5,13,2374,7514,0,0,6,2382,0,6,0,
2024-04-29,3689,144,106,11100,19681,5,0,195,11063,1,200,0,
2024-04-29,3691,47,46,2172,19799,0,0,55,2172,1,55,0,
2024-04-29,3693,37,66,3373,9622,0,2,21,3402,0,19,0,
2024-04-29,3707,261,440,13117,83303,27,24,617,13298,2,620,0,
2024-04-29,3709,1,0,867,25142,0,0,0,866,0,0,0,
2024-04-29,3710,0,0,0,0,0,0,0,0,0,0,0,OX
2024-04-29,4102,10,5,989,10593,0,0,0,984,0,0,0,
2024-04-29,4105,6,8,1565,62162,1,0,6,1569,2,7,0,
2024-04-29,4107,11,1,786,17324,0,0,0,776,0,0,0,
2024-04-29,4109,244,264,4312,16783,0,1,4,4332,0,3,0,
2024-04-29,4111,1,2,735,14245,0,0,0,736,0,0,0,
2024-04-29,4113,287,151,25793,52784,4,1,8,25659,2,11,0,
2024-04-29,4114,188,61,9243,98973,0,0,4,9116,0,4,0,
2024-04-29,4116,3,5,951,11141,0,0,0,953,0,0,0,
2024-04-29,4120,5,2,644,21686,0,0,0,641,0,0,0,
2024-04-29,4121,3,51,2564,21232,0,0,0,2612,0,0,0,
2024-04-29,4123,33,34,8234,162321,0,20,26,8235,0,6,0,
2024-04-29,4126,5,0,990,18150,0,0,0,985,0,0,0,
2024-04-29,4127,873,513,3393,11440,2,40,55,3033,0,17,0,11   A
2024-04-29,4128,76,63,13704,140040,0,0,3,13693,2,3,0,
2024-04-29,4129,60,863,8799,24064,0,2,9,9602,0,7,0,
2024-04-29,4130,27,37,3335,27343,0,0,0,3345,0,0,0,
2024-04-29,4138,5,14,343,8250,0,0,0,352,0,0,0,
2024-04-29,4139,0,0,1846,0,0,0,0,1846,0,0,0,11OX   C
2024-04-29,4147,83,70,10134,68269,0,1,36,10121,0,35,0,
2024-04-29,4153,3,1,3245,9808,0,0,0,3243,0,0,0,
2024-04-29,4157,136,299,9524,179461,40,0,11,9693,6,51,0,
2024-04-29,4161,28,22,1334,13245,0,0,0,1328,0,0,0,
2024-04-29,4162,104,73,7777,36419,1,6,8,7747,1,3,0,
2024-04-29,4163,2,2,434,12447,0,0,0,434,0,0,0,
2024-04-29,4167,311,244,12595,79349,1,0,27,12528,0,28,0,
2024-04-29,4168,29,8,3693,26401,0,0,0,3673,1,0,0,
2024-04-29,4171,9,9,1683,14364,1,0,0,1683,0,1,0,
2024-04-29,4173,5,0,1504,18643,0,0,0,1499,0,0,0,
2024-04-29,4174,17,7,2253,57359,0,0,0,2258,15,0,0,
2024-04-29,4175,3,0,533,10570,0,0,0,530,0,0,0,
2024-04-29,4205,0,0,3,22193,0,0,0,3,0,0,0,
2024-04-29,4207,5,0,1744,46825,0,0,0,1739,0,0,0,
2024-04-29,4303,1748,744,8829,19491,54,267,2899,7825,0,2686,0,11     C
2024-04-29,4304,0,0,0,0,0,0,0,0,0,0,0,OX
2024-04-29,4305,0,3,9,13753,0,0,0,12,0,0,0,11     C
2024-04-29,4401,17,15,1785,30673,0,0,22,1783,0,22,0,
2024-04-29,4406,0,0,540,12978,0,0,0,540,0,0,0,
2024-04-29,4413,1,0,240,2591,0,0,0,239,0,0,0,
2024-04-29,4416,7,0,183,15560,0,2,2,176,0,0,0,11    BC
2024-04-29,4417,0,0,58,20992,0,0,0,58,0,0,0,
2024-04-29,4420,70,24,830,10113,0,0,51,784,0,51,0,
2024-04-29,4430,0,0,64,14068,0,0,0,64,0,0,0,11     C
2024-04-29,4432,31,6,964,12647,0,0,0,939,0,0,0,
2024-04-29,4433,0,5,523,15324,0,0,0,529,1,0,0,
2024-04-29,4502,4,1,771,12662,0,0,0,768,0,0,0,11     C
2024-04-29,4503,17,30,3166,9815,0,0,4,3179,0,4,0,
2024-04-29,4506,3,3,110,44253,0,0,0,110,0,0,0,
2024-04-29,4510,149,104,4984,27002,0,0,1,4939,0,1,0,
2024-04-29,4513,608,756,4223,19220,1,74,75,4371,0,2,0,
2024-04-29,4523,1,1,2503,16000,0,0,0,2503,0,0,0,
2024-04-29,4527,9,1,138,19038,0,0,0,130,0,0,0,
2024-04-29,4528,0,1,105,21041,0,0,0,106,0,0,0,
2024-04-29,4529,0,0,0,0,0,0,0,0,0,0,0,11OX A
2024-04-29,4530,0,0,0,0,0,0,0,0,0,0,0,11OX   C
2024-04-29,4533,1032,847,23507,39608,36,232,530,23322,0,334,0,11   A
2024-04-29,4534,0,0,10,0,0,0,0,10,0,0,0,OX
2024-04-29,4535,0,0,123,18915,0,0,0,123,0,0,0,
2024-04-29,4538,1,25,679,14388,0,0,1,703,0,1,0,11    B
2024-04-29,4541,20,9,2688,16911,6,0,4,2677,0,10,0,
2024-04-29,4542,53,7,3321,8071,6,0,31,3275,0,37,0,
2024-04-29,4543,24,21,3809,14242,0,1,344,3806,0,343,0,
2024-04-29,4549,0,0,84,13697,0,0,0,84,0,0,0,
2024-04-29,4550,0,0,817,9459,0,0,0,817,0,0,0,
2024-04-29,4556,20,5,753,10471,0,0,9,738,0,9,0,11    B
2024-04-29,4558,34,16,95,12500,0,0,0,77,0,0,0,
2024-04-29,4561,45,42,1151,14630,0,0,0,1149,1,0,0,
2024-04-29,4563,1,11,2336,13737,0,0,6,2346,0,6,0,
2024-04-29,4568,1,2,197,8024,0,0,0,198,0,0,0,11     C
2024-04-29,4577,1,46,180,12284,0,0,0,225,0,0,0,
2024-04-29,4580,2,1,118,10783,0,0,0,117,0,0,0,
2024-04-29,4609,0,0,0,0,0,0,0,0,0,0,0,OX
2024-04-29,4702,6,2,2357,18083,0,0,0,2353,0,0,0,
2024-04-29,4706,3,0,604,19757,0,0,0,601,0,0,0,11     C
2024-04-29,4707,27,9,1375,94768,0,0,1,1357,0,1,0,
2024-04-29,4711,1,4,310,15264,0,0,0,313,0,0,0,
2024-04-29,4712,0,0,0,0,0,0,0,0,0,0,0,11OX A      !
2024-04-29,4714,536,275,9101,42098,30,17,1376,8840,0,1389,0,
2024-04-29,4716,331,554,4573,21226,3,45,61,4796,0,20,1,
2024-04-29,4721,2,8,1264,18746,0,0,2,1271,1,2,0,
2024-04-29,4726,101,109,3876,34489,1,2,5,3888,4,4,0,
2024-04-29,4728,2,3,1510,13615,0,0,2,1535,24,2,0,
2024-04-29,4729,12,4,856,19431,0,0,0,848,0,0,0,
2024-04-29,4735,1,0,213,9192,0,0,0,212,0,0,0,
2024-04-29,4741,5,2,367,8210,0,0,0,364,0,0,0,
2024-04-29,4743,56,126,13773,113840,18,46,187,13860,17,159,0,
2024-04-29,4744,18,14,3763,13746,0,0,1,3759,0,1,0,
2024-04-29,4745,0,1,665,19362,0,0,0,666,0,0,0,
2024-04-29,4747,15,26,4449,11232,0,1,23,4460,0,22,0,
2024-04-29,4754,1,0,15,7570,0,0,0,14,0,0,0,
2024-04-29,4760,1036,365,2346,8028,0,10,35,1675,0,25,0,
2024-04-29,4768,91,94,4202,10768,3,1,21,4205,0,23,0,
2024-04-29,4804,0,0,0,0,0,0,0,0,0,0,0,OX
2024-04-29,4806,0,0,0,0,0,0,0,0,0,0,0,OX
2024-04-29,4903,0,0,0,0,0,0,0,0,0,0,0,OX
2024-04-29,4905,27,22,297,7315,0,0,0,292,0,0,0,11    B
2024-04-29,4907,14,18,1018,29536,1,0,13,1022,0,14,0,
2024-04-29,4908,240,194,4966,19554,8,19,93,4920,0,82,0,
2024-04-29,4909,1002,863,9136,23339,32,35,152,8997,0,149,0,
2024-04-29,4923,0,2,229,8472,0,0,0,232,1,0,0,X
2024-04-29,4924,0,2,320,0,0,0,0,322,0,0,0,OX
2024-04-29,4931,15,27,4766,16433,0,0,0,4779,1,0,0,
2024-04-29,4933,9,5,879,20359,0,0,2,879,4,2,0,
2024-04-29,4939,16,8,2817,24550,12,0,79,2809,0,91,0,
2024-04-29,4945,16,17,1087,7505,0,0,33,1089,1,33,0,
2024-04-29,4951,2,2,1024,8537,0,0,0,1024,0,0,0,
2024-04-29,4953,30,49,3041,18206,0,1,10,3064,4,9,0,
2024-04-29,4966,129,169,2806,20290,4,6,52,2846,0,50,0,
2024-04-29,4971,43,49,3069,9196,0,0,0,3075,0,0,0,
2024-04-29,4972,2,2,115,14499,0,0,0,115,0,0,0,
2024-04-29,4973,63,36,2464,16126,0,0,7,2437,0,7,0,
2024-04-29,4974,42,27,515,18125,0,0,0,500,0,0,0,
2024-04-29,4979,314,380,9265,27222,110,39,421,9331,0,492,0,
2024-04-29,4991,37,21,954,22958,0,0,0,938,0,0,0,
2024-04-29,4995,10,14,3445,10536,0,0,1,3449,0,1,0,
2024-04-29,5009,3362,1251,27080,150617,6,38,254,24969,0,223,1,
2024-04-29,5011,88,67,8941,21980,0,0,321,8920,0,321,0,
2024-04-29,5013,0,0,11,33354,0,0,0,11,0,0,0,11     C
2024-04-29,5014,8,3,3696,46333,0,0,0,3691,0,0,0,
2024-04-29,5015,3,0,264,15159,0,0,0,261,0,0,0,
2024-04-29,5016,0,0,84,12405,0,0,0,84,0,0,0,11     C
2024-04-29,5201,35,15,1926,7668,0,0,0,1906,0,0,0,
2024-04-29,5202,26,81,4757,14773,4,0,3,4812,0,7,0,
2024-04-29,5206,21,2,1850,38981,0,0,0,1831,0,0,0,
2024-04-29,5210,0,0,0,0,0,0,0,0,0,0,0,OX
2024-04-29,5211,5,4,787,8006,0,0,0,786,0,0,0,
2024-04-29,5212,5,19,64,8658,0,0,0,78,0,0,0,
2024-04-29,5213,1312,266,2871,129629,1,21,53,1825,0,33,0,
2024-04-29,5220,1,0,33,9916,0,0,0,32,0,0,0,11     C
2024-04-29,5223,17,6,807,11137,0,0,0,796,0,0,0,
2024-04-29,5228,2,0,85,9514,0,0,0,83,0,0,0,
2024-04-29,5230,1896,2216,5619,11861,66,350,4269,5939,0,3985,0,*
2024-04-29,5236,7,7,756,14610,0,0,1,756,0,1,0,
2024-04-29,5245,3,1,1882,11247,0,0,0,1880,0,0,0,
2024-04-29,5251,437,317,1412,7019,36,38,122,1292,0,123,3,
2024-04-29,5263,266,72,3041,16216,0,0,1,2847,0,1,0,
2024-04-29,5272,18,35,3269,13819,0,2,7,3286,0,5,0,
2024-04-29,5274,8,57,398,9455,2,0,9,447,0,11,0,
2024-04-29,5287,0,2,22,13968,0,0,0,24,0,0,0,
2024-04-29,5289,48,32,1558,22099,2,4,9,1542,0,7,0,
2024-04-29,5291,5,11,4814,10231,0,0,0,4820,0,0,0,
2024-04-29,5299,28,34,495,8972,0,0,0,501,0,0,0,
2024-04-29,5301,0,0,0,0,0,0,0,0,0,0,0,OX
2024-04-29,5302,0,0,0,0,0,0,0,0,0,0,0,OX
2024-04-29,5309,36,85,5527,41869,0,0,29,5576,0,29,0,
2024-04-29,5310,0,0,0,0,0,0,0,0,0,0,0,11OX A
2024-04-29,5312,2,2,225,15014,0,0,0,225,0,0,0,
2024-04-29,5314,5,17,624,3675,0,0,111,636,0,112,1,62   A  D
2024-04-29,5315,4,18,2523,26587,0,0,0,2537,0,0,0,
2024-04-29,5321,2,6,1372,12367,0,0,0,1376,0,0,0,
2024-04-29,5324,0,0,0,0,0,0,0,0,0,0,0,OX
2024-04-29,5328,61,12,4261,43177,0,0,6,4212,0,6,0,
2024-04-29,5340,0,0,0,0,0,0,0,0,0,0,0,OX
2024-04-29,5344,0,0,0,0,0,0,0,0,0,0,0,OX
2024-04-29,5345,0,0,0,0,0,0,0,0,0,0,0,11OX   C
2024-04-29,5347,1164,1032,7541,409745,14,72,287,7409,0,229,0,
2024-04-29,5351,190,377,14749,72628,0,14,31,14936,0,17,0,
2024-04-29,5353,0,3,2203,18799,0,0,1,2206,0,1,0,
2024-04-29,5355,0,0,0,0,0,0,0,0,0,0,0,OX
2024-04-29,5356,16,16,3833,25760,0,0,0,3833,0,0,0,
2024-04-29,5371,2260,1298,13687,97745,9,274,743,12726,1,478,0,
2024-04-29,5381,0,0,0,0,0,0,0,0,0,0,0,OX
2024-04-29,5383,0,0,0,0,0,0,0,0,0,0,0,OX
2024-04-29,5386,14,39,2391,7158,20,2,15,2416,0,33,0,11     C
2024-04-29,5392,1732,816,4046,42239,20,3,3,3130,0,20,0,
2024-04-29,5398,1,36,853,12366,0,0,1,888,0,1,0,
2024-04-29,5403,1,4,339,19071,0,0,1,342,0,1,0,
2024-04-29,5410,2,24,2257,22347,0,0,30,2279,0,30,0,
2024-04-29,5425,32,142,12705,65871,30,4,39,12817,2,65,0,
2024-04-29,5426,59,69,7539,35950,30,10,219,7549,0,239,0,
2024-04-29,5432,25,18,866,5171,12,7,112,859,0,117,0,
2024-04-29,5438,3,7,1275,28134,0,0,0,1279,0,0,0,
2024-04-29,5439,409,1157,9602,23243,2,11,11,10350,0,2,0,
2024-04-29,5443,378,256,7831,41284,17,5,88,7709,0,100,0,
2024-04-29,5450,150,24,1933,30600,0,2,27,1809,2,25,0,
2024-04-29,5452,82,38,5970,37190,0,100,254,5926,0,154,0,
2024-04-29,5455,5,3,30,1375,0,0,0,28,0,0,0,
2024-04-29,5457,841,357,7289,43076,0,19,45,6805,0,26,0,
2024-04-29,5460,3,1,884,14694,0,0,0,882,0,0,0,
2024-04-29,5464,83,31,2233,17767,0,1,1,2181,0,0,0,
2024-04-29,5465,18,46,4179,20554,0,0,278,4208,1,278,0,
2024-04-29,5468,0,0,0,0,0,0,0,0,0,0,0,OX
2024-04-29,5474,5,21,1360,10088,0,0,1,1377,1,1,0,
2024-04-29,5475,0,0,12,0,0,0,0,12,0,0,0,OX
2024-04-29,5478,55,24,684,39018,0,2,6,653,0,4,0,
2024-04-29,5481,20,32,1728,17850,0,0,0,1740,0,0,0,
2024-04-29,5483,69,94,8961,146555,0,1,20,8991,5,19,0,
2024-04-29,5487,1,0,765,6055,0,0,0,764,0,0,0,
2024-04-29,5488,0,24,5153,0,0,0,0,5177,0,0,0,OX
2024-04-29,5489,1,4,306,25676,0,0,0,309,0,0,0,
2024-04-29,5490,18,54,1390,24038,0,0,0,1426,0,0,0,
2024-04-29,5493,275,190,5076,10402,16,2,31,4991,0,45,0,
2024-04-29,5498,115,173,6482,43744,0,20,140,6545,5,120,0,
2024-04-29,5508,472,273,2889,54357,8,13,40,2690,0,35,0,
2024-04-29,5511,305,528,4807,28360,0,0,13,5030,0,13,0,
2024-04-29,5512,6370,2287,21468,185998,7,267,731,17385,0,471,0,
2024-04-29,5514,71,143,812,54056,1,1,3,884,0,3,0,
2024-04-29,5516,230,280,943,12510,0,3,3,1016,23,0,0,
2024-04-29,5520,0,0,16,14993,0,0,0,16,0,0,0,11    B
2024-04-29,5523,56,84,589,38750,0,0,5,617,0,5,0,
2024-04-29,5529,194,168,1073,14793,5,2,23,1081,34,26,0,
2024-04-29,5530,633,45,3928,99771,0,0,7,3340,0,7,0,
2024-04-29,5536,4,64,925,31020,0,0,0,985,0,0,0,
2024-04-29,5543,2,2,720,9826,0,0,0,720,0,0,0,11    B
2024-04-29,5601,0,0,0,16200,0,0,0,0,0,0,0,11    BC
2024-04-29,5603,90,91,1410,26219,0,0,0,1411,0,0,0,
2024-04-29,5604,0,3,117,27195,0,0,0,120,0,0,0,
2024-04-29,5609,43,13,445,35721,0,0,0,415,0,0,0,
2024-04-29,5701,0,0,0,0,0,0,0,0,0,0,0,OX
2024-04-29,5703,0,0,0,0,0,0,0,0,0,0,0,11OX  B
2024-04-29,5704,29,13,479,9715,0,0,15,463,0,15,0,
2024-04-29,5864,473,698,12279,77120,0,3,84,12504,0,81,0,
2024-04-29,5902,21,25,2350,10137,0,0,0,2354,0,0,0,11     C
2024-04-29,5903,0,0,33,55805,0,0,0,33,0,0,0,
2024-04-29,5904,2,7,492,25873,0,0,0,497,0,0,0,
2024-04-29,5905,38,9,5258,62456,0,0,0,5229,0,0,0,
2024-04-29,6015,212,277,8442,87812,0,167,8121,8507,0,7954,0,*
2024-04-29,6016,314,818,11193,148613,0,3,5,11697,0,2,0,
2024-04-29,6020,0,1,52,63088,0,0,0,53,0,0,0,
2024-04-29,6021,28,6,193,77878,0,0,0,171,0,0,0,
2024-04-29,6023,9,0,298,72494,0,0,0,289,0,0,0,
2024-04-29,6026,212,268,7394,99040,0,0,83,7450,0,83,0,
2024-04-29,6101,0,0,0,0,0,0,0,0,0,0,0,OX
2024-04-29,6103,0,0,0,0,0,0,0,0,0,0,0,OX
2024-04-29,6104,20,9,6085,22669,10,5,161,6076,2,166,0,
2024-04-29,6109,25,2,1954,16893,0,0,0,1931,0,0,0,
2024-04-29,6111,40,31,5811,25970,0,0,14,5802,0,14,0,
2024-04-29,6113,157,55,3195,12511,3,52,344,3095,2,295,0,
2024-04-29,6114,0,0,841,10977,0,0,0,844,3,0,0,
2024-04-29,6118,24,62,3690,22722,0,0,4,3728,0,4,0,
2024-04-29,6121,16,38,1447,46242,0,1,5,1469,0,4,0,
2024-04-29,6122,143,142,6587,18593,4,0,20,6586,0,24,0,
2024-04-29,6123,11,10,404,15522,0,0,0,403,0,0,0,
2024-04-29,6124,181,39,935,45619,0,0,0,793,0,0,0,
2024-04-29,6125,4704,5913,33511,60502,128,158,3211,34720,0,3181,0,
2024-04-29,6126,117,106,8470,31448,8,1,68,8505,46,75,0,
2024-04-29,6127,28,125,5094,27019,7,0,15,5191,0,22,0,
2024-04-29,6129,18,28,5799,45235,0,23,201,5813,4,178,0,
2024-04-29,6134,3,17,1722,16896,0,0,29,1737,1,29,0,
2024-04-29,6138,36,108,2961,18762,4,4,43,3034,1,43,0,
2024-04-29,6140,47,56,3629,11606,1,0,0,3639,1,1,0,
2024-04-29,6143,1261,1094,10676,21876,62,40,192,10509,0,214,0,
2024-04-29,6144,0,0,0,0,0,0,0,0,0,0,0,OX
2024-04-29,6146,16,26,910,25466,0,1,5,920,0,4,0,
2024-04-29,6147,85,154,3507,186168,6,141,178,3578,2,43,0,
2024-04-29,6148,20,5,2933,11650,0,5,5,2918,0,0,0,
2024-04-29,6150,41,24,3136,12086,0,1,34,3119,0,33,0,
2024-04-29,6151,0,2,117,13814,0,0,0,119,0,0,0,
2024-04-29,6154,2,1,299,20020,0,0,0,298,0,0,0,
2024-04-29,6156,64,3,5027,20190,0,0,2,4966,0,2,0,
2024-04-29,6158,1,4,1282,13757,0,0,1,1290,5,1,0,
2024-04-29,6160,58,25,2214,17122,0,0,1,2181,0,1,0,
2024-04-29,6161,6,7,1756,18745,0,0,0,1757,0,0,0,
2024-04-29,6163,88,115,5174,35262,1,0,3,5201,0,4,0,
2024-04-29,6167,13,12,6767,40543,0,0,2,6768,2,2,0,
2024-04-29,6170,10,17,3117,22417,0,0,5,3124,0,5,0,
2024-04-29,6171,77,11,810,25000,0,0,0,744,0,0,0,
2024-04-29,6173,30,42,3594,43000,0,0,2,3606,0,2,0,
2024-04-29,6174,7,0,666,12500,0,0,0,659,0,0,0,11     C
2024-04-29,6175,88,35,1551,35804,0,0,1,1501,3,1,0,
2024-04-29,6179,187,59,9882,28627,12,11,514,9754,0,515,0,
2024-04-29,6180,552,108,3612,43873,0,3,8,3168,0,5,0,
2024-04-29,6182,81,127,16079,135685,36,0,273,16130,5,309,0,
2024-04-29,6185,11,9,5973,37466,0,0,0,5971,0,0,0,
2024-04-29,6186,180,207,2472,37496,0,1,2,2500,1,1,0,
2024-04-29,6187,271,415,14827,22340,12,47,95,14973,2,60,0,
2024-04-29,6188,444,348,12940,69589,67,8,154,12844,0,214,1,
2024-04-29,6190,565,1061,9197,40488,55,2,100,9698,5,153,0,
2024-04-29,6194,23,24,3317,12000,0,0,1,3346,28,1,0,
2024-04-29,6195,0,0,35,12548,0,0,0,35,0,0,0,
2024-04-29,6203,2,7,1393,20601,0,0,5,1398,0,5,0,
2024-04-29,6204,10,20,1218,5775,3,0,28,1228,0,31,0,
2024-04-29,6207,1202,1149,11622,19919,37,10,331,11569,0,359,1,11   A
2024-04-29,6208,10,11,1482,29550,0,0,1,1483,0,1,0,
2024-04-29,6210,3,0,47,8762,0,0,0,44,0,0,0,
2024-04-29,6212,1,5,72,25500,0,0,0,76,0,0,0,11    B
2024-04-29,6217,560,1255,6209,24277,49,21,41,6904,0,69,0,
2024-04-29,6218,21,24,1787,16065,0,0,0,1790,0,0,0,
2024-04-29,6219,258,511,9618,29754,0,11,58,9871,0,47,0,
2024-04-29,6220,0,21,1702,36615,0,0,0,1723,0,0,0,
2024-04-29,6221,10,0,2765,24886,0,0,0,2755,0,0,0,
2024-04-29,6222,0,0,0,0,0,0,0,0,0,0,0,OX
2024-04-29,6223,1127,707,3708,23557,23,91,276,3289,1,209,1,
2024-04-29,6227,67,47,2422,19027,12,8,64,2402,0,68,0,11   A
2024-04-29,6228,0,0,207,0,0,0,0,207,0,0,0,OX
2024-04-29,6229,32,36,2268,8910,0,0,0,2272,0,0,0,
2024-04-29,6231,21,32,2280,9510,3,1,70,2291,0,72,0,
2024-04-29,6233,34,41,7058,20018,23,3,227,7065,0,247,0,
2024-04-29,6234,38,44,3203,25096,0,0,0,3210,1,0,0,
2024-04-29,6237,45,42,4817,19661,0,0,19,4814,0,19,0,
2024-04-29,6240,0,1,382,5716,0,0,0,383,0,0,0,
2024-04-29,6241,0,0,0,0,0,0,0,0,0,0,0,OX
2024-04-29,6244,96,136,14853,96760,40,8,35,14893,0,67,0,
2024-04-29,6245,25,27,4023,31404,0,5,17,4035,10,12,0,
2024-04-29,6246,16,22,2246,3749,0,0,0,2252,0,0,0,
2024-04-29,6248,9,83,1005,17489,0,0,1,1079,0,1,0,
2024-04-29,6261,17,22,1521,32124,0,0,0,1526,0,0,0,
2024-04-29,6263,13,4,686,15625,0,0,3,677,0,3,0,
2024-04-29,6264,0,0,0,0,0,0,0,0,0,0,0,OX
2024-04-29,6265,25,11,3785,29543,0,0,0,3771,0,0,0,
2024-04-29,6266,5,9,2368,34558,0,0,15,2372,0,15,0,
2024-04-29,6270,4,0,1686,18036,0,0,175,1682,0,175,0,
2024-04-29,6274,1380,1317,29109,67997,74,94,823,29046,0,803,0,
2024-04-29,6275,303,448,4146,19313,28,33,471,4291,0,466,0,
2024-04-29,6276,1,22,1468,3085,0,0,3,1489,0,3,0,
2024-04-29,6279,21,42,4911,24914,1,0,8,4932,0,9,0,
2024-04-29,6284,244,146,10817,37245,0,14,116,10719,0,102,0,
2024-04-29,6287,0,0,0,0,0,0,0,0,0,0,0,11OX   C
2024-04-29,6290,1071,2925,17687,39495,23,297,458,19542,1,184,0,
2024-04-29,6291,8,8,817,8833,0,0,2,817,0,2,0,11    B
2024-04-29,6292,5,5,728,11725,0,0,0,728,0,0,0,
2024-04-29,6294,0,1,73,6143,0,0,0,74,0,0,0,
2024-04-29,6404,0,0,0,0,0,0,0,0,0,0,0,11OX A      !
2024-04-29,6411,16,56,3810,24675,0,1,177,3850,0,176,0,
2024-04-29,6417,15,5,2165,10568,0,0,0,2155,0,0,0,
2024-04-29,6418,36,48,1742,8630,0,0,0,1754,0,0,0,
2024-04-29,6425,788,687,5544,10900,68,58,833,5443,0,848,5,11   A C
2024-04-29,6432,4,7,1713,7648,0,0,27,1716,0,27,0,
2024-04-29,6435,8,8,555,9331,0,0,0,555,0,0,0,
2024-04-29,6441,2,3,1872,13329,0,1,2,1873,0,1,0,
2024-04-29,6457,15,12,970,7963,0,0,1,967,0,1,0,
2024-04-29,6461,0,0,0,0,0,0,0,0,0,0,0,OX
2024-04-29,6462,198,183,10051,17317,21,21,102,10037,1,102,0,11     C
2024-04-29,6465,0,0,0,0,0,0,0,0,0,0,0,OX
2024-04-29,6469,3,5,488,28176,0,0,6,490,0,6,0,
2024-04-29,6470,20,14,3024,9423,0,0,0,3018,0,0,0,
2024-04-29,6485,12,13,3746,10744,5,1,81,3747,0,85,0,
2024-04-29,6486,4,23,252,11921,0,0,28,271,0,28,0,
2024-04-29,6488,40,37,4444,119528,1,4,8,4441,0,5,0,
2024-04-29,6492,4,9,1027,22435,0,0,0,1032,0,0,0,
2024-04-29,6494,3,2,1145,7889,0,0,0,1144,0,0,0,
2024-04-29,6496,0,0,107,11947,0,0,0,107,0,0,0,11     C
2024-04-29,6499,2,0,677,23061,0,0,1,675,0,1,0,
2024-04-29,6506,0,0,56,20590,0,0,0,56,0,0,0,11     C
2024-04-29,6508,3,15,662,21634,0,0,0,674,0,0,0,
2024-04-29,6509,21,8,4725,43372,0,0,3,4744,32,3,0,
2024-04-29,6510,24,29,1048,8197,3,48,145,1053,0,100,0,
2024-04-29,6514,1,0,101,7503,0,0,0,100,0,0,0,
2024-04-29,6516,2,2,789,12811,0,0,0,789,0,0,0,
2024-04-29,6517,5,11,1511,7644,0,0,3,1517,0,3,0,
2024-04-29,6523,16,14,366,11261,0,0,0,364,0,0,0,
2024-04-29,6530,415,242,3353,8437,0,16,144,3180,0,128,0,
2024-04-29,6532,11,20,3396,9361,0,0,0,3405,0,0,0,
2024-04-29,6538,148,101,3804,9536,7,0,54,3757,0,61,0,
2024-04-29,6542,1,1,62,7875,0,0,0,62,0,0,0,11    B
2024-04-29,6546,160,72,7073,16556,3,0,7,6986,1,10,0,
2024-04-29,6547,69,22,5098,82163,0,2,27,5051,0,26,1,
2024-04-29,6548,258,1388,8137,237634,7,4,6,9267,0,9,0,
2024-04-29,6561,4,11,391,19466,0,1,1,398,0,0,0,
2024-04-29,6568,0,3,468,7682,0,0,0,471,0,0,0,
2024-04-29,6569,1,4,494,8379,0,0,1,497,0,1,0,
2024-04-29,6570,20,32,476,9279,0,0,0,488,0,0,0,
2024-04-29,6577,3,8,423,9563,0,0,1,428,0,1,0,
2024-04-29,6578,295,368,3643,11380,0,2,4,3717,1,13,11,
2024-04-29,6584,18,23,1900,16535,0,5,19,1905,0,14,0,
2024-04-29,6589,19,45,7696,62807,1,0,47,7723,1,48,0,
2024-04-29,6596,198,105,1316,8250,10,0,51,1223,0,61,0,
2024-04-29,6603,241,340,2522,39246,0,30,68,2621,0,38,0,
2024-04-29,6609,0,2,1124,18114,0,0,0,1126,0,0,0,
2024-04-29,6612,7,21,893,9790,0,0,4,907,0,4,0,
2024-04-29,6613,16,9,689,18625,0,0,6,682,0,6,0,
2024-04-29,6616,95,59,1229,8754,0,6,14,1193,0,8,0,
2024-04-29,6642,23,25,634,9349,0,0,0,636,0,0,0,
2024-04-29,6643,105,106,2050,8711,7,2,42,2052,1,47,0,
2024-04-29,6649,6,0,161,10500,0,0,0,155,0,0,0,
2024-04-29,6651,7,0,240,8650,0,0,0,233,0,0,0,
2024-04-29,6654,3,0,230,8315,0,0,0,227,0,0,0,
2024-04-29,6664,36,36,1639,14497,0,0,5,1639,0,5,0,
2024-04-29,6667,61,195,2653,11194,1,2,13,2787,0,12,0,
2024-04-29,6679,24,26,1474,10925,0,0,5,1476,0,5,0,
2024-04-29,6684,50,67,2894,11157,20,3,162,2911,0,179,0,
2024-04-29,6693,6,0,3009,11430,0,0,0,3003,0,0,0,
2024-04-29,6712,43,72,3267,18334,0,1,1,3296,0,0,0,
2024-04-29,6732,14,3,1874,12228,0,0,5,1863,0,5,0,
2024-04-29,6735,3,2,694,10472,0,1,3,693,0,2,0,
2024-04-29,6741,14,21,2905,30144,1,0,0,2912,0,1,0,
2024-04-29,6752,7,0,270,8193,0,0,0,263,0,0,0,
2024-04-29,6761,74,39,520,7526,0,0,0,485,0,0,0,
2024-04-29,6788,8,11,1095,8684,0,0,0,1098,0,0,0,
2024-04-29,6803,0,0,24,17970,0,0,0,24,0,0,0,
2024-04-29,6804,0,0,84,8750,0,0,0,84,0,0,0,
2024-04-29,6811,8,4,1025,10362,0,0,1,1021,0,1,0,
2024-04-29,6821,0,1,55,7760,0,0,0,56,0,0,0,
2024-04-29,6829,26,47,1890,14792,3,0,2,1912,1,5,0,
2024-04-29,6841,6,57,1387,24629,0,0,2,1438,0,2,0,
2024-04-29,6843,0,0,113,8326,0,0,0,113,0,0,0,11     C
2024-04-29,6859,51,0,187,9783,0,0,0,136,0,0,0,
2024-04-29,6877,2,4,129,8272,0,0,0,131,0,0,0,
2024-04-29,6895,34,2,242,8525,0,0,0,210,0,0,0,
2024-04-29,7402,376,224,4894,8807,4,12,19,4742,0,11,0,11   A
2024-04-29,8024,11,7,1055,11290,0,0,0,1052,1,0,0,
2024-04-29,8027,159,81,11093,25578,17,28,175,11015,0,164,0,
2024-04-29,8032,0,0,241,12952,0,0,0,241,0,0,0,11     C
2024-04-29,8034,39,28,3480,15718,0,5,215,3469,0,210,0,
2024-04-29,8040,0,33,5940,0,0,0,0,5974,1,0,0,OX
2024-04-29,8042,1,1,832,32365,0,0,0,832,0,0,0,11     C
2024-04-29,8043,2,1,1414,19976,0,0,1,1413,0,1,0,
2024-04-29,8044,232,255,4980,33644,119,44,654,5003,0,729,0,
2024-04-29,8047,15,8,890,10416,0,0,1,883,0,1,0,
2024-04-29,8048,9,2,3723,14025,0,0,0,3716,0,0,0,
2024-04-29,8049,7,7,485,29569,0,0,21,485,0,21,0,
2024-04-29,8050,36,93,9260,51514,1,0,29,9331,14,30,0,
2024-04-29,8054,506,688,12840,17720,95,164,2318,13023,1,2249,0,11     C
2024-04-29,8059,0,126,6989,0,5,0,83,7115,0,88,0,OX
2024-04-29,8064,1854,1305,11925,41204,0,449,851,11386,10,402,0,
2024-04-29,8066,0,7,521,7371,0,0,0,528,0,0,0,
2024-04-29,8068,90,49,2411,11117,0,2,5,2370,0,3,0,
2024-04-29,8069,672,201,7484,271066,33,21,194,7013,0,206,0,
2024-04-29,8071,77,139,2196,12963,0,0,0,2258,0,0,0,
2024-04-29,8074,2,10,509,20243,0,0,1,517,0,1,0,
2024-04-29,8076,75,86,8615,75363,0,0,10,8626,0,10,0,
2024-04-29,8080,0,0,0,0,0,0,0,0,0,0,0,OX
2024-04-29,8083,5,7,134,8783,0,0,0,136,0,0,0,
2024-04-29,8085,67,164,25301,34995,30,44,736,25398,0,722,0,@
2024-04-29,8086,297,260,6017,37879,37,21,98,5981,1,114,0,
2024-04-29,8088,295,58,3659,15230,0,6,16,3432,10,10,0,
2024-04-29,8089,262,293,6158,14666,14,6,393,6189,0,401,0,
2024-04-29,8091,71,67,1826,11990,1,0,5,1822,0,6,0,
2024-04-29,8093,0,0,0,0,0,0,0,0,0,0,0,OX
2024-04-29,8096,3203,1203,12345,37335,0,186,197,10345,0,11,0,11     C
2024-04-29,8097,203,40,7468,14016,0,5,47,7305,0,42,0,@
2024-04-29,8099,13,7,13473,22140,0,16,16,13467,0,0,0,
2024-04-29,8107,5,3,1914,18750,0,0,0,1912,0,0,0,
2024-04-29,8109,3,17,531,20540,0,0,0,545,0,0,0,
2024-04-29,8111,29,57,3666,27275,1,0,35,3694,0,36,0,
2024-04-29,8121,0,0,0,0,0,0,0,0,0,0,0,OX
2024-04-29,8147,57,62,2987,8238,2,42,161,2994,2,121,0,
2024-04-29,8155,104,73,5595,12800,2,1,19,5564,0,20,0,
2024-04-29,8171,28,39,6671,19366,0,2,2,6682,0,0,0,
2024-04-29,8176,0,0,0,0,0,0,0,0,0,0,0,OX
2024-04-29,8182,0,8,1557,26760,0,0,0,1565,0,0,0,
2024-04-29,8183,6,30,3437,30312,0,0,331,3461,0,331,0,
2024-04-29,8227,95,124,3539,9335,2,20,56,3568,0,38,0,
2024-04-29,8234,580,596,3669,35306,46,6,347,3685,0,387,0,
2024-04-29,8240,43,15,1616,25001,0,0,0,1588,0,0,0,
2024-04-29,8255,93,58,3147,25361,0,0,42,3112,0,42,0,
2024-04-29,8277,0,0,0,0,0,0,0,0,0,0,0,OX
2024-04-29,8284,0,4,25,11585,0,0,0,29,0,0,0,
2024-04-29,8289,4,2,2598,17083,0,0,10,2596,0,10,0,
2024-04-29,8299,109,266,4802,51194,9,18,591,4959,0,582,0,
2024-04-29,8342,0,0,5,8384,0,0,0,5,0,0,0,11     C
2024-04-29,8349,124,51,3494,37982,0,5,37,3421,0,32,0,
2024-04-29,8354,3,1,758,19633,0,0,0,760,4,0,0,
2024-04-29,8358,1320,516,12279,63147,6,12,76,11475,0,70,0,
2024-04-29,8383,25,77,1776,28440,5,0,1,1829,1,6,0,
2024-04-29,8390,87,37,2823,24029,0,0,0,2773,0,0,0,
2024-04-29,8401,9,8,678,15010,0,0,0,697,20,0,0,
2024-04-29,8403,8,4,2635,31511,0,0,0,2643,12,0,0,
2024-04-29,8410,20,20,2245,9147,0,0,0,2245,0,0,0,
2024-04-29,8415,18,7,1006,257875,0,0,5,995,0,5,0,
2024-04-29,8420,0,0,264,0,0,0,0,264,0,0,0,OX
2024-04-29,8421,10,4,1340,13704,0,0,0,1334,0,0,0,
2024-04-29,8424,0,3,8,9013,0,0,0,11,0,0,0,11     C
2024-04-29,8426,5,20,1547,12560,0,0,7,1562,0,7,0,
2024-04-29,8431,21,1,6039,11097,0,0,0,6019,0,0,0,
2024-04-29,8432,6,14,534,9599,0,0,0,542,0,0,0,
2024-04-29,8433,68,85,612,13443,0,0,22,629,0,22,0,
2024-04-29,8435,2,1,69,7925,0,0,0,68,0,0,0,
2024-04-29,8436,2,7,1785,29565,0,0,1,1793,3,1,0,
2024-04-29,8437,4,0,418,11962,0,0,0,414,0,0,0,
2024-04-29,8440,19,55,1677,9500,0,0,11,1713,0,11,0,
2024-04-29,8444,0,0,812,25116,0,0,2,812,0,2,0,11    BC
2024-04-29,8446,34,1,1111,13228,0,0,0,1078,0,0,0,
2024-04-29,8450,15,4,888,12827,0,0,0,877,0,0,0,
2024-04-29,8477,0,0,2,0,0,0,0,2,0,0,0,OX
2024-04-29,8489,12,0,711,9090,0,0,0,699,0,0,0,
2024-04-29,8905,8,0,457,29860,0,0,0,449,0,0,0,
2024-04-29,8906,233,26,588,11009,0,1,1,381,0,0,0,
2024-04-29,8908,0,0,41,70867,0,0,0,41,0,0,0,
2024-04-29,8916,11,10,429,37580,0,0,2,430,2,2,0,
2024-04-29,8917,0,0,17,40663,0,0,0,17,0,0,0,
2024-04-29,8923,0,0,157,7593,0,0,0,157,0,0,0,11    BC
2024-04-29,8924,5,6,745,20950,0,0,6,746,0,6,0,
2024-04-29,8927,91,43,4196,81610,0,5,15,4148,0,10,0,
2024-04-29,8928,8,12,1205,12713,0,0,0,1209,0,0,0,
2024-04-29,8929,1,4,201,12645,0,0,0,204,0,0,0,11     C
2024-04-29,8930,25,14,2067,20452,49,0,24,2056,0,73,0,
2024-04-29,8931,27,12,2602,30563,0,0,1,2589,2,1,0,
2024-04-29,8932,152,39,5413,17137,7,6,14,5480,180,15,0,
2024-04-29,8933,0,0,0,0,0,0,0,0,0,0,0,OX
2024-04-29,8935,0,0,53,0,0,0,0,53,0,0,0,OX
2024-04-29,8936,1107,1054,34115,62019,65,187,839,34063,1,717,0,
2024-04-29,8937,0,2,209,18119,0,0,0,211,0,0,0,
2024-04-29,8938,2,18,1381,35050,0,0,10,1397,0,10,0,
2024-04-29,8941,3,1,393,3823,0,0,0,391,0,0,0,
2024-04-29,8942,2,12,592,45606,0,0,0,602,0,0,0,
2024-04-29,9949,0,0,0,0,0,0,0,0,0,0,0,OX
2024-04-29,9950,0,0,0,0,0,0,0,0,0,0,0,OX
2024-04-29,9951,6,15,448,18725,0,0,0,457,0,0,0,
2024-04-29,9960,2,6,430,8398,0,0,0,434,0,0,0,11     C
2024-04-29,9962,0,0,970,22555,0,0,8,980,10,8,0,
