date,stock_id,s_prev,s_sell,s_buy,s_ret,s_balance,s_limit,sbl_prev,sbl_sell,sbl_return,sbl_adj,sbl_balance,sbl_limit,note
2019-12-18,006201,0,0,0,0,0,6986500,0,0,0,0,0,43491,
2019-12-18,00679B,0,0,0,0,0,255048000,100000,0,0,0,100000,489651,
2019-12-18,00687B,0,0,0,0,0,140821750,0,0,0,0,0,69150,
2019-12-18,00694B,0,0,0,0,0,93894000,0,0,0,0,0,108395,
2019-12-18,00695B,0,0,0,0,0,2296500,0,0,0,0,0,107611,
2019-12-18,00696B,0,0,0,0,0,202545250,0,0,0,0,0,3308154,
2019-12-18,00697B,0,0,0,0,0,1678000,0,0,0,0,0,106701,X
2019-12-18,00718B,0,0,0,0,0,316250250,0,0,0,0,0,224286,X
2019-12-18,00719B,0,0,0,0,0,232003500,0,0,0,0,0,2599363,X
2019-12-18,00720B,0,0,0,0,0,174777250,0,0,0,0,0,285897,
2019-12-18,00721B,0,0,0,0,0,115405500,0,0,0,0,0,124786,
2019-12-18,00722B,0,0,0,0,0,110184750,0,0,0,0,0,155571,
2019-12-18,00723B,0,0,0,0,0,228520750,0,0,0,0,0,154110,X
2019-12-18,00724B,0,0,0,0,0,368943750,0,0,0,0,0,164463,X
2019-12-18,00725B,0,0,0,0,0,83301500,0,0,0,0,0,932714,
2019-12-18,00726B,0,0,0,0,0,204872250,0,0,0,0,0,1136119,X
2019-12-18,00727B,0,0,0,0,0,46422250,0,0,0,0,0,39699,X
2019-12-18,00734B,0,0,0,0,0,7869750,0,0,0,0,0,313867,X
2019-12-18,00740B,0,0,0,0,0,78492750,0,0,0,0,0,195110,
2019-12-18,00741B,0,0,0,0,0,3657000,0,0,0,0,0,68136,X
2019-12-18,00744B,0,0,0,0,0,273182000,0,0,0,0,0,36069,X
2019-12-18,00745B,0,0,0,0,0,1379000,0,0,0,0,0,25584,X
2019-12-18,00746B,0,0,0,0,0,317866000,0,0,0,0,0,867265,
2019-12-18,00747B,0,0,0,0,0,218125000,0,0,0,0,0,249669,X
2019-12-18,00748B,0,0,0,0,0,163250000,0,0,0,0,0,36429,X
2019-12-18,00749B,0,0,0,0,0,172125000,0,0,0,0,0,30619,X
2019-12-18,00750B,0,0,0,0,0,68375000,0,0,0,0,0,30409,X
2019-12-18,00751B,0,0,0,0,0,382025750,0,0,0,0,0,937439,X
2019-12-18,00754B,0,0,0,0,0,83350000,0,0,0,0,0,32992,X
2019-12-18,00755B,0,0,0,0,0,19807500,0,0,0,0,0,42835,
2019-12-18,00756B,0,0,0,0,0,187950000,0,0,0,0,0,219082,X
2019-12-18,00758B,0,0,0,0,0,5506250,0,0,0,0,0,33780,X
2019-12-18,00759B,0,0,0,0,0,13506250,0,0,0,0,0,32010,X
2019-12-18,00760B,0,0,0,0,0,50880000,0,0,0,0,0,32349,X
2019-12-18,00761B,0,0,0,0,0,334772250,0,0,0,0,0,1025170,
2019-12-18,00764B,0,0,0,0,0,138375000,0,0,0,0,0,32771,
2019-12-18,00765B,0,0,0,0,0,5375000,0,0,0,0,0,31032,X
2019-12-18,00768B,0,0,0,0,0,12650000,0,0,0,0,0,55459,X
2019-12-18,00769B,0,0,0,0,0,772500,0,0,0,0,0,35179,X
2019-12-18,00772B,0,0,0,0,0,360197500,0,0,0,0,0,1151019,X
2019-12-18,00773B,0,0,0,0,0,187822500,0,0,0,0,0,70050,X
2019-12-18,00777B,0,0,0,0,0,114287500,0,0,0,0,0,262740,X
2019-12-18,00778B,0,0,0,0,0,92287500,0,0,0,0,0,30549,
2019-12-18,00779B,0,0,0,0,0,100662500,0,0,0,0,0,138810,X
2019-12-18,00780B,0,0,0,0,0,123025500,0,0,0,0,0,37629,X
2019-12-18,00781B,0,0,0,0,0,7584000,0,0,0,0,0,35389,
2019-12-18,00782B,0,0,0,0,0,9991750,0,0,0,0,0,157549,
2019-12-18,00784B,0,0,0,0,0,5873250,0,0,0,0,0,50242,X
2019-12-18,00785B,0,0,0,0,0,75991500,0,0,0,0,0,629046,X
2019-12-18,00786B,0,0,0,0,0,2766500,0,0,0,0,0,66819,X
2019-12-18,00787B,0,0,0,0,0,6451500,0,0,0,0,0,191700,X
2019-12-18,00788B,0,0,0,0,0,9301500,0,0,0,0,0,154569,
2019-12-18,00789B,0,0,0,0,0,23900000,0,0,0,0,0,27210,X
2019-12-18,00790B,0,0,0,0,0,900000,0,0,0,0,0,21519,X
2019-12-18,00791B,0,0,0,0,0,101150000,0,0,0,0,0,23589,X
2019-12-18,00792B,0,0,0,0,0,60653750,0,0,0,0,0,267769,X
2019-12-18,00793B,0,0,0,0,0,1256500,0,0,0,0,0,31029,X
2019-12-18,00794B,0,0,0,0,0,123171750,0,0,0,0,0,31489,X
2019-12-18,00795B,0,0,0,0,0,203149500,0,0,0,0,0,989624,X
2019-12-18,00796B,0,0,0,0,0,29867500,0,0,0,0,0,74370,X
2019-12-18,00797B,0,0,0,0,0,1559000,0,0,0,0,0,66049,X
2019-12-18,00798B,0,0,0,0,0,2517750,0,0,0,0,0,37519,X
2019-12-18,00799B,0,0,0,0,0,3009000,0,0,0,0,0,42109,X
2019-12-18,00831B,0,0,0,0,0,102025000,0,0,0,0,0,42450,X
2019-12-18,00832B,0,0,0,0,0,1825000,0,0,0,0,0,37179,X
2019-12-18,00833B,0,0,0,0,0,270250,0,0,0,0,0,37080,X
2019-12-18,00834B,0,0,0,0,0,8674500,0,0,0,0,0,45589,X
2019-12-18,00835B,0,0,0,0,0,297750,0,0,0,0,0,36229,X
2019-12-18,00836B,0,0,0,0,0,27260250,0,0,0,0,0,30549,X
2019-12-18,00837B,0,0,0,0,0,260250,0,0,0,0,0,32430,X
2019-12-18,00838B,0,0,0,0,0,10922750,0,0,0,0,0,41529,X
2019-12-18,00839B,0,0,0,0,0,9235250,0,0,0,0,0,31029,X
2019-12-18,00840B,0,0,0,0,0,9732750,0,0,0,0,0,32289,X
2019-12-18,00841B,0,0,0,0,0,11110000,0,0,0,0,0,30739,X
2019-12-18,00842B,0,0,0,0,0,14191750,0,0,0,0,0,153720,X
2019-12-18,00843B,0,0,0,0,0,1755250,0,0,0,0,0,31459,X
2019-12-18,00844B,0,0,0,0,0,11043750,0,0,0,0,0,77329,X
2019-12-18,00845B,0,0,0,0,0,13012750,0,0,0,0,0,64761,X
2019-12-18,00846B,0,0,0,0,0,44337500,0,0,0,0,0,65310,X
2019-12-18,00847B,0,0,0,0,0,10701250,0,0,0,0,0,119299,X
2019-12-18,00848B,0,0,0,0,0,50766500,0,0,0,0,0,65089,X
2019-12-18,00849B,0,0,0,0,0,163026500,0,0,0,0,0,64899,X
2019-12-18,00853B,0,0,0,0,0,1533500,0,0,0,0,0,9900,X
2019-12-18,00854B,0,0,0,0,0,1238500,0,0,0,0,0,64751,X
2019-12-18,00855B,0,0,0,0,0,1045750,0,0,0,0,0,64389,X
2019-12-18,00856B,0,0,0,0,0,7198000,0,0,0,0,0,30199,X
2019-12-18,00857B,0,0,0,0,0,1442000,0,0,0,0,0,36429,X
2019-12-18,00858,0,0,0,0,0,2593500,0,0,0,0,0,33690,X
2019-12-18,00859B,0,0,0,0,0,3252750,0,0,0,0,0,33369,X
2019-12-18,00860B,0,0,0,0,0,2917750,0,0,0,0,0,33709,X
2019-12-18,00862B,0,0,0,0,0,3470250,0,0,0,0,0,77019,X
2019-12-18,00863B,0,0,0,0,0,5366000,0,0,0,0,0,69159,X
2019-12-18,00864B,0,0,0,0,0,3930500,0,0,0,0,0,64269,X
2019-12-18,00867B,0,0,0,0,0,6287500,0,0,0,0,0,9349,X
2019-12-18,00868B,0,0,0,0,0,1581000,0,0,0,0,0,33075,X
2019-12-18,00869B,0,0,0,0,0,1945500,0,0,0,0,0,39150,X
2019-12-18,1240,0,0,0,0,0,8497500,0,0,0,0,0,22207,
2019-12-18,1258,2000,0,0,0,2000,9204947,0,0,0,0,0,4711,
2019-12-18,1259,0,0,0,0,0,8097375,0,0,0,0,0,16520,
2019-12-18,1264,0,0,0,0,0,8423992,1000,0,0,0,1000,2520,
2019-12-18,1268,0,0,0,0,0,9403432,1000,0,0,0,1000,8099,
2019-12-18,1333,0,0,0,0,0,0,0,0,0,0,0,0,XV
2019-12-18,1336,0,0,0,0,0,21287104,0,0,0,0,0,46139,
2019-12-18,1565,27000,1000,2000,0,26000,12604129,325000,17000,12000,0,330000,185209,
2019-12-18,1569,971000,2000,119000,32000,822000,28335922,2030530,13000,0,0,2043530,874727,
2019-12-18,1570,0,0,0,0,0,12875209,0,0,0,0,0,45944,
2019-12-18,1580,0,0,0,0,0,12557560,11000,0,0,0,11000,68810,
2019-12-18,1584,0,0,0,0,0,20617633,0,0,0,0,0,13557,
2019-12-18,1586,6000,0,4000,0,2000,20037800,146227,0,0,0,146227,69063,
2019-12-18,1591,0,0,0,0,0,8291201,96000,0,0,0,96000,5847,
2019-12-18,1593,0,0,0,0,0,7987113,56000,0,0,0,56000,13589,
2019-12-18,1595,0,0,0,0,0,11787033,105501,0,0,0,105501,21528,
2019-12-18,1597,290000,29000,2000,0,317000,20296887,1895650,8000,63000,11000,1851650,141855,
2019-12-18,1599,2000,0,0,0,2000,18452955,0,0,0,0,0,25622,
2019-12-18,1742,0,0,0,0,0,10365273,0,0,0,0,0,41934,
2019-12-18,1752,55000,51000,1000,0,105000,25247118,112000,65000,0,0,177000,459203,
2019-12-18,1777,0,0,0,0,0,7514887,0,0,0,0,0,22801,
2019-12-18,1781,0,0,0,0,0,0,0,0,0,0,0,0,XV
2019-12-18,1784,48000,1000,2000,0,47000,12406731,776000,17000,0,0,793000,250385,
2019-12-18,1785,70000,0,0,0,70000,99357810,1244646,6000,0,0,1250646,226301,
2019-12-18,1788,0,0,0,0,0,9000000,84979,0,0,0,84979,4655,
2019-12-18,1796,0,0,0,0,0,0,0,0,0,0,0,1570,Y
2019-12-18,1799,0,0,0,0,0,0,0,0,0,0,0,0,XV
2019-12-18,1813,4000,0,0,0,4000,11658877,50000,0,0,0,50000,76466,
2019-12-18,1815,1671000,3000,2000,0,1672000,106986624,5351000,65000,0,0,5416000,718036,
2019-12-18,2035,0,0,0,0,0,87500000,0,0,0,0,0,2087,
2019-12-18,2063,0,0,0,0,0,11250000,0,0,0,0,0,14372,
2019-12-18,2064,0,0,0,0,0,17500000,0,0,0,0,0,6338,
2019-12-18,2065,9000,0,0,0,9000,8169805,0,0,0,0,0,25221,
2019-12-18,2066,0,0,0,0,0,9125717,0,0,0,0,0,6604,
2019-12-18,2067,0,0,0,0,0,11284544,0,0,0,0,0,23250,
2019-12-18,2070,0,0,0,0,0,9195700,0,0,0,0,0,12254,
2019-12-18,2221,1000,0,0,0,1000,10581250,0,0,0,0,0,10621,
2019-12-18,2230,7000,6000,0,0,13000,9978298,1000,0,0,0,1000,9891,
2019-12-18,2235,0,0,0,0,0,8969500,0,0,0,0,0,4075,
2019-12-18,2596,1000,0,0,0,1000,25000000,1000,0,0,0,1000,30882,
2019-12-18,2640,0,0,0,0,0,13438765,0,0,0,0,0,25470,
2019-12-18,2641,8000,0,0,0,8000,37781160,0,0,0,0,0,44660,
2019-12-18,2719,0,0,0,0,0,0,0,0,0,0,0,0,XV
2019-12-18,2724,0,0,0,0,0,0,0,0,0,0,0,0,XV
2019-12-18,2726,0,5000,0,0,5000,8727135,5000,0,0,0,5000,8957,
2019-12-18,2729,0,0,0,0,0,0,1000,0,0,0,1000,9584,Y
2019-12-18,2732,134000,2000,2000,0,134000,10076587,480000,7000,0,0,487000,117621,
2019-12-18,2734,0,0,0,0,0,0,0,0,0,0,0,0,XV
2019-12-18,2736,0,0,0,0,0,12248095,0,0,0,0,0,14862,
2019-12-18,2916,0,0,0,0,0,13656719,0,0,0,0,0,4950,
2019-12-18,2924,0,0,0,0,0,8201293,0,0,0,0,0,784,
2019-12-18,2926,0,0,0,0,0,11847412,1000,0,0,0,1000,6410,
2019-12-18,2928,0,0,0,0,0,11825288,10000,0,0,0,10000,5426,
2019-12-18,3064,0,0,0,0,0,0,0,0,0,0,0,0,XV
2019-12-18,3066,0,0,0,0,0,0,0,0,0,0,0,0,XV
2019-12-18,3071,11000,1000,0,0,12000,27500000,0,0,0,0,0,189017,
2019-12-18,3073,0,0,0,0,0,0,0,0,0,0,0,0,XV
2019-12-18,3078,151000,0,0,0,151000,56847766,844000,0,18000,0,826000,888557,
2019-12-18,3081,297000,10000,15000,0,292000,22737794,2649400,67000,9000,0,2707400,282101,
2019-12-18,3083,1081000,1000,61000,0,1021000,21426089,1136000,5000,7000,0,1134000,509055,
2019-12-18,3085,0,0,0,0,0,0,0,0,0,0,0,0,XV
2019-12-18,3086,0,0,0,0,0,0,0,0,0,0,0,0,XV
2019-12-18,3088,167000,0,0,35000,132000,20341450,167000,0,0,0,167000,46925,
2019-12-18,3089,0,0,0,0,0,0,0,0,0,0,0,0,XV
2019-12-18,3092,181000,0,0,0,181000,18640690,257000,0,0,0,257000,48627,
2019-12-18,3093,0,0,0,0,0,9072223,0,0,0,0,0,2878,
2019-12-18,3095,0,0,0,0,0,0,0,0,0,0,0,0,XV
2019-12-18,3105,3222000,245000,65000,0,3402000,101014096,994000,47000,0,0,1041000,2302921,
2019-12-18,3114,7000,0,1000,0,6000,14000000,98000,8000,0,0,106000,65603,
2019-12-18,3118,0,0,0,0,0,8113215,0,0,0,0,0,4116,
2019-12-18,3122,0,0,0,0,0,9824983,0,0,0,0,0,19845,
2019-12-18,3128,0,0,0,0,0,10500000,0,0,0,0,0,24979,
2019-12-18,3131,0,0,0,0,0,0,67000,0,6000,0,61000,456268,Y
2019-12-18,3141,47000,0,1000,0,46000,15979374,25000,0,0,0,25000,92421,
2019-12-18,3144,356000,8000,44000,1000,319000,25159437,323000,0,157000,0,166000,376236,
2019-12-18,3147,45000,0,0,0,45000,8501524,31000,0,0,0,31000,359106,
2019-12-18,3152,33000,1000,4000,0,30000,17254050,210000,3000,0,0,213000,179791,
2019-12-18,3162,0,0,0,0,0,0,0,0,0,0,0,0,XV
2019-12-18,3163,62000,1000,4000,0,59000,18821724,1711000,2000,219000,0,1494000,327192,
2019-12-18,3169,9000,0,2000,0,7000,13610162,390000,0,0,0,390000,45046,
2019-12-18,3171,0,0,0,0,0,9800878,0,0,0,0,0,7644,
2019-12-18,3178,0,0,0,0,0,11262500,0,0,0,0,0,6778,
2019-12-18,3188,559000,0,392000,149000,18000,30073780,24000,0,0,0,24000,43199,
2019-12-18,3191,0,0,0,0,0,0,0,0,0,0,0,0,XV
2019-12-18,3202,165000,0,0,0,165000,29291217,1707200,0,0,0,1707200,130450,
2019-12-18,3205,187000,0,0,0,187000,8193157,345455,2000,0,0,347455,83964,
2019-12-18,3206,13000,1000,0,0,14000,13479155,10000,0,0,0,10000,272115,
2019-12-18,3207,0,0,0,0,0,0,0,0,0,0,0,0,XV
2019-12-18,3211,81000,2000,14000,0,69000,36870130,395000,0,0,0,395000,437153,
2019-12-18,3213,0,0,0,0,0,14671386,3000,0,0,0,3000,56071,
2019-12-18,3217,518000,4000,12000,0,510000,20526050,490000,0,27000,0,463000,1284154,
2019-12-18,3218,967000,10000,11000,0,966000,19030750,482438,38000,0,0,520438,728694,
2019-12-18,3219,0,0,0,0,0,0,0,0,0,0,0,0,XV
2019-12-18,3221,423000,7000,20000,0,410000,24076102,2431700,0,0,0,2431700,1351692,
2019-12-18,3224,67000,2000,0,0,69000,14504011,781000,0,186000,0,595000,40484,
2019-12-18,3226,0,0,0,0,0,16107643,0,0,0,0,0,3067,
2019-12-18,3227,1900000,53000,194000,0,1759000,34300231,2547000,8000,7000,0,2548000,2645319,
2019-12-18,3230,0,0,0,0,0,0,0,0,0,0,0,0,XV
2019-12-18,3232,8000,0,0,0,8000,9141966,0,0,0,0,0,91611,
2019-12-18,3234,1358000,55000,26000,0,1387000,18997173,2190000,42000,3000,0,2229000,828575,
2019-12-18,3236,1000,0,0,0,1000,21213025,219405,0,0,0,219405,84739,
2019-12-18,3252,1000,0,0,0,1000,12548938,0,0,0,0,0,11976,
2019-12-18,3259,0,0,0,0,0,0,0,0,0,0,0,0,XV
2019-12-18,3260,4454000,109000,418000,0,4145000,54931343,6013420,90000,571000,0,5532420,1955610,
2019-12-18,3264,124000,19000,4000,1000,138000,122564794,506000,0,0,0,506000,501280,
2019-12-18,3265,2000,0,0,0,2000,34065414,56700,0,0,0,56700,221311,
2019-12-18,3272,39000,0,0,0,39000,13066241,38164,0,0,0,38164,59447,
2019-12-18,3276,0,0,0,0,0,0,0,0,0,0,0,0,XV
2019-12-18,3284,0,0,0,0,0,13990447,0,0,0,0,0,120075,
2019-12-18,3285,0,0,0,0,0,11027331,0,0,0,0,0,12453,
2019-12-18,3287,0,0,0,0,0,0,0,0,0,0,0,0,XV
2019-12-18,3288,0,0,0,0,0,0,0,0,0,0,0,0,XV
2019-12-18,3289,263000,3000,12000,0,254000,23243780,2607966,0,48000,0,2559966,620692,
2019-12-18,3290,402000,0,19000,0,383000,24887231,605000,0,0,0,605000,59619,
2019-12-18,3293,286000,15000,27000,0,274000,17605785,138000,5000,0,0,143000,315825,
2019-12-18,3294,5000,0,0,0,5000,33003979,416000,0,0,0,416000,53068,
2019-12-18,3297,0,0,0,0,0,9209861,0,0,0,0,0,6900,
2019-12-18,3303,0,0,0,0,0,24022401,0,0,0,0,0,43840,
2019-12-18,3306,0,0,0,0,0,12651925,0,0,0,0,0,12903,
2019-12-18,3310,3000,0,0,0,3000,12556317,0,0,0,0,0,16424,
2019-12-18,3313,6000,0,0,0,6000,0,0,0,0,0,0,0,XV
2019-12-18,3317,431000,10000,22000,0,419000,15312887,1131000,0,0,0,1131000,731446,
2019-12-18,3322,0,0,0,0,0,24162880,12000,0,0,0,12000,41075,
2019-12-18,3323,4000,0,0,0,4000,20826478,411000,0,0,0,411000,57728,
2019-12-18,3324,4544000,326000,109000,15000,4746000,21314849,2025000,443000,15000,0,2453000,1832595,
2019-12-18,3325,1000,0,0,0,1000,18063122,41000,0,0,0,41000,36813,
2019-12-18,3332,0,0,0,0,0,12026061,0,0,0,0,0,2281,
2019-12-18,3339,0,0,0,0,0,0,0,0,0,0,0,0,XV
2019-12-18,3354,20000,0,0,0,20000,17528106,0,0,0,0,0,20339,
2019-12-18,3360,1755000,7000,1000,0,1761000,17207763,1575000,0,0,0,1575000,174823,
2019-12-18,3362,133000,0,0,0,133000,27886470,1444000,0,9000,0,1435000,46561,
2019-12-18,3363,527000,11000,2000,0,536000,22648962,2157000,0,428000,0,1729000,143347,
2019-12-18,3372,0,0,0,0,0,36521832,8000,0,0,0,8000,84658,
2019-12-18,3373,0,0,0,0,0,10822450,0,0,0,0,0,6417,
2019-12-18,3374,4958000,344000,425000,0,4877000,67930629,3862090,12000,110000,0,3764090,3470605,
2019-12-18,3379,0,0,0,0,0,9510437,0,0,0,0,0,14010,
2019-12-18,3388,2000,0,0,0,2000,18515250,26128,0,0,0,26128,14093,
2019-12-18,3390,159000,1000,17000,0,143000,16876264,20000,0,0,0,20000,132897,
2019-12-18,3402,1000,5000,0,0,6000,18261923,116000,23000,0,0,139000,160070,
2019-12-18,3434,0,0,0,0,0,5675000,0,0,0,0,0,3273,
2019-12-18,3438,565000,86000,53000,0,598000,16844933,500000,9000,0,0,509000,684404,
2019-12-18,3441,20000,2000,5000,0,17000,10009980,82000,0,0,0,82000,20519,
2019-12-18,3444,47000,0,0,0,47000,9778646,80000,0,0,0,80000,21715,
2019-12-18,3452,0,0,0,0,0,0,0,0,0,0,0,0,XV
2019-12-18,3455,565000,0,0,0,565000,15367187,2165300,0,8000,0,2157300,182973,
2019-12-18,3466,7000,0,1000,0,6000,15221893,0,0,0,0,0,44546,
2019-12-18,3479,240000,0,4000,0,236000,17548541,36930,0,0,0,36930,215225,
2019-12-18,3483,1119000,10000,51000,0,1078000,14256840,1819000,0,77000,0,1742000,1117153,
2019-12-18,3484,0,0,0,0,0,17434139,138901,0,0,0,138901,41169,
2019-12-18,3489,0,0,0,0,0,20782667,0,0,0,0,0,23936,
2019-12-18,3490,15000,0,0,0,15000,14251608,318000,0,0,0,318000,71276,
2019-12-18,3491,242000,2000,28000,0,216000,15146715,2709225,0,12000,0,2697225,200230,
2019-12-18,3492,0,0,0,0,0,8882900,0,0,0,0,0,8757,
2019-12-18,3498,19000,0,1000,0,18000,13593252,3000,0,0,0,3000,40310,
2019-12-18,3499,4000,0,0,0,4000,13742649,59800,0,0,0,59800,30390,
2019-12-18,3508,572000,7000,24000,0,555000,24328934,2742000,0,144000,0,2598000,92322,
2019-12-18,3511,332000,6000,18000,0,320000,12493236,2267000,0,3000,0,2264000,826935,
2019-12-18,3512,13000,0,0,0,13000,11000000,34000,0,0,0,34000,12960,
2019-12-18,3516,0,0,0,0,0,12647554,5000,0,0,0,5000,12221,
2019-12-18,3520,0,0,0,0,0,0,0,0,0,0,0,0,XV
2019-12-18,3521,3000,0,0,0,3000,7932643,0,0,0,0,0,91376,
2019-12-18,3522,40000,0,1000,0,39000,11725000,0,0,0,0,0,30429,
2019-12-18,3523,0,0,0,0,0,0,0,0,0,0,0,0,XV
2019-12-18,3526,519000,3000,8000,51000,463000,16077761,708000,0,40000,0,668000,278474,
2019-12-18,3527,36000,0,0,0,36000,10236281,1116000,0,0,0,1116000,154422,
2019-12-18,3529,68000,13000,1000,0,80000,18957860,250630,2000,0,0,252630,84048,
2019-12-18,3531,0,0,0,0,0,15293752,0,0,0,0,0,11963,
2019-12-18,3537,3000,0,0,0,3000,12173805,5000,0,0,0,5000,74620,
2019-12-18,3540,39000,6000,2000,0,43000,16653261,49000,0,0,0,49000,79673,
2019-12-18,3541,3000,0,0,0,3000,12330271,25900,0,0,0,25900,51406,
2019-12-18,3546,62000,1000,1000,0,62000,10436979,140740,0,0,0,140740,349904,
2019-12-18,3548,73000,3000,0,0,76000,15030349,6000,0,0,0,6000,492084,
2019-12-18,3551,50000,1000,2000,0,49000,14193722,962000,20000,0,0,982000,625210,
2019-12-18,3552,875000,0,14000,0,861000,21398237,4495000,0,67000,0,4428000,145985,
2019-12-18,3555,0,0,0,0,0,0,0,0,0,0,0,0,XV
2019-12-18,3556,3000,0,0,0,3000,14867168,207250,0,0,0,207250,38139,
2019-12-18,3558,20000,0,1000,0,19000,12265220,14490,0,0,0,14490,84351,
2019-12-18,3567,0,0,0,0,0,8531750,6000,0,0,0,6000,14493,
2019-12-18,3577,0,0,0,0,0,13216044,1000,0,0,0,1000,5537,
2019-12-18,3580,235000,26000,28000,0,233000,9867664,229903,15000,0,0,244903,341492,
2019-12-18,3581,0,0,0,0,0,12751500,0,0,0,0,0,49262,
2019-12-18,3587,174000,4000,19000,0,159000,15578289,934098,17000,12000,0,939098,755754,
2019-12-18,3594,2000,1000,0,0,3000,14433297,5000,0,0,0,5000,28314,
2019-12-18,3609,0,0,0,0,0,7584846,0,0,0,0,0,15180,
2019-12-18,3611,5000,0,0,0,5000,10609235,65200,0,0,0,65200,14098,
2019-12-18,3615,7000,0,1000,0,6000,17116744,5000,0,0,0,5000,47022,
2019-12-18,3623,0,1000,0,0,1000,7318367,16000,0,0,0,16000,11115,
2019-12-18,3624,513000,435000,0,0,948000,29335210,615000,47000,302000,0,360000,279710,
2019-12-18,3625,24000,0,0,0,24000,19574000,98485,0,0,0,98485,291265,
2019-12-18,3628,0,0,0,0,0,11250000,10000,0,0,0,10000,6790,
2019-12-18,3630,1728000,101000,54000,0,1775000,32010115,7842741,40000,0,0,7882741,644525,
2019-12-18,3631,134000,36000,2000,0,168000,19980227,0,0,0,0,0,129733,
2019-12-18,3632,0,0,0,0,0,0,0,0,0,0,0,0,XV
2019-12-18,3642,64000,0,1000,0,63000,7592160,0,0,0,0,0,161829,
2019-12-18,3646,0,0,0,0,0,9824342,1000,0,0,0,1000,20017,
2019-12-18,3652,0,0,0,0,0,11774375,0,0,0,0,0,124098,
2019-12-18,3663,11000,2000,2000,0,11000,14739240,20000,0,0,0,20000,112348,
2019-12-18,3664,0,0,0,0,0,12774583,2000,0,0,0,2000,5825,
2019-12-18,3666,1000,0,0,0,1000,12074900,0,0,0,0,0,37334,
2019-12-18,3672,1000,0,0,0,1000,8292093,0,0,0,0,0,6594,
2019-12-18,3675,0,0,0,0,0,11107062,2000,0,0,0,2000,6543,
2019-12-18,3680,2037000,212000,135000,0,2114000,17640145,329000,10000,0,0,339000,1286521,
2019-12-18,3685,26000,1000,7000,1000,19000,19997500,71000,0,0,0,71000,40629,
2019-12-18,3687,178000,3000,1000,0,180000,7514893,173000,0,3000,0,170000,152917,
2019-12-18,3689,0,0,0,0,0,17418951,0,0,0,0,0,20139,
2019-12-18,3691,786000,20000,11000,0,795000,15247259,1033400,1000,0,0,1034400,102345,
2019-12-18,3693,3000,0,0,0,3000,9622673,0,0,0,0,0,20092,
2019-12-18,3707,5804000,170000,89000,40000,5845000,72649401,17992701,35000,540000,0,17487701,1190673,
2019-12-18,3709,0,0,0,0,0,19892362,0,0,0,0,0,26256,
2019-12-18,3710,13000,0,0,0,13000,51822680,434000,0,0,0,434000,374028,
2019-12-18,4102,0,0,0,0,0,10593360,0,0,0,0,0,13281,
2019-12-18,4105,5000,0,0,0,5000,62162489,568000,0,0,0,568000,190057,
2019-12-18,4107,11000,0,0,0,11000,17324584,81700,0,0,0,81700,143877,
2019-12-18,4109,10000,0,10000,0,0,16783560,103000,0,0,0,103000,79986,
2019-12-18,4111,0,0,0,0,0,14245746,13000,0,0,0,13000,55975,
2019-12-18,4113,9000,0,0,0,9000,52784534,251533,0,0,0,251533,184962,
2019-12-18,4114,9000,0,0,0,9000,61042131,2533644,11000,0,0,2544644,200146,
2019-12-18,4116,3000,0,0,0,3000,11141500,1000,0,0,0,1000,21078,
2019-12-18,4120,1000,0,1000,0,0,21686779,23000,0,0,0,23000,47962,
2019-12-18,4121,3000,0,0,0,3000,18329191,20000,0,0,0,20000,111527,
2019-12-18,4123,309000,3000,10000,0,302000,96945465,6272314,16000,32000,0,6256314,349205,
2019-12-18,4126,4000,2000,0,0,6000,16503804,91000,0,0,0,91000,83080,
2019-12-18,4127,0,0,0,0,0,0,0,0,0,0,0,0,XV
2019-12-18,4129,40000,0,0,0,40000,20105211,166000,0,0,0,166000,34649,
2019-12-18,4130,3000,0,0,0,3000,26453725,98000,2000,0,0,100000,52170,
2019-12-18,4138,0,0,0,0,0,7500000,20000,0,0,0,20000,13770,
2019-12-18,4147,0,0,0,0,0,0,8175000,0,219000,0,7956000,725933,Y
2019-12-18,4152,0,0,0,0,0,0,42000,0,0,0,42000,52767,Y
2019-12-18,4153,1000,0,0,0,1000,12341643,10000,0,0,0,10000,17957,
2019-12-18,4157,347000,2000,17000,0,332000,179210106,2358000,0,0,0,2358000,977894,
2019-12-18,4161,57000,1000,10000,0,48000,13164934,3000,0,0,0,3000,283376,
2019-12-18,4162,60000,0,2000,0,58000,36666710,1930195,34000,8000,0,1956195,120279,
2019-12-18,4163,43000,0,0,0,43000,10060446,96000,0,20000,0,76000,72655,
2019-12-18,4167,0,0,0,0,0,0,612000,0,0,0,612000,231090,Y
2019-12-18,4173,18000,0,7000,0,11000,11143588,2000,0,0,0,2000,76498,
2019-12-18,4175,1000,0,0,0,1000,7722144,5000,0,0,0,5000,15458,
2019-12-18,4205,0,0,0,0,0,20175460,0,0,0,0,0,7399,
2019-12-18,4207,0,0,0,0,0,43232208,24000,0,0,0,24000,37545,
2019-12-18,4303,0,0,0,0,0,17500000,8000,0,0,0,8000,16926,
2019-12-18,4304,0,0,0,0,0,0,0,0,0,0,0,0,XV
2019-12-18,4305,0,0,0,0,0,13753500,0,0,0,0,0,1622,
2019-12-18,4401,6000,0,0,0,6000,30071571,601000,0,0,0,601000,66119,
2019-12-18,4406,0,0,0,0,0,12978000,0,0,0,0,0,3453,
2019-12-18,4413,0,0,0,0,0,0,0,0,0,0,0,0,XV
2019-12-18,4416,0,0,0,0,0,15003903,0,0,0,0,0,619,
2019-12-18,4417,0,0,0,0,0,20992849,30000,0,0,0,30000,16055,
2019-12-18,4420,7000,0,2000,0,5000,10113750,0,0,0,0,0,26261,
2019-12-18,4429,1000,0,0,0,1000,8587500,0,0,0,0,0,6256,
2019-12-18,4430,0,0,0,0,0,13768402,0,0,0,0,0,31998,
2019-12-18,4432,0,0,0,0,0,12647250,5000,0,0,0,5000,13774,
2019-12-18,4433,37000,0,0,0,37000,11597221,532296,0,0,0,532296,45747,
2019-12-18,4502,48000,1000,0,0,49000,12442040,54000,0,0,0,54000,46447,
2019-12-18,4503,0,0,0,0,0,5975759,0,0,0,0,0,10715,
2019-12-18,4506,0,0,0,0,0,44253000,1000,0,0,0,1000,5942,
2019-12-18,4510,0,0,0,0,0,27002672,0,0,0,0,0,13914,
2019-12-18,4513,0,0,0,0,0,19220075,0,0,0,0,0,24516,
2019-12-18,4523,235000,9000,4000,0,240000,16000000,40000,0,0,0,40000,130997,
2019-12-18,4527,0,0,0,0,0,19038092,0,0,0,0,0,11920,
2019-12-18,4528,5000,0,0,0,5000,19128567,79000,0,0,0,79000,45526,
2019-12-18,4529,31000,0,4000,0,27000,12515278,202000,0,0,0,202000,36555,
2019-12-18,4530,0,0,0,0,0,0,0,0,0,0,0,0,XV
2019-12-18,4533,0,0,0,0,0,39608527,62000,0,0,0,62000,22496,
2019-12-18,4534,0,0,0,0,0,22298487,0,0,0,0,0,32882,
2019-12-18,4535,0,0,0,0,0,18915435,0,0,0,0,0,11367,
2019-12-18,4538,0,0,0,0,0,11900000,0,0,0,0,0,4330,
2019-12-18,4541,0,0,0,0,0,17374767,0,0,0,0,0,18337,
2019-12-18,4543,0,0,0,0,0,14242500,0,0,0,0,0,4923,
2019-12-18,4549,0,0,0,0,0,10595921,0,0,0,0,0,8328,
2019-12-18,4550,2000,0,0,0,2000,9274211,0,0,0,0,0,68294,
2019-12-18,4556,0,0,0,0,0,10432000,0,0,0,0,0,12372,
2019-12-18,4561,0,0,0,0,0,14630404,0,0,0,0,0,9589,
2019-12-18,4563,3000,0,0,0,3000,11237500,0,0,0,0,0,15018,
2019-12-18,4568,0,0,0,0,0,7583750,0,0,0,0,0,4512,
2019-12-18,4609,0,0,0,0,0,0,0,0,0,0,0,0,XV
2019-12-18,4706,0,0,0,0,0,19757523,0,0,0,0,0,4230,
2019-12-18,4707,0,0,0,0,0,71641794,0,0,0,0,0,81929,
2019-12-18,4711,0,0,0,0,0,15264000,0,0,0,0,0,2622,
2019-12-18,4712,0,0,0,0,0,0,0,0,0,0,0,0,XV
2019-12-18,4714,273000,0,1000,0,272000,25816787,251815,0,13000,0,238815,136497,
2019-12-18,4716,0,0,0,0,0,18792890,0,0,0,0,0,19663,
2019-12-18,4721,14000,0,0,0,14000,18746576,384000,0,0,0,384000,73899,
2019-12-18,4728,224000,1000,9000,0,216000,13615750,8000,0,0,0,8000,82056,
2019-12-18,4735,113000,0,2000,0,111000,8354593,0,0,0,0,0,77787,
2019-12-18,4736,91000,0,1000,0,90000,21008855,1344000,4000,4000,0,1344000,61759,
2019-12-18,4741,0,0,0,0,0,8210396,0,0,0,0,0,8876,
2019-12-18,4744,8000,0,0,0,8000,11713916,343000,0,0,0,343000,182359,
2019-12-18,4745,4000,0,0,0,4000,18440368,138840,0,0,0,138840,28776,
2019-12-18,4747,0,0,0,0,0,7504687,0,0,0,0,0,1908,X
2019-12-18,4803,43000,1000,0,0,44000,9844871,852312,1000,3000,0,850312,95442,
2019-12-18,4804,2000,0,0,0,2000,9007980,10000,0,0,0,10000,9824,
2019-12-18,4806,0,0,0,0,0,0,0,0,0,0,0,0,XV
2019-12-18,4903,0,0,0,0,0,0,0,0,0,0,0,0,XV
2019-12-18,4905,0,0,0,0,0,9205629,4000,0,0,0,4000,6133,
2019-12-18,4907,4000,0,0,0,4000,29536444,53000,0,0,0,53000,23346,
2019-12-18,4908,1181000,136000,326000,3000,988000,19554226,1540000,95000,0,0,1635000,1790269,
2019-12-18,4909,10000,0,0,0,10000,23339216,243000,0,0,0,243000,28541,
2019-12-18,4924,0,0,0,0,0,0,0,0,0,0,0,0,XV
2019-12-18,4933,1000,0,0,0,1000,19516668,334000,0,94000,0,240000,30500,
2019-12-18,4939,218000,1000,0,0,219000,24550217,710000,0,0,0,710000,75957,
2019-12-18,4944,0,0,0,0,0,0,0,0,0,0,0,0,XV
2019-12-18,4947,209000,3000,38000,0,174000,13996567,713000,0,0,0,713000,408874,
2019-12-18,4953,156000,1000,2000,0,155000,16600276,2688163,0,6000,0,2682163,256950,
2019-12-18,4966,77000,4000,0,0,81000,19979507,193000,3000,0,0,196000,162483,
2019-12-18,4971,3000,0,1000,0,2000,9133885,70000,0,1000,0,69000,56951,
2019-12-18,4972,0,0,0,0,0,10034450,0,0,0,0,0,14884,
2019-12-18,4973,164000,933000,5000,0,1092000,15876458,232000,86000,0,0,318000,732589,
2019-12-18,4974,17000,1000,0,0,18000,18125026,26000,0,0,0,26000,292853,
2019-12-18,4979,2121000,50000,22000,0,2149000,21644069,1985872,17000,2000,0,2000872,449626,
2019-12-18,4991,107000,0,6000,0,101000,22708376,1139000,0,0,0,1139000,568076,
2019-12-18,4995,4000,0,0,0,4000,10402259,0,0,0,0,0,17964,
2019-12-18,5009,11000,0,0,0,11000,116683997,2539000,0,1000,0,2538000,173997,
2019-12-18,5011,0,0,0,0,0,10283967,7000,0,0,0,7000,2831,
2019-12-18,5013,0,0,0,0,0,33354000,1000,0,0,0,1000,4057,
2019-12-18,5014,18000,0,0,0,18000,41333263,11000,0,0,0,11000,61481,
2019-12-18,5015,0,0,0,0,0,15159797,5000,0,0,0,5000,16750,
2019-12-18,5016,0,0,0,0,0,12405519,0,0,0,0,0,5167,
2019-12-18,5102,0,0,0,0,0,16021266,0,0,0,0,0,9927,
2019-12-18,5201,0,0,0,0,0,7668650,0,0,0,0,0,8333,
2019-12-18,5202,0,0,0,0,0,0,0,0,0,0,0,0,XV
2019-12-18,5206,0,0,0,0,0,37125000,1000,0,0,0,1000,79092,
2019-12-18,5210,0,0,0,0,0,15924944,0,0,0,0,0,23775,
2019-12-18,5211,2000,0,0,0,2000,8006181,0,0,0,0,0,11365,
2019-12-18,5212,0,0,0,0,0,8658250,0,0,0,0,0,20076,
2019-12-18,5213,5000,0,0,0,5000,86548858,379000,0,0,0,379000,86815,
2019-12-18,5220,98000,0,0,0,98000,9916750,0,0,0,0,0,44367,
2019-12-18,5223,2000,0,0,0,2000,10811925,20000,0,0,0,20000,58179,
2019-12-18,5230,2000,0,0,0,2000,12488956,11000,0,0,0,11000,58038,
2019-12-18,5245,8000,3000,0,0,11000,11247500,9000,0,0,0,9000,47515,
2019-12-18,5251,3000,0,0,0,3000,6983894,5000,0,0,0,5000,10938,
2019-12-18,5263,4000,0,0,0,4000,13936852,250011,2000,0,0,252011,70416,
2019-12-18,5272,96000,0,3000,0,93000,14106029,893900,0,0,0,893900,425554,
2019-12-18,5274,55000,0,0,0,55000,8040700,79000,0,3000,0,76000,91647,
2019-12-18,5281,6000,0,0,0,6000,9252500,189000,0,0,0,189000,14673,
2019-12-18,5287,0,0,0,0,0,10643875,0,0,0,0,0,4311,
2019-12-18,5289,115000,8000,0,0,123000,19932362,95883,4000,0,0,99883,465685,
2019-12-18,5291,88000,7000,1000,25000,69000,9502251,15000,0,0,0,15000,218811,
2019-12-18,5299,73000,3000,2000,0,74000,8807245,1149000,3000,0,0,1152000,236686,
2019-12-18,5301,5000,0,0,0,5000,0,10000,0,0,0,10000,27640,X
2019-12-18,5302,0,0,0,0,0,0,0,0,0,0,0,0,XV
2019-12-18,5304,0,0,0,0,0,0,0,0,0,0,0,0,XV
2019-12-18,5306,0,0,0,0,0,31500000,58000,0,0,0,58000,18547,
2019-12-18,5309,0,0,0,0,0,0,0,0,0,0,0,0,XV
2019-12-18,5310,33000,0,0,0,33000,0,0,0,0,0,0,0,XV
2019-12-18,5312,0,0,0,0,0,15014974,85000,0,0,0,85000,17665,
2019-12-18,5314,0,0,0,0,0,0,0,0,0,0,0,0,XV
2019-12-18,5315,93000,0,0,0,93000,26587958,812600,0,0,0,812600,54405,
2019-12-18,5321,0,0,0,0,0,7200000,0,0,0,0,0,22341,
2019-12-18,5324,0,0,0,0,0,0,0,0,0,0,0,0,XV
2019-12-18,5328,0,0,0,0,0,0,0,0,0,0,0,0,XV
2019-12-18,5340,0,0,0,0,0,0,302000,0,0,0,302000,253040,X
2019-12-18,5344,0,0,0,0,0,0,0,0,0,0,0,0,XV
2019-12-18,5345,0,0,0,0,0,0,0,0,0,0,0,0,XV
2019-12-18,5347,640000,20000,12000,0,648000,409745566,25509000,65000,47000,0,25527000,2421938,
2019-12-18,5349,1279000,2000,10000,0,1271000,56024093,4246000,0,0,0,4246000,201854,
2019-12-18,5351,0,0,0,0,0,0,0,0,0,0,0,0,XV
2019-12-18,5353,2000,0,0,0,2000,18750000,0,0,0,0,0,25112,
2019-12-18,5355,0,0,0,0,0,0,0,0,0,0,0,0,XV
2019-12-18,5356,145000,2000,0,0,147000,25760000,527000,0,0,0,527000,54236,
2019-12-18,5371,70000,4000,2000,0,72000,108605777,1780000,0,0,0,1780000,295221,
2019-12-18,5381,0,0,0,0,0,0,0,0,0,0,0,0,XV
2019-12-18,5383,0,0,0,0,0,0,0,0,0,0,0,0,XV
2019-12-18,5386,12000,1000,0,0,13000,5618743,255000,0,0,0,255000,20469,
2019-12-18,5392,5000,0,0,0,5000,41657840,295019,0,0,0,295019,137644,
2019-12-18,5398,4000,0,0,0,4000,8262615,0,0,0,0,0,19546,
2019-12-18,5403,0,0,0,0,0,15657510,0,0,0,0,0,27550,
2019-12-18,5410,0,0,0,0,0,21475030,0,0,0,0,0,82719,
2019-12-18,5425,225000,12000,1000,0,236000,60678241,1361000,2000,0,0,1363000,643248,
2019-12-18,5426,0,0,0,0,0,35950000,139000,0,0,0,139000,33371,
2019-12-18,5432,4000,0,0,0,4000,5171951,0,0,0,0,0,21774,
2019-12-18,5438,0,0,0,0,0,28134141,3000,0,0,0,3000,22575,
2019-12-18,5439,31000,0,0,0,31000,21493938,84000,0,42000,0,42000,66916,
2019-12-18,5443,206000,113000,0,0,319000,41284036,995000,0,0,0,995000,340718,
2019-12-18,5450,0,0,0,0,0,0,0,0,0,0,0,0,XV
2019-12-18,5452,0,0,0,0,0,37190917,60474,0,0,0,60474,33971,
2019-12-18,5455,0,0,0,0,0,0,0,0,0,0,0,0,XV
2019-12-18,5457,2053000,80000,238000,1000,1894000,42411250,1502500,0,0,0,1502500,2692441,
2019-12-18,5460,0,0,0,0,0,15306807,0,0,0,0,0,87600,
2019-12-18,5464,2000,0,0,0,2000,17767872,0,0,0,0,0,32978,
2019-12-18,5465,1000,0,1000,0,0,22838726,31163,0,0,0,31163,24541,
2019-12-18,5468,0,0,0,0,0,0,0,0,0,0,0,0,XV
2019-12-18,5474,4000,0,0,0,4000,8432446,0,0,0,0,0,22475,
2019-12-18,5475,0,0,0,0,0,0,0,0,0,0,0,0,XV
2019-12-18,5478,5000,0,0,0,5000,31868583,417970,0,0,0,417970,39328,
2019-12-18,5481,2000,0,0,0,2000,18673472,65000,0,0,0,65000,93317,
2019-12-18,5483,2711000,258000,118000,0,2851000,146559162,2310000,164000,17000,0,2457000,2876650,
2019-12-18,5487,4000,0,0,0,4000,5794879,0,0,0,0,0,25488,
2019-12-18,5488,0,0,0,0,0,0,21000,0,0,0,21000,43133,X
2019-12-18,5489,0,0,0,0,0,25676610,125000,0,0,0,125000,10476,
2019-12-18,5490,52000,1000,1000,0,52000,23686650,195000,0,0,0,195000,326492,
2019-12-18,5493,1000,0,0,0,1000,11066173,0,0,0,0,0,99019,
2019-12-18,5498,396000,40000,23000,0,413000,37194528,3294000,2000,8000,0,3288000,799341,
2019-12-18,5508,11000,0,0,0,11000,54357033,172000,0,0,0,172000,36010,
2019-12-18,5511,2000,0,0,0,2000,28360000,0,0,0,0,0,49314,
2019-12-18,5512,0,0,0,0,0,185998178,1441143,1000,0,0,1442143,411075,
2019-12-18,5514,0,0,0,0,0,44160825,0,0,0,0,0,12957,
2019-12-18,5516,0,0,0,0,0,9573750,0,0,0,0,0,7221,
2019-12-18,5520,0,0,0,0,0,15078811,0,0,0,0,0,1074,
2019-12-18,5523,3000,0,3000,0,0,38750366,0,0,0,0,0,166520,
2019-12-18,5529,0,0,0,0,0,0,0,0,0,0,0,0,XV
2019-12-18,5530,0,0,0,0,0,99771049,481820,0,1000,0,480820,186011,
2019-12-18,5536,8000,0,0,0,8000,13546685,154000,0,0,0,154000,97668,
2019-12-18,5603,2000,0,0,0,2000,19581143,0,0,0,0,0,13528,
2019-12-18,5604,0,0,0,0,0,27195742,14000,0,0,0,14000,7584,
2019-12-18,5609,26000,0,0,0,26000,31500000,252000,0,0,0,252000,165851,
2019-12-18,5701,0,0,0,0,0,0,0,0,0,0,0,0,XV
2019-12-18,5703,0,0,0,0,0,17559898,0,0,0,0,0,480,
2019-12-18,5704,0,0,0,0,0,9715414,0,0,0,0,0,557,
2019-12-18,5820,65000,0,0,0,65000,927954935,2023240,1000,10000,0,2014240,609453,
2019-12-18,5864,0,0,0,0,0,59372605,0,0,0,0,0,25767,
2019-12-18,5902,0,0,0,0,0,0,0,0,0,0,0,0,XV
2019-12-18,5903,0,0,0,0,0,55805000,49000,0,0,0,49000,6595,
2019-12-18,5904,0,0,0,0,0,24421257,112000,0,1000,0,111000,48335,
2019-12-18,5905,1552000,27000,40000,0,1539000,47454239,571000,0,0,0,571000,1523100,
2019-12-18,6015,3000,0,0,0,3000,87625193,840000,0,0,0,840000,146510,
2019-12-18,6016,9000,0,0,0,9000,155930681,974684,43000,0,0,1017684,258562,
2019-12-18,6020,0,0,0,0,0,63088288,0,0,0,0,0,7754,
2019-12-18,6021,0,0,0,0,0,76688993,3000,0,0,0,3000,11487,
2019-12-18,6023,4000,0,0,0,4000,58069072,2000,0,0,0,2000,17570,
2019-12-18,6026,0,0,0,0,0,61255000,46000,0,0,0,46000,119490,
2019-12-18,6101,28000,0,1000,0,27000,14956712,133000,0,10000,0,123000,16161,
2019-12-18,6103,0,0,0,0,0,0,0,0,0,0,0,0,XV
2019-12-18,6104,24000,1000,0,0,25000,22637296,76150,0,0,0,76150,189916,
2019-12-18,6109,0,0,0,0,0,14350103,0,0,0,0,0,42775,
2019-12-18,6111,1406000,9000,9000,0,1406000,7063367,2234000,5000,0,0,2239000,211767,
2019-12-18,6113,0,0,0,0,0,0,0,0,0,0,0,0,XV
2019-12-18,6114,45000,0,5000,0,40000,10977984,0,0,0,0,0,25958,
2019-12-18,6118,16000,0,0,0,16000,22722393,0,0,0,0,0,57424,
2019-12-18,6121,104000,1000,3000,1000,101000,46242629,342800,1000,0,0,343800,418759,
2019-12-18,6122,0,0,0,0,0,17182272,1000,0,0,0,1000,53374,
2019-12-18,6123,0,0,0,0,0,14759357,27795,0,0,0,27795,43068,
2019-12-18,6124,36000,2000,0,0,38000,45619986,5000,0,0,0,5000,94127,
2019-12-18,6125,281000,0,0,0,281000,60502787,5042000,0,928000,0,4114000,335195,
2019-12-18,6126,7000,0,2000,0,5000,33981896,42831,0,0,0,42831,151454,
2019-12-18,6127,186000,4000,5000,0,185000,27019937,2574000,0,14000,0,2560000,360186,
2019-12-18,6129,6000,0,0,0,6000,45235918,1190000,0,0,0,1190000,350315,
2019-12-18,6134,0,0,0,0,0,0,0,0,0,0,0,0,XV
2019-12-18,6138,227000,2000,0,0,229000,18274625,729000,0,17000,0,712000,737144,
2019-12-18,6140,0,0,0,0,0,9591976,0,0,0,0,0,1907,
2019-12-18,6143,5000,0,2000,0,3000,20751724,207000,0,0,0,207000,53586,
2019-12-18,6144,0,0,0,0,0,0,0,0,0,0,0,0,XV
2019-12-18,6146,1000,1000,0,0,2000,23099138,120786,0,0,0,120786,16976,
2019-12-18,6147,424000,14000,23000,0,415000,163565499,2058000,1000,0,0,2059000,2248411,
2019-12-18,6148,2000,0,0,0,2000,11750000,0,0,0,0,0,19864,
2019-12-18,6150,860000,4000,0,0,864000,8322615,1688000,0,0,0,1688000,118048,
2019-12-18,6151,0,0,0,0,0,13814325,0,0,0,0,0,18534,
2019-12-18,6154,0,0,0,0,0,20020000,0,0,0,0,0,15160,
2019-12-18,6156,0,0,0,0,0,20360402,10000,0,0,0,10000,31540,
2019-12-18,6158,72000,0,0,0,72000,13167372,5000,0,0,0,5000,53691,
2019-12-18,6160,0,0,0,0,0,17122280,15000,0,0,0,15000,14747,
2019-12-18,6161,2000,0,0,0,2000,19745825,67000,0,0,0,67000,106409,
2019-12-18,6163,2000,20000,0,0,22000,25870423,468000,0,0,0,468000,151786,
2019-12-18,6167,0,0,0,0,0,0,0,0,0,0,0,0,XV
2019-12-18,6170,9000,2000,0,0,11000,22417509,148000,0,1000,0,147000,309312,
2019-12-18,6171,21000,0,1000,0,20000,18837980,0,0,0,0,0,24518,
2019-12-18,6173,719000,5000,6000,0,718000,43000000,6030000,70000,294000,0,5806000,773701,
2019-12-18,6174,0,0,0,0,0,12500000,0,0,0,0,0,10802,
2019-12-18,6175,8000,0,0,0,8000,34090879,1417000,0,0,0,1417000,43253,
2019-12-18,6179,1000,0,0,0,1000,18536682,0,0,0,0,0,4504,
2019-12-18,6180,227000,14000,0,0,241000,43873393,2071000,0,0,0,2071000,221387,
2019-12-18,6182,1828000,59000,82000,0,1805000,127724609,46777397,474000,750000,0,46501397,2604465,
2019-12-18,6185,566000,30000,26000,0,570000,37466882,381310,23000,0,0,404310,1085649,
2019-12-18,6186,20000,0,0,0,20000,25008602,16000,6000,0,0,22000,131851,
2019-12-18,6187,386000,0,1000,0,385000,20830975,15000,0,0,0,15000,54120,
2019-12-18,6188,667000,9000,6000,0,670000,69589727,8289000,0,189000,0,8100000,842866,
2019-12-18,6190,210000,5000,2000,0,213000,35092134,3000,0,0,0,3000,143644,
2019-12-18,6194,9000,0,0,0,9000,15000000,0,0,0,0,0,40093,
2019-12-18,6195,0,0,0,0,0,11533306,0,0,0,0,0,11124,
2019-12-18,6203,6000,0,0,0,6000,19988319,39000,0,0,0,39000,71700,
2019-12-18,6204,0,0,0,0,0,5775520,0,0,0,0,0,4275,
2019-12-18,6207,254000,0,0,0,254000,20988647,30000,0,0,0,30000,31802,
2019-12-18,6208,9000,0,2000,0,7000,24748391,130000,18000,0,0,148000,226633,
2019-12-18,6210,1000,0,0,0,1000,8762000,2000,0,0,0,2000,68576,
2019-12-18,6212,0,0,0,0,0,25500000,0,0,0,0,0,6100,
2019-12-18,6217,187000,1000,7000,0,181000,16077171,1683000,0,0,0,1683000,407786,
2019-12-18,6218,0,0,0,0,0,16065500,34000,0,0,0,34000,12819,
2019-12-18,6219,12000,0,0,0,12000,38504069,1663000,44000,0,0,1707000,1108793,
2019-12-18,6220,31000,0,0,0,31000,31138622,32430,0,0,0,32430,63039,
2019-12-18,6221,0,0,0,0,0,11238538,0,0,0,0,0,90250,
2019-12-18,6222,0,0,0,0,0,0,0,0,0,0,0,0,XV
2019-12-18,6223,879000,15000,54000,0,840000,19978843,1515000,1000,0,0,1516000,1089672,
2019-12-18,6227,0,0,0,0,0,19027946,0,0,0,0,0,24073,
2019-12-18,6228,0,0,0,0,0,0,0,0,0,0,0,0,XV
2019-12-18,6229,3000,0,0,0,3000,9021925,0,0,0,0,0,148217,
2019-12-18,6231,498000,10000,4000,0,504000,9510872,1149000,1000,0,0,1150000,424888,
2019-12-18,6233,1133000,160000,24000,0,1269000,20592224,2283000,0,0,0,2283000,1144576,
2019-12-18,6234,73000,15000,53000,0,35000,23216095,494000,1000,0,0,495000,334597,
2019-12-18,6237,0,0,0,0,0,19763092,86850,0,0,0,86850,27649,
2019-12-18,6238,244000,10000,0,0,254000,14496278,2926707,11000,74000,0,2863707,567146,
2019-12-18,6240,25000,0,3000,0,22000,5774592,0,0,0,0,0,24159,
2019-12-18,6241,0,0,0,0,0,0,0,0,0,0,0,0,XV
2019-12-18,6244,0,0,0,0,0,0,0,0,0,0,0,0,XV
2019-12-18,6245,153000,2000,4000,0,151000,29502109,1833449,18000,93000,0,1758449,186516,
2019-12-18,6246,1000,0,0,0,1000,3675973,0,0,0,0,0,6594,
2019-12-18,6248,19000,0,0,0,19000,3627552,12000,0,0,0,12000,17821,
2019-12-18,6261,53000,1000,2000,0,52000,32124497,313590,1000,0,0,314590,242904,
2019-12-18,6263,0,0,0,0,0,15625241,3000,0,0,0,3000,11702,
2019-12-18,6264,0,0,0,0,0,0,0,0,0,0,0,0,XV
2019-12-18,6265,2000,0,0,0,2000,29543037,3000,0,0,0,3000,123866,
2019-12-18,6266,278000,0,0,0,278000,24736550,25000,0,0,0,25000,146722,
2019-12-18,6270,0,0,0,0,0,18036439,0,0,0,0,0,39334,
2019-12-18,6274,446000,47000,11000,0,482000,66188299,1709000,64000,0,0,1773000,852088,
2019-12-18,6275,2000,0,0,0,2000,17446731,877000,0,0,0,877000,180735,
2019-12-18,6276,0,0,0,0,0,4425426,0,0,0,0,0,0,V!
2019-12-18,6279,25000,0,1000,0,24000,24306026,893000,0,2000,0,891000,67933,
2019-12-18,6284,35000,6000,18000,0,23000,24357585,74000,2000,3000,0,73000,417302,
2019-12-18,6287,0,0,0,0,0,0,0,0,0,0,0,0,XV
2019-12-18,6290,971000,10000,15000,0,966000,35930101,2170000,0,109000,0,2061000,827408,
2019-12-18,6291,0,0,0,0,0,0,0,0,0,0,0,0,XV
2019-12-18,6292,0,0,0,0,0,11725178,0,0,0,0,0,20599,
2019-12-18,6294,1000,0,0,0,1000,5850652,0,0,0,0,0,6484,
2019-12-18,6404,0,0,0,0,0,0,0,0,0,0,0,0,XV
2019-12-18,6411,327000,4000,6000,0,325000,19852082,298275,14000,19000,0,293275,729840,
2019-12-18,6417,0,0,0,0,0,8903500,0,0,0,0,0,8534,
2019-12-18,6418,5000,1000,0,0,6000,8630500,0,0,0,0,0,12761,
2019-12-18,6425,0,0,0,0,0,10634250,0,0,0,0,0,14612,
2019-12-18,6426,748000,96000,22000,0,822000,9627250,318892,30000,0,0,348892,531888,
2019-12-18,6432,0,0,0,0,0,0,28000,0,0,0,28000,172457,Y
2019-12-18,6435,82000,2000,0,0,84000,8265750,536000,16000,1000,0,551000,95176,
2019-12-18,6438,323000,0,302000,0,21000,14450000,767000,30000,0,0,797000,1105838,X
2019-12-18,6441,3000,0,0,0,3000,7690564,0,0,0,0,0,50663,
2019-12-18,6462,1365000,28000,17000,0,1376000,17841313,2414000,16000,121000,0,2309000,1247517,
2019-12-18,6465,10000,1000,0,0,11000,8243575,0,0,0,0,0,16372,
2019-12-18,6469,74000,0,0,13000,61000,10756850,4000,0,0,0,4000,22122,
2019-12-18,6470,12000,0,0,0,12000,8173525,54000,0,0,0,54000,59145,
2019-12-18,6472,0,0,0,0,0,0,211000,0,0,0,211000,108993,Y
2019-12-18,6485,0,0,0,0,0,9845877,32000,0,0,0,32000,36739,
2019-12-18,6486,57000,3000,6000,4000,50000,9236000,65000,0,0,0,65000,222325,
2019-12-18,6488,1480000,48000,17000,1000,1510000,109312500,19799000,58000,36000,2000,19823000,1356119,
2019-12-18,6494,2000,0,1000,0,1000,7889922,0,0,0,0,0,153342,
2019-12-18,6496,4000,0,0,0,4000,11666750,0,0,0,0,0,46616,
2019-12-18,6506,0,0,0,0,0,20590206,28000,0,0,0,28000,10060,
2019-12-18,6508,0,0,0,0,0,21195542,1000,0,0,0,1000,29876,
2019-12-18,6509,1000,0,0,0,1000,44033275,727000,0,0,0,727000,86677,
2019-12-18,6510,228000,0,13000,0,215000,8197255,335000,1000,16000,0,320000,285446,
2019-12-18,6514,29000,0,0,0,29000,7503845,336000,0,0,0,336000,88253,
2019-12-18,6516,0,0,0,0,0,8778370,0,0,0,0,0,11306,
2019-12-18,6523,0,0,0,0,0,11261906,39000,6000,0,0,45000,122133,
2019-12-18,6530,6000,0,3000,0,3000,8437500,0,0,0,0,0,135136,
2019-12-18,6532,14000,0,0,0,14000,7906681,0,0,0,0,0,145082,
2019-12-18,6538,711000,40000,29000,0,722000,7575000,309000,6000,0,0,315000,1174169,
2019-12-18,6542,0,0,0,0,0,7875157,0,0,0,0,0,5498,
2019-12-18,6548,2000,0,0,0,2000,91032762,185000,0,0,0,185000,114527,
2019-12-18,6561,8000,0,1000,0,7000,17365532,46000,0,0,0,46000,25800,
2019-12-18,6568,0,0,0,0,0,0,25000,0,0,0,25000,24023,Y
2019-12-18,6569,0,0,0,0,0,0,0,0,0,0,0,5922,Y
2019-12-18,6577,0,0,0,0,0,9563717,0,0,0,0,0,12574,
2019-12-18,6603,87000,7000,0,34000,60000,36894208,6000,0,0,0,6000,21383,
2019-12-18,6609,13000,1000,0,0,14000,18114061,6000,0,0,0,6000,14941,
2019-12-18,6612,26000,7000,2000,0,31000,8436125,57000,0,2000,0,55000,437243,
2019-12-18,6613,0,0,0,0,0,8482000,5000,0,0,0,5000,37648,
2019-12-18,6616,0,0,0,0,0,0,0,0,0,0,0,17127,Y
2019-12-18,6643,9000,0,1000,0,8000,7829500,250000,6000,2000,0,254000,128139,
2019-12-18,6654,0,0,0,0,0,8275680,0,0,0,0,0,8994,
2019-12-18,6664,2000,0,0,0,2000,13750000,23000,0,0,0,23000,61881,
2019-12-18,6667,588000,23000,61000,0,550000,8749719,107000,6000,0,0,113000,1480410,
2019-12-18,6679,58000,27000,8000,0,77000,10318333,274000,0,0,0,274000,725903,
2019-12-18,6683,0,0,0,0,0,0,398000,0,8000,0,390000,246153,Y
2019-12-18,6803,0,0,0,0,0,16776287,48000,0,0,0,48000,8605,
2019-12-18,8024,0,0,0,0,0,11290025,0,0,0,0,0,19191,
2019-12-18,8027,6000,2000,3000,0,5000,20365437,241000,0,0,0,241000,50515,
2019-12-18,8032,0,0,0,0,0,12952575,0,0,0,0,0,3929,
2019-12-18,8034,0,0,0,0,0,0,0,0,0,0,0,0,XV
2019-12-18,8038,0,0,0,0,0,0,18000,0,0,0,18000,23628,Y
2019-12-18,8040,1122000,178000,14000,0,1286000,16776518,563000,0,0,0,563000,1327335,
2019-12-18,8042,0,0,0,0,0,30507717,596802,1000,0,0,597802,50086,
2019-12-18,8043,32000,0,2000,0,30000,19976792,446000,0,0,0,446000,76377,
2019-12-18,8044,215000,71000,9000,0,277000,29289861,2405802,16000,0,0,2421802,179174,
2019-12-18,8047,0,0,0,0,0,10416585,0,0,0,0,0,4045,
2019-12-18,8048,4000,0,0,0,4000,13316234,241000,0,0,0,241000,33951,
2019-12-18,8049,38000,0,0,0,38000,29569952,54000,0,0,0,54000,82645,
2019-12-18,8050,0,0,0,0,0,44272869,432363,0,0,0,432363,67214,
2019-12-18,8054,1000,0,0,0,1000,18751721,177000,0,0,0,177000,39330,
2019-12-18,8059,0,0,0,0,0,0,0,0,0,0,0,0,XV
2019-12-18,8064,402000,0,0,0,402000,41204459,223900,0,0,0,223900,420904,
2019-12-18,8066,4000,1000,1000,0,4000,7499076,22000,0,0,0,22000,57997,
2019-12-18,8068,0,0,0,0,0,0,0,0,0,0,0,0,XV
2019-12-18,8069,353000,18000,32000,0,339000,270116928,5700040,2000,68000,0,5634040,2343513,
2019-12-18,8071,0,0,0,0,0,12963570,0,0,0,0,0,46152,
2019-12-18,8074,19000,0,0,0,19000,21620801,157000,0,0,0,157000,15123,
2019-12-18,8076,11000,0,0,0,11000,64789673,593690,0,0,0,593690,122495,
2019-12-18,8080,0,0,0,0,0,0,0,0,0,0,0,0,XV!
2019-12-18,8083,0,0,0,0,0,8783298,1000,0,0,0,1000,8818,
2019-12-18,8085,9000,0,0,0,9000,0,0,0,0,0,0,0,XV
2019-12-18,8086,6269000,60000,198000,0,6131000,36179030,4698290,341000,30000,0,5009290,2754351,
2019-12-18,8088,412000,841000,35000,0,1218000,15230437,396000,40000,0,0,436000,1069363,
2019-12-18,8091,6000,1000,0,0,7000,11165716,16000,0,0,0,16000,84441,
2019-12-18,8093,0,0,0,0,0,0,0,0,0,0,0,0,XV
2019-12-18,8096,26000,18000,1000,0,43000,34905987,1057866,11000,0,0,1068866,214842,
2019-12-18,8097,42000,0,0,0,42000,6668576,0,0,0,0,0,33572,
2019-12-18,8099,58000,5000,0,0,63000,17640000,30000,0,0,0,30000,31629,
2019-12-18,8107,3000,0,0,0,3000,18750000,22000,0,0,0,22000,15174,
2019-12-18,8109,2000,0,0,0,2000,18152351,55000,0,0,0,55000,19876,
2019-12-18,8111,1000,2000,0,0,3000,25856276,0,0,0,0,0,39952,
2019-12-18,8121,0,0,0,0,0,0,0,0,0,0,0,0,XV
2019-12-18,8147,0,3000,0,0,3000,6879664,0,0,0,0,0,16672,
2019-12-18,8155,347000,13000,5000,0,355000,12439000,127000,29000,4000,0,152000,538652,
2019-12-18,8171,0,0,0,0,0,12680807,0,0,0,0,0,40827,
2019-12-18,8176,16000,2000,2000,0,16000,18125000,100000,15000,0,0,115000,699726,
2019-12-18,8182,1494000,67000,116000,0,1445000,26760303,97000,0,0,0,97000,1040642,
2019-12-18,8183,0,0,0,0,0,30312767,3000,0,0,0,3000,76126,
2019-12-18,8234,4000,0,0,0,4000,35306618,88129,0,0,0,88129,34266,
2019-12-18,8240,31000,24000,4000,0,51000,25001103,355000,0,0,0,355000,259563,
2019-12-18,8255,7000,0,0,0,7000,22878250,747000,9000,0,0,756000,117966,
2019-12-18,8277,0,0,0,0,0,0,0,0,0,0,0,0,XV
2019-12-18,8279,0,0,0,0,0,0,0,0,0,0,0,24764,Y
2019-12-18,8287,0,0,0,0,0,0,0,0,0,0,0,0,XV
2019-12-18,8289,159000,1000,24000,0,136000,17083441,436000,0,0,0,436000,737286,
2019-12-18,8299,240000,20000,32000,0,228000,49268498,160000,13000,0,0,173000,683116,
2019-12-18,8342,0,0,0,0,0,8384173,0,0,0,0,0,5630,
2019-12-18,8349,10000,0,0,0,10000,29095741,163000,1000,0,0,164000,21618,
2019-12-18,8354,0,0,0,0,0,19633065,0,0,0,0,0,9297,
2019-12-18,8358,3432000,364000,598000,1000,3197000,63147000,3269000,842000,0,0,4111000,2807600,
2019-12-18,8383,2000,0,0,0,2000,29548120,592000,0,0,0,592000,48999,
2019-12-18,8390,160000,0,0,0,160000,19390246,66000,0,0,0,66000,73759,
2019-12-18,8401,3000,0,0,0,3000,15682420,8000,0,0,0,8000,9797,
2019-12-18,8403,0,0,0,0,0,25577412,42750,0,0,0,42750,135625,
2019-12-18,8406,100000,0,1000,0,99000,23112618,65150,0,0,0,65150,194958,
2019-12-18,8410,0,0,0,0,0,9147300,0,0,0,0,0,31268,
2019-12-18,8415,27000,5000,0,0,32000,257875000,5064789,68000,0,0,5132789,343790,
2019-12-18,8418,0,0,0,0,0,16998750,0,0,0,0,0,2691,
2019-12-18,8420,0,0,0,0,0,12747500,0,0,0,0,0,8632,
2019-12-18,8421,0,0,0,0,0,13704285,0,0,0,0,0,8628,
2019-12-18,8424,0,0,0,0,0,9013592,0,0,0,0,0,10393,
2019-12-18,8426,0,0,0,0,0,12560625,0,0,0,0,0,5955,
2019-12-18,8431,1054000,4000,6000,0,1052000,11113870,297000,0,0,0,297000,58870,
2019-12-18,8432,10000,0,0,0,10000,9599535,0,0,0,0,0,5711,
2019-12-18,8433,0,0,0,0,0,13144400,0,0,0,0,0,22062,
2019-12-18,8435,0,0,0,0,0,7925112,0,0,0,0,0,7895,
2019-12-18,8436,220000,19000,8000,0,231000,29903042,5452612,77000,91000,0,5438612,344848,
2019-12-18,8437,2000,0,0,0,2000,11962767,10000,0,0,0,10000,12333,
2019-12-18,8440,0,0,0,0,0,9500056,0,0,0,0,0,25972,
2019-12-18,8444,21000,0,0,0,21000,18442575,8000,0,0,0,8000,7579,
2019-12-18,8446,0,0,0,0,0,13228601,25850,0,0,0,25850,38386,
2019-12-18,8450,0,0,0,0,0,12827486,0,0,0,0,0,5850,
2019-12-18,8476,1000,0,0,0,1000,0,0,0,0,0,0,0,XV
2019-12-18,8489,16000,51000,0,0,67000,9438103,685000,9000,107000,0,587000,84774,
2019-12-18,8905,1000,0,0,0,1000,29860000,0,0,0,0,0,21867,
2019-12-18,8906,0,0,0,0,0,8509342,0,0,0,0,0,1377,
2019-12-18,8908,0,0,0,0,0,45062633,0,0,0,0,0,3647,
2019-12-18,8913,0,0,0,0,0,0,111000,0,0,0,111000,133643,X
2019-12-18,8916,1000,0,0,0,1000,32555249,82000,0,0,0,82000,60922,
2019-12-18,8917,2000,0,0,0,2000,30550800,0,0,0,0,0,2920,
2019-12-18,8923,0,0,0,0,0,7593950,0,0,0,0,0,2122,X
2019-12-18,8924,769000,11000,2000,0,778000,20950000,500000,0,0,0,500000,129916,
2019-12-18,8927,0,0,0,0,0,32958291,13000,0,0,0,13000,21124,
2019-12-18,8928,7000,0,1000,0,6000,12713503,34000,0,0,0,34000,69767,
2019-12-18,8929,4000,0,2000,0,2000,12645215,2000,0,0,0,2000,6279,
2019-12-18,8930,0,0,0,0,0,19889851,0,0,0,0,0,20570,
2019-12-18,8931,0,0,0,0,0,30563715,0,0,0,0,0,5508,
2019-12-18,8933,0,0,0,0,0,0,0,0,0,0,0,0,XV!
2019-12-18,8935,0,0,0,0,0,0,0,0,0,0,0,0,XV
2019-12-18,8936,4000,1000,1000,0,4000,62306039,2203425,0,0,0,2203425,94306,
2019-12-18,8937,0,0,0,0,0,18119700,3000,0,0,0,3000,7327,
2019-12-18,8938,2000,0,0,0,2000,33828180,165000,0,0,0,165000,39595,
2019-12-18,8941,0,0,0,0,0,3159545,0,0,0,0,0,2247,
2019-12-18,8942,25000,0,0,0,25000,41460020,680000,34000,0,0,714000,64812,
2019-12-18,9949,0,0,0,0,0,11758340,0,0,0,0,0,8541,
2019-12-18,9950,0,0,0,0,0,0,0,0,0,0,0,0,XV
2019-12-18,9951,8000,0,1000,0,7000,18725000,189000,2000,3000,0,188000,125320,
2019-12-18,9960,0,0,0,0,0,8398125,0,0,0,0,0,7353,
2019-12-18,9962,0,0,0,0,0,22555065,0,0,0,0,0,9729,
