date,stock_id,s_prev,s_sell,s_buy,s_ret,s_balance,s_limit,sbl_prev,sbl_sell,sbl_return,sbl_adj,sbl_balance,sbl_limit,note
2021-12-23,006201,0,0,0,0,0,3236500,0,0,0,0,0,15591,
2021-12-23,00679B,0,0,0,0,0,88298000,80000,0,0,0,80000,178732,
2021-12-23,00687B,0,0,0,0,0,47321750,50000,0,0,0,50000,52406,
2021-12-23,00694B,0,0,0,0,0,78894000,68000,0,0,0,68000,41939,
2021-12-23,00695B,0,0,0,0,0,3046500,19000,0,0,0,19000,48065,X
2021-12-23,00696B,0,0,0,0,0,158795250,59000,0,0,0,59000,64770,
2021-12-23,00697B,0,0,0,0,0,1928000,3000,0,0,0,3000,69722,X
2021-12-23,00718B,0,0,0,0,0,286375250,10000,0,0,0,10000,85230,X
2021-12-23,00719B,0,0,0,0,0,216128500,0,0,0,0,0,33047,X
2021-12-23,00720B,0,0,0,0,0,197652250,12000,0,0,0,12000,37597,X
2021-12-23,00721B,0,0,0,0,0,101280500,4000,0,0,0,4000,51572,X
2021-12-23,00722B,0,0,0,0,0,249684750,4000,0,0,0,4000,43064,X
2021-12-23,00723B,0,0,0,0,0,266145750,1000,0,0,0,1000,32029,X
2021-12-23,00724B,0,0,0,0,0,434693750,0,0,0,0,0,37368,X
2021-12-23,00725B,0,0,0,0,0,276551500,0,0,0,0,0,38298,X
2021-12-23,00726B,0,0,0,0,0,284247250,10000,0,0,0,10000,31720,
2021-12-23,00727B,0,0,0,0,0,22672250,86000,0,0,0,86000,47045,
2021-12-23,00734B,0,0,0,0,0,2994750,0,0,0,0,0,302055,X
2021-12-23,00740B,0,0,0,0,0,185492750,0,0,0,0,0,33100,X
2021-12-23,00741B,0,0,0,0,0,2407000,41000,0,0,0,41000,33230,
2021-12-23,00744B,0,0,0,0,0,182557000,0,0,0,0,0,33360,X
2021-12-23,00745B,0,0,0,0,0,1004000,0,0,0,0,0,30369,X
2021-12-23,00746B,0,0,0,0,0,222241000,0,0,0,0,0,41990,X
2021-12-23,00747B,0,0,0,0,0,171500000,0,0,0,0,0,50185,X
2021-12-23,00748B,0,0,0,0,0,149500000,0,0,0,0,0,60729,X
2021-12-23,00749B,0,0,0,0,0,231125000,0,0,0,0,0,30759,X
2021-12-23,00750B,0,0,0,0,0,19125000,0,0,0,0,0,30030,X
2021-12-23,00751B,0,0,0,0,0,317525750,52000,0,0,0,52000,41934,X
2021-12-23,00754B,0,0,0,0,0,37850000,0,0,0,0,0,33236,X
2021-12-23,00755B,0,0,0,0,0,31057500,43000,0,0,0,43000,34785,
2021-12-23,00756B,0,0,0,0,0,241700000,2000,0,0,0,2000,265424,X
2021-12-23,00758B,0,0,0,0,0,1381250,1000,0,0,0,1000,30204,X
2021-12-23,00759B,0,0,0,0,0,12256250,0,0,0,0,0,30296,X
2021-12-23,00760B,0,0,0,0,0,84005000,0,0,0,0,0,31215,X
2021-12-23,00761B,0,0,0,0,0,294647250,0,0,0,0,0,43133,X
2021-12-23,00764B,0,0,0,0,0,100250000,0,0,0,0,0,34066,X
2021-12-23,00765B,0,0,0,0,0,750000,0,0,0,0,0,31515,X
2021-12-23,00768B,0,0,0,0,0,53275000,0,0,0,0,0,312423,X
2021-12-23,00772B,0,0,0,0,0,313822500,188000,0,0,0,188000,231356,
2021-12-23,00773B,0,0,0,0,0,311572500,4000,0,0,0,4000,69748,X
2021-12-23,00777B,0,0,0,0,0,215162500,0,0,0,0,0,30829,X
2021-12-23,00778B,0,0,0,0,0,204662500,0,0,0,0,0,30349,X
2021-12-23,00779B,0,0,0,0,0,95162500,0,0,0,0,0,30769,
2021-12-23,00780B,0,0,0,0,0,45900500,0,0,0,0,0,30309,X
2021-12-23,00781B,0,0,0,0,0,709000,0,0,0,0,0,31274,X
2021-12-23,00782B,0,0,0,0,0,741750,0,0,0,0,0,30941,X
2021-12-23,00784B,0,0,0,0,0,748250,0,0,0,0,0,46106,X
2021-12-23,00785B,0,0,0,0,0,83241500,0,0,0,0,0,46033,
2021-12-23,00786B,0,0,0,0,0,2016500,26000,0,0,0,26000,33572,X
2021-12-23,00787B,0,0,0,0,0,1326500,0,0,0,0,0,42860,X
2021-12-23,00788B,0,0,0,0,0,1426500,0,0,0,0,0,36901,X
2021-12-23,00789B,0,0,0,0,0,10650000,0,0,0,0,0,30090,X
2021-12-23,00790B,0,0,0,0,0,525000,0,0,0,0,0,30030,X
2021-12-23,00791B,0,0,0,0,0,88900000,0,0,0,0,0,31339,X
2021-12-23,00792B,0,0,0,0,0,143528750,0,0,0,0,0,33650,X
2021-12-23,00793B,0,0,0,0,0,631500,0,0,0,0,0,37894,X
2021-12-23,00794B,0,0,0,0,0,46421750,0,0,0,0,0,30540,X
2021-12-23,00795B,0,0,0,0,0,56024500,9000,0,0,0,9000,70833,X
2021-12-23,00796B,0,0,0,0,0,20492500,0,0,0,0,0,31940,X
2021-12-23,00799B,0,0,0,0,0,1009000,0,0,0,0,0,30711,X
2021-12-23,00831B,0,0,0,0,0,35150000,0,0,0,0,0,15009,X
2021-12-23,00834B,0,0,0,0,0,4299500,0,0,0,0,0,30259,X
2021-12-23,00836B,0,0,0,0,0,53260250,0,0,0,0,0,31285,X
2021-12-23,00838B,0,0,0,0,0,1422750,0,0,0,0,0,30917,X
2021-12-23,00840B,0,0,0,0,0,4982750,0,0,0,0,0,30099,X
2021-12-23,00841B,0,0,0,0,0,13485000,0,0,0,0,0,30339,X
2021-12-23,00842B,0,0,0,0,0,2441750,0,0,0,0,0,31629,X
2021-12-23,00843B,0,0,0,0,0,1255250,0,0,0,0,0,30559,X
2021-12-23,00844B,0,0,0,0,0,9543750,0,0,0,0,0,609,X
2021-12-23,00845B,0,0,0,0,0,44387750,0,0,0,0,0,32661,X
2021-12-23,00846B,0,0,0,0,0,19337500,0,0,0,0,0,30353,X
2021-12-23,00847B,0,0,0,0,0,2451250,5000,0,0,0,5000,95772,X
2021-12-23,00848B,0,0,0,0,0,38641500,0,0,0,0,0,32931,X
2021-12-23,00849B,0,0,0,0,0,185776500,0,0,0,0,0,30550,
2021-12-23,00853B,0,0,0,0,0,1033500,0,0,0,0,0,619,X
2021-12-23,00856B,0,0,0,0,0,4073000,0,0,0,0,0,30210,X
2021-12-23,00857B,0,0,0,0,0,817000,0,0,0,0,0,33010,X
2021-12-23,00858,0,0,0,0,0,968500,0,0,0,0,0,35583,X
2021-12-23,00859B,0,0,0,0,0,1002750,0,0,0,0,0,30030,X
2021-12-23,00860B,0,0,0,0,0,4917750,0,0,0,0,0,30219,X
2021-12-23,00862B,0,0,0,0,0,68345250,0,0,0,0,0,64388,X
2021-12-23,00863B,0,0,0,0,0,76116000,0,0,0,0,0,32962,X
2021-12-23,00864B,0,0,0,0,0,1430500,0,0,0,0,0,31260,X
2021-12-23,00867B,0,0,0,0,0,77912500,0,0,0,0,0,690,X
2021-12-23,00870B,0,0,0,0,0,96662750,0,0,0,0,0,32695,X
2021-12-23,00877,68000,0,0,0,68000,91947000,565000,0,0,0,565000,779853,
2021-12-23,00883B,0,0,0,0,0,2064500,0,0,0,0,0,63705,X
2021-12-23,00884B,0,0,0,0,0,6610000,0,0,0,0,0,62954,
2021-12-23,00886,0,0,0,0,0,3862750,59000,0,0,0,59000,77298,
2021-12-23,00887,0,0,0,0,0,8462750,99000,0,0,0,99000,69137,
2021-12-23,00888,0,0,0,0,0,112869500,1148000,0,0,0,1148000,1188526,
2021-12-23,00889B,0,0,0,0,0,65000,0,0,0,0,0,26000,X
2021-12-23,00890B,0,0,0,0,0,9441000,0,0,0,0,0,30090,X
2021-12-23,1240,0,0,0,0,0,9190046,23650,0,0,0,23650,6025,
2021-12-23,1258,0,0,0,0,0,9204947,20000,0,0,0,20000,5384,
2021-12-23,1259,0,0,0,0,0,8097375,11000,0,0,0,11000,1898,
2021-12-23,1264,0,0,0,0,0,9266091,22000,0,0,0,22000,4617,
2021-12-23,1268,0,0,0,0,0,10680932,12000,0,0,0,12000,8899,
2021-12-23,1336,1000,0,0,0,1000,19274604,279000,0,0,0,279000,16087,
2021-12-23,1565,2000,1000,0,0,3000,12604129,203000,0,0,0,203000,54252,
2021-12-23,1569,0,0,0,0,0,30171770,1336253,0,5000,0,1331253,74340,
2021-12-23,1570,220000,0,1000,0,219000,12875209,821000,0,0,0,821000,1250530,
2021-12-23,1580,0,0,0,0,0,12557560,85000,0,0,0,85000,27288,
2021-12-23,1584,6000,0,0,0,6000,20617633,2594000,0,0,0,2594000,170507,
2021-12-23,1586,5000,0,0,0,5000,21460488,579299,0,0,0,579299,37818,
2021-12-23,1591,0,0,0,0,0,8291201,26000,0,0,0,26000,8610,
2021-12-23,1593,4000,0,0,0,4000,8806883,266350,0,0,0,266350,8723,
2021-12-23,1595,1000,0,0,0,1000,11787033,77000,0,0,0,77000,144667,
2021-12-23,1599,0,0,0,0,0,18632191,58741,0,0,0,58741,73018,
2021-12-23,1742,79000,0,0,0,79000,10365273,35000,0,0,0,35000,27552,
2021-12-23,1752,1000,0,0,0,1000,25247118,346000,0,0,0,346000,23829,
2021-12-23,1777,1000,0,0,0,1000,10014887,21000,0,0,0,21000,27150,
2021-12-23,1781,0,0,0,0,0,0,0,0,0,0,0,0,XV
2021-12-23,1784,0,0,0,0,0,12406731,545000,0,0,0,545000,136494,
2021-12-23,1785,183000,0,2000,0,181000,132982810,26037853,127000,136000,0,26028853,2906208,
2021-12-23,1788,0,0,0,0,0,10002190,39979,0,0,0,39979,5364,
2021-12-23,1796,0,0,0,0,0,0,16000,0,0,0,16000,26577,Y
2021-12-23,1799,0,0,0,0,0,0,0,0,0,0,0,0,XV
2021-12-23,1813,0,0,0,0,0,11658877,41000,0,0,0,41000,21050,
2021-12-23,1815,3517000,272000,28000,0,3761000,107120877,5115000,31000,0,0,5146000,995744,
2021-12-23,2035,0,0,0,0,0,87500000,38000,0,0,0,38000,8481,
2021-12-23,2063,0,0,0,0,0,11250000,49000,0,0,0,49000,16277,
2021-12-23,2064,0,0,0,0,0,17407500,21000,0,0,0,21000,12090,
2021-12-23,2065,0,0,0,0,0,13591232,73902,0,0,0,73902,32214,
2021-12-23,2066,0,0,0,0,0,9125717,20000,0,0,0,20000,38201,
2021-12-23,2067,0,0,0,0,0,0,0,0,0,0,0,0,XV
2021-12-23,2070,0,0,0,0,0,8945700,40000,0,0,0,40000,33885,
2021-12-23,2221,23000,0,0,0,23000,10581250,415000,1000,269000,0,147000,289217,
2021-12-23,2230,1000,0,0,0,1000,9978298,53000,0,0,0,53000,13757,
2021-12-23,2235,0,0,0,0,0,8969500,11000,0,0,0,11000,5153,
2021-12-23,2596,0,0,0,0,0,25000000,82000,0,0,0,82000,34885,
2021-12-23,2640,0,0,0,0,0,14816239,66000,0,0,0,66000,34445,
2021-12-23,2641,402000,1000,19000,0,384000,47158972,3087794,18000,194000,0,2911794,2483921,
2021-12-23,2643,6000,0,0,0,6000,7500000,68000,0,0,0,68000,73021,
2021-12-23,2719,0,0,0,0,0,0,0,0,0,0,0,0,XV
2021-12-23,2724,0,0,0,0,0,0,0,0,0,0,0,0,XV
2021-12-23,2726,10000,0,0,0,10000,8946304,30000,0,0,0,30000,10871,
2021-12-23,2729,0,0,0,0,0,0,50000,0,0,0,50000,11527,Y
2021-12-23,2732,6000,1000,0,0,7000,11276453,393000,5000,0,0,398000,28122,
2021-12-23,2734,0,0,0,0,0,0,0,0,0,0,0,0,XV
2021-12-23,2736,0,0,0,0,0,12248095,66000,0,0,0,66000,20245,
2021-12-23,2743,0,0,0,0,0,8007925,31000,0,0,0,31000,8999,
2021-12-23,2752,0,0,0,0,0,0,20000,0,0,0,20000,2043,Y
2021-12-23,2754,0,0,0,0,0,11467250,75000,0,0,0,75000,23718,
2021-12-23,2916,0,0,0,0,0,13656719,40000,0,0,0,40000,7621,
2021-12-23,2924,0,0,0,0,0,0,0,0,0,0,0,0,XV
2021-12-23,2926,0,0,0,0,0,11847412,20000,0,0,0,20000,2824,
2021-12-23,2937,0,0,0,0,0,0,11000,0,0,0,11000,3538,Y
2021-12-23,3064,0,0,0,0,0,0,0,0,0,0,0,0,XV
2021-12-23,3066,0,0,0,0,0,0,0,0,0,0,0,0,XV
2021-12-23,3071,20000,0,0,0,20000,27500000,239000,12000,10000,0,241000,386082,
2021-12-23,3073,0,0,0,0,0,0,0,0,0,0,0,0,XV
2021-12-23,3078,207000,0,21000,0,186000,56847766,5278000,23000,0,0,5301000,449029,
2021-12-23,3081,67000,1000,15000,0,53000,22842294,2447400,0,0,0,2447400,124751,
2021-12-23,3083,217000,40000,19000,2000,236000,21567402,772000,6000,0,0,778000,586171,
2021-12-23,3085,0,0,0,0,0,0,0,0,0,0,0,0,XV
2021-12-23,3086,2000,1000,0,0,3000,1709150,17000,0,0,0,17000,61640,
2021-12-23,3088,0,0,0,0,0,22447276,263000,0,4000,0,259000,51070,
2021-12-23,3089,0,0,0,0,0,0,0,0,0,0,0,0,XV
2021-12-23,3093,0,0,0,0,0,9072223,47000,0,0,0,47000,8400,
2021-12-23,3095,0,0,0,0,0,0,0,0,0,0,0,0,XV
2021-12-23,3105,148000,1000,10000,0,139000,105994096,8213040,20000,15000,0,8218040,1121129,
2021-12-23,3114,34000,0,23000,0,11000,14770000,484000,0,0,0,484000,454274,
2021-12-23,3118,0,0,0,0,0,8113215,51000,0,0,0,51000,5586,
2021-12-23,3122,769000,2000,6000,0,765000,9574983,1014000,0,0,0,1014000,2001960,
2021-12-23,3128,64000,9000,31000,0,42000,10500000,337000,52000,0,0,389000,610045,
2021-12-23,3131,0,0,0,0,0,0,113000,0,0,0,113000,47817,Y
2021-12-23,3141,2948000,15000,27000,0,2936000,18684832,3108000,1000,12000,0,3097000,3939395,
2021-12-23,3147,2000,0,0,0,2000,9751524,101000,0,0,0,101000,54843,
2021-12-23,3152,41000,1000,1000,0,41000,17254050,1577000,6000,20000,0,1563000,171248,
2021-12-23,3162,0,0,0,0,0,16798118,167000,0,0,0,167000,123333,
2021-12-23,3163,15000,0,0,0,15000,18821724,1019000,0,37000,0,982000,76341,
2021-12-23,3169,1135000,37000,104000,21000,1047000,12450396,2103000,13000,117000,0,1999000,2981158,
2021-12-23,3171,0,0,0,0,0,11675878,52000,0,0,0,52000,5091,
2021-12-23,3178,6000,20000,0,0,26000,11262500,334000,0,1000,0,333000,156982,
2021-12-23,3188,14000,0,0,0,14000,30073780,138000,0,0,0,138000,98805,
2021-12-23,3191,0,0,0,0,0,0,0,0,0,0,0,0,XV
2021-12-23,3202,0,0,0,0,0,0,356000,0,18000,0,338000,468149,X
2021-12-23,3205,0,0,0,0,0,8193157,78222,0,0,0,78222,11454,
2021-12-23,3206,0,0,0,0,0,14729155,162194,0,0,0,162194,18237,
2021-12-23,3207,204000,15000,22000,0,197000,9880085,65000,0,0,0,65000,1086012,
2021-12-23,3211,3000,0,0,0,3000,37215630,2132000,0,0,0,2132000,198326,
2021-12-23,3213,0,0,0,0,0,14671386,252000,0,0,0,252000,31889,
2021-12-23,3217,395000,17000,18000,0,394000,22526050,1866535,52000,31000,0,1887535,1404498,
2021-12-23,3218,24000,2000,0,0,26000,19030750,1116000,15000,7000,0,1124000,118054,
2021-12-23,3219,1000,0,0,0,1000,2680802,36000,0,0,0,36000,15953,
2021-12-23,3221,398000,7000,24000,0,381000,24218102,2883000,21000,0,0,2904000,3012461,
2021-12-23,3224,138000,4000,35000,0,107000,17004261,468311,1000,0,0,469311,414363,
2021-12-23,3226,0,0,0,0,0,16107643,9000,0,0,0,9000,3163,
2021-12-23,3227,45000,5000,0,0,50000,35668515,3415000,0,72000,0,3343000,237672,
2021-12-23,3228,0,0,0,0,0,0,1461000,21000,12000,0,1470000,493972,Y
2021-12-23,3230,0,0,0,0,0,17752725,706000,0,0,0,706000,175225,
2021-12-23,3232,92000,0,0,0,92000,9141966,307000,1000,0,0,308000,421145,
2021-12-23,3234,256000,0,3000,0,253000,19118673,2097000,4000,0,0,2101000,214180,
2021-12-23,3236,6000,0,0,0,6000,21213025,1242000,68000,79000,0,1231000,133326,
2021-12-23,3252,20000,0,0,0,20000,12548938,43000,0,0,0,43000,11322,
2021-12-23,3259,0,0,0,0,0,0,0,0,0,0,0,0,XV
2021-12-23,3260,9644000,503000,60000,0,10087000,65374303,17517420,4000,332000,0,17189420,3127448,
2021-12-23,3264,157000,2000,12000,0,147000,122542519,4720000,7000,0,0,4727000,1496067,
2021-12-23,3265,12000,0,0,0,12000,34065414,387000,0,0,0,387000,122034,
2021-12-23,3268,0,0,0,0,0,8356568,137000,0,0,0,137000,71722,
2021-12-23,3272,58000,1000,0,0,59000,13653575,457164,0,0,0,457164,73636,
2021-12-23,3276,0,0,0,0,0,17428166,128000,0,0,0,128000,343815,
2021-12-23,3284,0,0,0,0,0,13490447,57000,0,0,0,57000,17650,
2021-12-23,3285,0,0,0,0,0,10683831,69000,0,0,0,69000,7250,
2021-12-23,3287,3000,0,0,0,3000,10992620,160000,0,0,0,160000,115641,
2021-12-23,3288,0,0,0,0,0,0,0,0,0,0,0,0,XV
2021-12-23,3289,0,0,0,0,0,20993780,632000,4000,0,0,636000,280552,
2021-12-23,3290,225000,5000,4000,0,226000,24887231,339000,55000,0,0,394000,1044277,
2021-12-23,3293,37000,0,1000,0,36000,17612597,322000,2000,21000,0,303000,133369,
2021-12-23,3294,458000,537000,6000,0,989000,33003979,1445000,124000,0,0,1569000,1852404,
2021-12-23,3297,16000,0,0,0,16000,9012361,58000,0,0,0,58000,232994,
2021-12-23,3303,0,0,0,0,0,24022401,120000,0,0,0,120000,84957,
2021-12-23,3306,10000,25000,3000,0,32000,12651925,773000,0,0,0,773000,993418,
2021-12-23,3310,6000,0,0,0,6000,12565116,73000,0,0,0,73000,15320,
2021-12-23,3313,0,0,0,0,0,0,0,0,0,0,0,0,XV
2021-12-23,3317,182000,1000,0,0,183000,15312887,1151000,5000,355000,0,801000,899500,
2021-12-23,3322,0,0,0,0,0,0,1892000,18000,14000,0,1896000,2552414,X
2021-12-23,3323,37000,0,13000,0,24000,20076478,2321000,5000,0,0,2326000,245644,
2021-12-23,3324,402000,1000,3000,0,400000,22098523,3109000,90000,23000,0,3176000,813484,
2021-12-23,3325,23000,0,2000,0,21000,20563122,1091000,44000,5000,0,1130000,246940,
2021-12-23,3332,0,0,0,0,0,12026061,2000,0,0,0,2000,9206,
2021-12-23,3339,414000,4000,0,20000,398000,8863679,321000,0,10000,0,311000,1022419,
2021-12-23,3354,143000,16000,133000,0,26000,17528106,216000,0,0,0,216000,691880,
2021-12-23,3357,0,0,0,0,0,25783500,174000,0,0,0,174000,110292,
2021-12-23,3360,18000,2000,15000,0,5000,17176763,76000,3000,0,0,79000,166437,
2021-12-23,3362,492000,6000,20000,0,478000,27886470,3012445,30000,85000,0,2957445,1375887,
2021-12-23,3363,181000,2000,1000,0,182000,22046487,1538000,0,0,0,1538000,1043721,
2021-12-23,3372,186000,0,1000,0,185000,37271832,1311000,0,0,0,1311000,652046,
2021-12-23,3373,330000,2000,11000,1000,320000,10822450,1027000,0,0,0,1027000,187854,
2021-12-23,3374,275000,5000,1000,0,279000,67841079,8766000,0,138000,0,8628000,576608,
2021-12-23,3379,0,0,0,0,0,9510437,66000,0,0,0,66000,49186,
2021-12-23,3388,0,0,0,0,0,18515250,66000,0,0,0,66000,34302,
2021-12-23,3390,52000,4000,36000,0,20000,16876264,133000,8000,0,0,141000,847445,
2021-12-23,3402,4000,0,0,0,4000,18261923,359000,0,0,0,359000,297735,
2021-12-23,3434,5000,0,0,0,5000,5675000,64000,0,0,0,64000,190438,
2021-12-23,3438,28000,0,1000,0,27000,11791453,229000,0,0,0,229000,206575,
2021-12-23,3441,111000,5000,0,0,116000,10009980,335000,0,0,0,335000,170250,
2021-12-23,3444,203000,5000,2000,0,206000,9778646,113000,24000,0,0,137000,829767,
2021-12-23,3455,8000,0,1000,0,7000,14962687,365000,1000,3000,0,363000,402534,
2021-12-23,3465,0,0,0,0,0,0,29000,0,0,0,29000,84954,Y
2021-12-23,3466,104000,0,0,0,104000,15221893,191000,2000,0,0,193000,447401,
2021-12-23,3479,1000,0,0,0,1000,17631291,433000,0,0,0,433000,52842,
2021-12-23,3483,111000,25000,11000,0,125000,19454121,2891256,119000,0,0,3010256,1945058,
2021-12-23,3484,106000,29000,6000,0,129000,17434139,1030000,108000,0,0,1138000,744785,
2021-12-23,3489,37000,1000,9000,0,29000,20782667,64000,0,0,0,64000,176552,
2021-12-23,3490,25000,1000,0,0,26000,14251608,1292000,0,0,0,1292000,718794,
2021-12-23,3491,1244000,9000,150000,1000,1102000,15539665,1926815,1000,188000,0,1739815,3455128,
2021-12-23,3492,0,0,0,0,0,8882900,76000,0,0,0,76000,16493,
2021-12-23,3498,5000,0,0,0,5000,13418252,753000,0,1000,0,752000,22461,
2021-12-23,3499,492000,15000,29000,0,478000,13742649,255000,45000,57000,0,243000,2366274,
2021-12-23,3508,3256000,4000,246000,0,3014000,24285434,1030000,0,0,0,1030000,8684173,
2021-12-23,3511,81000,4000,5000,0,80000,12493236,1274551,13000,0,0,1287551,232514,
2021-12-23,3512,0,0,0,0,0,14250000,32000,0,0,0,32000,31008,
2021-12-23,3516,0,0,0,0,0,12647554,96000,0,0,0,96000,49209,
2021-12-23,3520,0,0,0,0,0,0,0,0,0,0,0,0,XV
2021-12-23,3521,11000,0,0,0,11000,0,56000,0,0,0,56000,58725,X
2021-12-23,3522,5000,0,0,0,5000,0,18000,0,0,0,18000,57537,X
2021-12-23,3523,0,0,0,0,0,0,0,0,0,0,0,0,XV
2021-12-23,3526,56000,3000,9000,0,50000,14577591,1174000,27000,2000,0,1199000,455171,
2021-12-23,3527,66000,4000,17000,0,53000,10236281,908000,0,0,0,908000,387403,
2021-12-23,3529,128000,3000,11000,0,120000,19030860,391000,33000,29000,0,395000,277376,
2021-12-23,3531,0,0,0,0,0,15293752,26000,0,0,0,26000,2533,
2021-12-23,3537,0,0,0,0,0,13391185,92000,0,0,0,92000,87828,
2021-12-23,3540,65000,0,1000,0,64000,18266637,1134163,24000,0,0,1158163,86545,
2021-12-23,3541,13000,0,0,0,13000,14196785,776000,26000,0,0,802000,239917,
2021-12-23,3546,31000,25000,1000,0,55000,12044387,400000,3000,0,0,403000,382965,
2021-12-23,3548,11000,1000,0,0,12000,15030349,610000,11000,4000,0,617000,110015,
2021-12-23,3551,11000,0,0,0,11000,14193722,1018000,0,0,0,1018000,324675,
2021-12-23,3552,351000,25000,31000,0,345000,21398237,2314000,29000,22000,0,2321000,283113,
2021-12-23,3555,0,0,0,0,0,3498781,0,0,0,0,0,1296,X
2021-12-23,3556,49000,0,27000,0,22000,15313183,827400,27000,0,0,854400,274085,
2021-12-23,3558,0,0,0,0,0,12265220,208000,0,0,0,208000,24418,
2021-12-23,3567,0,0,0,0,0,8531750,80000,0,0,0,80000,108559,
2021-12-23,3577,0,0,0,0,0,13216044,28000,0,0,0,28000,33773,
2021-12-23,3580,26000,0,3000,0,23000,9867664,480000,10000,0,0,490000,141297,
2021-12-23,3581,14000,0,0,0,14000,12751500,83000,0,0,0,83000,282750,
2021-12-23,3587,12000,6000,0,0,18000,15578289,1444000,0,118000,0,1326000,278032,
2021-12-23,3594,0,0,0,0,0,16774912,552013,0,0,0,552013,88993,
2021-12-23,3597,87000,7000,0,0,94000,9786537,41000,0,0,0,41000,167805,
2021-12-23,3609,0,0,0,0,0,7669846,48000,0,3000,0,45000,24932,
2021-12-23,3611,0,0,0,0,0,10619235,74000,0,0,0,74000,15725,
2021-12-23,3615,9000,0,0,0,9000,17116744,547000,7000,0,0,554000,428159,
2021-12-23,3623,0,0,0,0,0,7296486,44000,1000,0,0,45000,10865,
2021-12-23,3624,325000,46000,20000,0,351000,29335210,2092000,1000,0,0,2093000,3454407,
2021-12-23,3625,73000,8000,0,0,81000,23569259,2267446,83000,0,0,2350446,630481,
2021-12-23,3628,10000,0,0,0,10000,11250000,33000,0,0,0,33000,27257,
2021-12-23,3630,711000,30000,6000,0,735000,46047962,5155741,1000,0,0,5156741,299973,
2021-12-23,3631,19000,0,0,0,19000,20455227,28000,0,0,0,28000,13742,
2021-12-23,3632,0,0,0,0,0,0,0,0,0,0,0,0,XV
2021-12-23,3642,0,0,0,0,0,0,0,0,0,0,0,0,XV
2021-12-23,3646,1000,0,0,0,1000,9824342,122000,0,0,0,122000,51713,
2021-12-23,3652,0,0,0,0,0,18774375,74000,0,0,0,74000,69928,
2021-12-23,3663,64000,19000,13000,0,70000,14739240,479000,0,0,0,479000,142093,
2021-12-23,3664,0,0,0,0,0,0,0,0,0,0,0,0,XV
2021-12-23,3666,225000,0,0,0,225000,14663275,937000,1000,0,0,938000,228066,
2021-12-23,3672,207000,2000,3000,0,206000,8067093,56000,0,2000,0,54000,742500,
2021-12-23,3675,513000,0,15000,0,498000,11107062,773000,7000,0,0,780000,1383406,
2021-12-23,3680,244000,4000,39000,0,209000,21024317,1515431,5000,6000,0,1514431,520501,
2021-12-23,3685,56000,0,0,0,56000,19997500,161000,1000,0,0,162000,289236,
2021-12-23,3687,1167000,3000,130000,0,1040000,7514893,298000,0,10000,0,288000,921833,
2021-12-23,3689,1386000,871000,36000,12000,2209000,18793081,1994000,15000,272000,0,1737000,1068038,
2021-12-23,3691,273000,18000,2000,0,289000,15799355,1406200,2000,80000,0,1328200,293329,
2021-12-23,3693,21000,2000,9000,0,14000,9622673,106000,0,0,0,106000,79945,
2021-12-23,3707,6424000,99000,578000,3000,5942000,82421703,11898853,7000,613000,0,11292853,6975534,
2021-12-23,3709,7000,0,0,0,7000,25142362,57000,0,0,0,57000,140783,
2021-12-23,3710,0,0,0,0,0,0,0,0,0,0,0,0,XV
2021-12-23,3713,0,0,0,0,0,0,104000,0,0,0,104000,44281,Y
2021-12-23,4102,1000,0,0,0,1000,10593360,128000,0,0,0,128000,29082,
2021-12-23,4105,5000,0,0,0,5000,62162489,4570000,5000,0,0,4575000,151385,
2021-12-23,4107,0,0,0,0,0,17324584,677000,7000,2000,0,682000,43834,
2021-12-23,4109,0,0,0,0,0,16783560,38000,0,0,0,38000,21335,
2021-12-23,4111,0,0,0,0,0,14245746,34000,0,0,0,34000,9651,
2021-12-23,4113,0,0,0,0,0,52784534,170000,0,4000,0,166000,106971,
2021-12-23,4114,4000,0,0,0,4000,78283551,979000,0,0,0,979000,231707,
2021-12-23,4116,0,0,0,0,0,11141500,24000,0,0,0,24000,5547,
2021-12-23,4120,4000,0,0,0,4000,21686779,139000,1000,0,0,140000,20096,
2021-12-23,4121,57000,0,0,0,57000,21080692,1208000,0,6000,0,1202000,381512,
2021-12-23,4123,16000,0,0,0,16000,117895508,6942863,37000,130000,0,6849863,368729,
2021-12-23,4126,0,0,0,0,0,18150000,579000,0,25000,0,554000,89635,
2021-12-23,4127,0,0,0,0,0,0,0,0,0,0,0,0,XV
2021-12-23,4128,66000,1000,0,0,67000,116582378,8398806,0,0,0,8398806,2242135,
2021-12-23,4129,0,0,0,0,0,19527900,134000,0,0,0,134000,42495,
2021-12-23,4130,42000,3000,36000,0,9000,27500962,533940,6000,8000,0,531940,177875,
2021-12-23,4138,0,0,0,0,0,7500000,32000,0,0,0,32000,8549,
2021-12-23,4139,7000,0,0,0,7000,0,8000,0,0,0,8000,19322,X
2021-12-23,4147,2000,1000,0,0,3000,63078500,3761000,16000,51000,0,3726000,328416,
2021-12-23,4153,0,0,0,0,0,10225716,39000,0,0,0,39000,88011,
2021-12-23,4157,5000,0,0,0,5000,179211043,3725000,6000,2000,0,3729000,434587,
2021-12-23,4161,0,0,0,0,0,13164934,32000,0,0,0,32000,55401,
2021-12-23,4162,2000,0,1000,0,1000,36649210,1201412,0,3000,0,1198412,203244,
2021-12-23,4163,0,0,0,0,0,12072535,140200,0,0,0,140200,9228,
2021-12-23,4167,19000,0,2000,0,17000,79250151,5113936,4000,12000,0,5105936,141964,
2021-12-23,4168,12000,0,0,0,12000,23611452,911000,0,0,0,911000,288110,
2021-12-23,4171,15000,0,0,0,15000,10446812,981000,15000,0,0,996000,161187,
2021-12-23,4173,0,0,0,0,0,18643588,755000,0,351000,0,404000,46078,
2021-12-23,4174,4000,0,0,0,4000,49819843,1646000,8000,5000,0,1649000,357806,
2021-12-23,4175,1000,0,0,0,1000,8808091,179000,1000,0,0,180000,17236,
2021-12-23,4205,1000,0,0,0,1000,22193006,25000,0,0,0,25000,7398,
2021-12-23,4207,2000,0,0,0,2000,40522708,160000,0,0,0,160000,34914,
2021-12-23,4303,8000,2000,0,0,10000,17500000,81000,1000,0,0,82000,413323,
2021-12-23,4304,0,0,0,0,0,0,0,0,0,0,0,0,XV
2021-12-23,4305,0,0,0,0,0,13753500,8000,0,0,0,8000,2386,
2021-12-23,4401,0,0,0,0,0,30071571,872000,0,0,0,872000,22004,
2021-12-23,4406,1000,0,0,0,1000,12978000,157000,0,9000,0,148000,144811,
2021-12-23,4413,0,0,0,0,0,0,0,0,0,0,0,0,XV
2021-12-23,4416,0,0,0,0,0,15350576,9000,0,0,0,9000,7298,
2021-12-23,4417,0,0,0,0,0,20992849,123000,0,0,0,123000,16302,
2021-12-23,4420,0,0,0,0,0,10113750,30000,0,0,0,30000,17839,
2021-12-23,4429,0,0,0,0,0,8587500,3000,0,0,0,3000,1571,
2021-12-23,4430,0,0,0,0,0,14068402,27000,0,0,0,27000,10077,
2021-12-23,4432,0,0,0,0,0,12647250,80000,0,0,0,80000,21906,
2021-12-23,4433,9000,0,4000,0,5000,11701291,90296,0,0,0,90296,10506,
2021-12-23,4502,7000,0,0,0,7000,0,2000,0,0,0,2000,10400,X
2021-12-23,4503,258000,4000,17000,0,245000,9815831,141000,0,3000,0,138000,386755,
2021-12-23,4506,0,0,0,0,0,44253000,219000,0,0,0,219000,17943,
2021-12-23,4510,0,0,0,0,0,27002672,123000,0,0,0,123000,25384,
2021-12-23,4513,132000,0,1000,0,131000,19220075,154000,0,0,0,154000,346327,
2021-12-23,4523,2000,0,0,0,2000,16000000,43000,0,0,0,43000,2912,
2021-12-23,4527,0,0,0,0,0,19038092,37000,0,0,0,37000,7905,
2021-12-23,4528,0,0,0,0,0,19128567,249000,0,0,0,249000,11981,
2021-12-23,4529,0,0,0,0,0,12916828,4000,0,0,0,4000,176652,
2021-12-23,4530,0,0,0,0,0,0,0,0,0,0,0,0,XV
2021-12-23,4533,0,0,0,0,0,39608527,62000,0,0,0,62000,115797,
2021-12-23,4534,5000,0,0,0,5000,21697237,243000,0,3000,0,240000,120769,
2021-12-23,4535,0,0,0,0,0,18915435,17000,0,0,0,17000,3024,X
2021-12-23,4538,0,0,0,0,0,12614000,12000,0,0,0,12000,7036,
2021-12-23,4541,6000,0,0,0,6000,16911767,79000,0,0,0,79000,62284,
2021-12-23,4543,1000,0,0,0,1000,14242500,58000,0,0,0,58000,38982,
2021-12-23,4549,0,0,0,0,0,11119467,26000,0,0,0,26000,13938,
2021-12-23,4550,0,0,0,0,0,9459695,22000,0,0,0,22000,13327,
2021-12-23,4556,0,0,0,0,0,10471000,14000,0,0,0,14000,945,
2021-12-23,4561,0,0,0,0,0,14630404,56000,0,0,0,56000,16431,
2021-12-23,4563,0,0,0,0,0,13737500,32000,0,0,0,32000,6432,
2021-12-23,4568,0,0,0,0,0,7567625,19000,0,0,0,19000,3271,
2021-12-23,4580,0,0,0,0,0,9783000,38000,0,0,0,38000,7849,
2021-12-23,4609,0,0,0,0,0,0,0,0,0,0,0,0,XV
2021-12-23,4702,1000,0,0,0,1000,18083300,281000,0,0,0,281000,132773,
2021-12-23,4706,0,0,0,0,0,19757523,28000,0,0,0,28000,68809,
2021-12-23,4707,0,0,0,0,0,82006570,448660,0,0,0,448660,185069,
2021-12-23,4711,6000,1000,1000,0,6000,15264000,403000,0,0,0,403000,211010,
2021-12-23,4712,0,0,0,0,0,0,0,0,0,0,0,0,XZ!
2021-12-23,4714,514000,0,5000,0,509000,34865954,1175607,4000,0,0,1179607,1074387,
2021-12-23,4716,3000,0,0,0,3000,18577390,115000,0,0,0,115000,59337,
2021-12-23,4721,2677000,12000,265000,28000,2396000,18746576,1590000,2000,5000,0,1587000,2931092,
2021-12-23,4726,0,0,0,0,0,0,869000,0,2000,0,867000,174807,Y
2021-12-23,4728,15000,0,0,0,15000,13615750,75000,0,0,0,75000,9162,
2021-12-23,4735,48000,0,0,0,48000,9232939,491000,0,0,0,491000,35729,
2021-12-23,4736,1000,1000,1000,0,1000,23233063,1543573,0,0,0,1543573,145835,
2021-12-23,4741,0,0,0,0,0,8210396,16000,0,0,0,16000,8355,
2021-12-23,4743,0,0,0,0,0,0,6143000,35000,14000,0,6164000,1397321,Y
2021-12-23,4744,256000,25000,14000,10000,257000,11799224,70000,0,10000,0,60000,516992,
2021-12-23,4745,0,0,0,0,0,19362386,110000,0,0,0,110000,21822,
2021-12-23,4747,0,0,0,0,0,7504687,9000,0,0,0,9000,2175,
2021-12-23,4760,18000,1000,3000,0,16000,8078727,482000,0,0,0,482000,57935,
2021-12-23,4803,0,0,0,0,0,0,0,0,0,0,0,0,XV!
2021-12-23,4804,2000,0,0,0,2000,8646230,66000,0,0,0,66000,49289,
2021-12-23,4806,0,0,0,0,0,0,0,0,0,0,0,0,XV
2021-12-23,4903,0,0,0,0,0,0,0,0,0,0,0,0,XV
2021-12-23,4905,0,0,0,0,0,7507261,1000,0,0,0,1000,1686,
2021-12-23,4907,0,0,0,0,0,29536444,22000,0,0,0,22000,7967,
2021-12-23,4908,3000,0,0,0,3000,19554226,355000,0,7000,0,348000,184670,
2021-12-23,4909,20000,0,0,0,20000,23339216,852000,0,2000,0,850000,89736,
2021-12-23,4924,0,0,0,0,0,0,0,0,0,0,0,0,XV
2021-12-23,4931,0,0,0,0,0,15914065,67000,0,0,0,67000,51839,
2021-12-23,4933,3000,0,0,0,3000,19986168,256000,0,0,0,256000,45826,
2021-12-23,4939,39000,0,0,0,39000,24550217,656000,0,4000,0,652000,107686,
2021-12-23,4944,0,0,0,0,0,0,0,0,0,0,0,0,XV
2021-12-23,4945,6000,1000,0,0,7000,7514150,78000,0,0,0,78000,97398,
2021-12-23,4953,0,0,0,0,0,16730272,407530,6000,0,0,413530,60261,
2021-12-23,4966,134000,0,0,0,134000,20214487,572000,0,21000,0,551000,262258,
2021-12-23,4971,12000,0,3000,0,9000,9128635,296000,0,76000,0,220000,246746,
2021-12-23,4972,0,0,0,0,0,10064888,23000,0,0,0,23000,7986,
2021-12-23,4973,27000,1000,0,0,28000,15876458,510000,0,180000,0,330000,92642,
2021-12-23,4974,0,0,0,0,0,18125026,247000,2000,0,0,249000,32408,
2021-12-23,4979,125000,0,0,0,125000,25140365,2200882,7000,24000,0,2183882,286338,
2021-12-23,4991,1000,0,0,0,1000,22667766,343000,2000,0,0,345000,30221,
2021-12-23,4995,0,0,0,0,0,10459759,8000,0,0,0,8000,5378,
2021-12-23,5009,57000,1000,0,0,58000,114183997,12351655,1000,0,0,12352655,1175865,
2021-12-23,5011,102000,4000,0,1000,105000,19005450,1435000,13000,0,0,1448000,1751610,
2021-12-23,5013,4000,0,0,0,4000,33354000,66000,0,0,0,66000,19767,
2021-12-23,5014,24000,154000,0,0,178000,41333263,3718000,0,12000,0,3706000,860199,
2021-12-23,5015,0,0,0,0,0,15159797,49000,0,0,0,49000,16053,
2021-12-23,5016,0,0,0,0,0,12405519,63000,0,0,0,63000,13373,
2021-12-23,5102,0,0,0,0,0,16021266,17000,0,0,0,17000,5275,
2021-12-23,5201,0,0,0,0,0,7668650,20000,0,0,0,20000,7154,
2021-12-23,5202,0,0,0,0,0,14773500,41000,0,0,0,41000,14859,
2021-12-23,5206,0,0,0,0,0,38981250,112000,0,0,0,112000,222617,
2021-12-23,5210,0,0,0,0,0,0,0,0,0,0,0,0,XV
2021-12-23,5211,99000,25000,0,0,124000,8006181,75000,0,0,0,75000,70982,
2021-12-23,5212,0,0,0,0,0,8658250,17000,0,0,0,17000,998,
2021-12-23,5213,13000,0,0,0,13000,86739797,1875000,3000,0,0,1878000,91599,
2021-12-23,5220,0,0,0,0,0,9916750,258000,0,0,0,258000,18654,
2021-12-23,5223,2000,0,1000,0,1000,11137445,221000,0,40000,0,181000,53574,
2021-12-23,5230,3000,0,0,0,3000,11738956,224000,1000,0,0,225000,526730,
2021-12-23,5236,0,0,0,0,0,0,138000,0,0,0,138000,210651,Y
2021-12-23,5245,223000,2000,10000,0,215000,11247500,175000,0,0,0,175000,392862,
2021-12-23,5251,40000,88000,0,0,128000,7029844,54000,2000,0,0,56000,122929,
2021-12-23,5263,136000,0,4000,57000,75000,15233554,1575011,9000,5000,0,1579011,351152,
2021-12-23,5272,85000,0,3000,0,82000,14106029,629000,17000,0,0,646000,447902,
2021-12-23,5274,5000,0,0,0,5000,8592359,148000,1000,0,0,149000,63271,
2021-12-23,5281,0,0,0,0,0,9252500,22000,0,0,0,22000,18127,
2021-12-23,5287,0,0,0,0,0,10734250,209000,0,0,0,209000,22839,
2021-12-23,5289,16000,0,0,0,16000,20666510,442303,3000,6000,0,439303,83915,
2021-12-23,5291,0,0,0,0,0,9808429,72000,0,0,0,72000,66091,
2021-12-23,5299,91000,0,1000,0,90000,8939670,377000,0,6000,0,371000,234772,
2021-12-23,5301,0,0,0,0,0,0,0,0,0,0,0,0,XV
2021-12-23,5302,0,0,0,0,0,0,0,0,0,0,0,0,XV
2021-12-23,5306,5000,0,0,0,5000,31500000,380000,0,0,0,380000,45534,
2021-12-23,5309,0,0,0,0,0,0,0,0,0,0,0,0,XV
2021-12-23,5310,0,0,0,0,0,0,0,0,0,0,0,0,XV!
2021-12-23,5312,0,0,0,0,0,15014974,47000,0,0,0,47000,45310,
2021-12-23,5314,0,0,0,0,0,0,0,0,0,0,0,0,XV
2021-12-23,5315,5000,0,1000,0,4000,26587958,1149000,0,214000,0,935000,537619,
2021-12-23,5321,402000,0,6000,0,396000,8050000,157000,0,0,0,157000,288369,
2021-12-23,5324,0,0,0,0,0,0,0,0,0,0,0,0,XV
2021-12-23,5328,64000,0,0,0,64000,43177681,1070000,0,2000,0,1068000,261369,
2021-12-23,5340,0,0,0,0,0,0,1000,0,0,0,1000,51002,X
2021-12-23,5344,0,0,0,0,0,0,0,0,0,0,0,0,XV
2021-12-23,5345,0,0,0,0,0,0,0,0,0,0,0,0,XV
2021-12-23,5347,801000,0,6000,0,795000,409745566,48818815,0,737000,0,48081815,1845672,
2021-12-23,5351,10327000,224000,416000,1000,10134000,67482336,8352000,355000,0,0,8707000,14993097,
2021-12-23,5353,0,0,0,0,0,18750000,63000,0,0,0,63000,91867,
2021-12-23,5355,0,0,0,0,0,0,0,0,0,0,0,0,XV
2021-12-23,5356,8000,0,0,0,8000,25760000,305000,26000,0,0,331000,664750,
2021-12-23,5371,229000,3000,4000,0,228000,97745277,4986000,72000,0,0,5058000,3158258,
2021-12-23,5381,0,0,0,0,0,0,0,0,0,0,0,0,XV
2021-12-23,5383,0,0,0,0,0,0,0,0,0,0,0,0,XV
2021-12-23,5386,89000,62000,1000,0,150000,6194664,257250,0,0,0,257250,249284,
2021-12-23,5392,0,0,0,0,0,42490997,730290,0,3000,0,727290,95194,
2021-12-23,5398,0,0,0,0,0,8262615,18000,0,0,0,18000,12102,
2021-12-23,5403,0,0,0,0,0,17723261,107000,0,0,0,107000,16878,
2021-12-23,5410,1000,0,0,0,1000,21842530,446000,4000,3000,0,447000,385127,
2021-12-23,5425,750000,33000,34000,0,749000,64586121,11945000,569000,94000,0,12420000,3607617,
2021-12-23,5426,4000,0,0,0,4000,35950000,245000,4000,0,0,249000,167110,
2021-12-23,5432,1000,0,0,0,1000,5171951,12000,0,0,0,12000,8240,
2021-12-23,5438,4000,0,0,0,4000,28134141,166000,0,0,0,166000,34849,
2021-12-23,5439,27000,1000,0,0,28000,23243938,1243140,1000,2000,0,1242140,207314,
2021-12-23,5443,128000,0,2000,0,126000,41284036,2856000,5000,0,0,2861000,592369,
2021-12-23,5450,3000,0,0,0,3000,12598062,49000,3000,0,0,52000,120898,
2021-12-23,5452,22000,14000,2000,0,34000,37190917,2689000,197000,7000,0,2879000,271861,
2021-12-23,5455,0,0,0,0,0,0,0,0,0,0,0,0,XV
2021-12-23,5457,46000,11000,2000,0,55000,42565600,6428000,68000,0,0,6496000,423530,
2021-12-23,5460,0,0,0,0,0,14694532,1000,0,0,0,1000,30261,
2021-12-23,5464,58000,0,0,0,58000,17767872,241000,0,0,0,241000,71586,
2021-12-23,5465,0,0,0,0,0,20554853,5000,0,0,0,5000,21335,
2021-12-23,5468,0,0,0,0,0,0,0,0,0,0,0,0,XV
2021-12-23,5474,95000,1000,2000,0,94000,10088986,222000,0,0,0,222000,53899,
2021-12-23,5475,0,0,0,0,0,0,0,0,0,0,0,0,XV
2021-12-23,5478,58000,1000,4000,0,55000,31868583,1265000,55000,5000,0,1315000,318525,
2021-12-23,5481,0,0,0,0,0,18350722,88000,0,0,0,88000,47551,
2021-12-23,5483,591000,90000,6000,2000,673000,146555412,5191000,171000,17000,0,5345000,3189328,
2021-12-23,5487,0,0,0,0,0,5982629,21000,0,0,0,21000,1892,
2021-12-23,5488,0,0,0,0,0,0,0,0,0,0,0,0,XV
2021-12-23,5489,0,0,0,0,0,25676610,62000,0,0,0,62000,4965,
2021-12-23,5490,0,0,0,0,0,24053275,248000,0,1000,0,247000,72178,
2021-12-23,5493,0,0,0,0,0,10402203,30000,0,0,0,30000,3897,
2021-12-23,5498,23000,0,0,0,23000,43197537,2097912,17000,0,0,2114912,193575,
2021-12-23,5508,0,0,0,0,0,54357033,230000,0,0,0,230000,60545,
2021-12-23,5511,0,0,0,0,0,28360000,80000,0,0,0,80000,7867,
2021-12-23,5512,10000,0,0,0,10000,185998178,3385000,0,5000,0,3380000,193084,
2021-12-23,5514,0,0,0,0,0,51977291,13000,0,0,0,13000,5495,
2021-12-23,5516,0,0,0,0,0,10339650,24000,0,0,0,24000,18351,
2021-12-23,5520,0,0,0,0,0,15078811,1000,0,0,0,1000,768,
2021-12-23,5523,1000,0,0,0,1000,38750366,48000,0,0,0,48000,23118,
2021-12-23,5529,0,0,0,0,0,0,0,0,0,0,0,0,XV
2021-12-23,5530,24000,0,2000,0,22000,99771049,2833000,0,8000,0,2825000,88365,
2021-12-23,5536,0,0,0,0,0,14296685,409000,0,0,0,409000,33684,
2021-12-23,5543,32000,0,0,1000,31000,9307672,34000,0,0,0,34000,40337,
2021-12-23,5601,0,0,0,0,0,16200000,0,0,0,0,0,9631,
2021-12-23,5603,9000,0,0,0,9000,20168578,442960,2000,0,0,444960,170804,
2021-12-23,5604,8000,0,0,0,8000,27195742,236000,0,0,0,236000,8850,
2021-12-23,5609,57000,0,2000,0,55000,34020000,2025000,2000,0,0,2027000,1114584,
2021-12-23,5701,0,0,0,0,0,0,0,0,0,0,0,0,XV
2021-12-23,5703,0,0,0,0,0,0,0,0,0,0,0,0,XV
2021-12-23,5704,0,0,0,0,0,9715414,15000,0,0,0,15000,5320,
2021-12-23,5820,0,0,0,0,0,958678615,989051,0,0,0,989051,159032,
2021-12-23,5864,15000,0,0,0,15000,62934962,477380,0,0,0,477380,73105,
2021-12-23,5902,0,0,0,0,0,10137930,86000,0,0,0,86000,14484,
2021-12-23,5903,0,0,0,0,0,55805000,49292,1000,0,0,50292,9078,
2021-12-23,5904,0,0,0,0,0,25214865,728550,2000,2000,0,728550,39565,
2021-12-23,5905,22000,0,0,0,22000,47456159,3984000,9000,0,0,3993000,236431,
2021-12-23,6015,1183000,9000,4000,0,1188000,82842357,2494000,33000,82000,0,2445000,362514,
2021-12-23,6016,51000,0,1000,0,50000,148613746,6861845,4000,0,0,6865845,924128,
2021-12-23,6020,0,0,0,0,0,63088288,36000,0,0,0,36000,7499,
2021-12-23,6021,0,0,0,0,0,77463993,28000,0,0,0,28000,4663,
2021-12-23,6023,0,0,0,0,0,72494072,137000,0,0,0,137000,19057,
2021-12-23,6026,325000,39000,2000,0,362000,75033716,2414942,0,284000,0,2130942,752572,
2021-12-23,6101,0,0,0,0,0,0,0,0,0,0,0,0,XV
2021-12-23,6103,0,0,0,0,0,0,0,0,0,0,0,0,XV
2021-12-23,6104,4689000,56000,106000,6000,4633000,22569796,4334000,15000,0,0,4349000,4678918,
2021-12-23,6109,0,0,0,0,0,0,0,0,0,0,0,0,XV
2021-12-23,6111,444000,79000,95000,1000,427000,9393480,380006,124000,0,0,504006,634310,
2021-12-23,6113,0,0,0,0,0,0,0,0,0,0,0,0,XV
2021-12-23,6114,0,0,0,0,0,10977984,48000,0,0,0,48000,6618,
2021-12-23,6118,1268000,2000,45000,20000,1205000,22722393,335000,0,58000,0,277000,3107331,
2021-12-23,6121,4000,0,0,0,4000,46242629,1383000,0,26000,0,1357000,348639,
2021-12-23,6122,2000,0,0,0,2000,17697740,87980,0,0,0,87980,93096,
2021-12-23,6123,0,0,0,0,0,14397357,99000,0,0,0,99000,27851,
2021-12-23,6124,0,0,0,0,0,45619986,27000,0,0,0,27000,7250,
2021-12-23,6125,475000,255000,2000,0,728000,60502787,8726000,8000,1000,0,8733000,1201467,
2021-12-23,6126,16000,4000,0,0,20000,30690646,1807831,0,0,0,1807831,668335,
2021-12-23,6127,147000,1000,0,0,148000,27019937,2159000,27000,0,0,2186000,772875,
2021-12-23,6129,0,0,0,0,0,0,0,0,0,0,0,0,XV
2021-12-23,6134,223000,0,13000,0,210000,16894974,97000,0,0,0,97000,592446,
2021-12-23,6138,478000,11000,4000,0,485000,18528125,1885000,81000,0,0,1966000,2766325,
2021-12-23,6140,19000,0,5000,0,14000,9591976,131000,6000,0,0,137000,440676,
2021-12-23,6143,117000,3000,1000,0,119000,20751724,3024000,4000,106000,0,2922000,881173,
2021-12-23,6144,0,0,0,0,0,0,0,0,0,0,0,0,XV
2021-12-23,6146,0,0,0,0,0,24254095,212000,0,0,0,212000,31695,
2021-12-23,6147,336000,0,22000,0,314000,184668884,21127000,1000,117000,0,21011000,1712004,
2021-12-23,6148,2000,0,0,0,2000,11750000,77000,0,0,0,77000,152481,
2021-12-23,6150,925000,1000,26000,0,900000,11505774,1322400,2000,9000,0,1315400,1905963,
2021-12-23,6151,7000,0,0,0,7000,13814325,182000,0,0,0,182000,33029,
2021-12-23,6154,0,0,0,0,0,20020000,192000,0,0,0,192000,32642,
2021-12-23,6156,15000,0,1000,0,14000,20133652,396000,7000,0,0,403000,379420,
2021-12-23,6158,35000,85000,7000,0,113000,13761997,458000,0,0,0,458000,213917,
2021-12-23,6160,7000,0,0,0,7000,17122280,460000,0,0,0,460000,74271,
2021-12-23,6161,23000,0,0,0,23000,18745825,415000,0,0,0,415000,174126,
2021-12-23,6163,641000,1000,0,0,642000,28015622,2378000,13000,0,0,2391000,993140,
2021-12-23,6167,0,0,0,0,0,0,0,0,0,0,0,0,XV
2021-12-23,6170,936000,10000,14000,0,932000,22417509,860000,4000,0,0,864000,457609,
2021-12-23,6171,3000,0,0,0,3000,21663677,76000,0,0,0,76000,39779,
2021-12-23,6173,20000,2000,0,0,22000,43000000,2891000,0,4000,0,2887000,426016,
2021-12-23,6174,61000,0,1000,0,60000,12500000,277000,0,0,0,277000,360014,
2021-12-23,6175,48000,40000,0,0,88000,35768810,1695000,29000,0,0,1724000,757847,
2021-12-23,6179,2000,0,0,0,2000,22036682,545000,0,0,0,545000,227642,
2021-12-23,6180,437000,17000,52000,0,402000,43873393,1344000,147000,94000,0,1397000,1425222,
2021-12-23,6182,2796000,201000,64000,0,2933000,135224609,23557583,158000,342000,0,23373583,17209354,
2021-12-23,6185,4000,64000,0,0,68000,37466882,541000,0,0,0,541000,405770,
2021-12-23,6186,0,0,0,0,0,34134032,258000,6000,0,0,264000,60709,
2021-12-23,6187,59000,15000,0,0,74000,20830975,2671000,19000,0,0,2690000,432435,
2021-12-23,6188,141000,5000,5000,0,141000,69589727,2541000,2000,153000,0,2390000,1301467,
2021-12-23,6190,8729000,19000,70000,4581000,4097000,37392134,2706373,62000,778000,0,1990373,8123286,
2021-12-23,6194,0,0,0,0,0,15000000,57000,0,0,0,57000,22087,
2021-12-23,6195,1000,0,0,0,1000,12545427,78000,0,0,0,78000,9740,
2021-12-23,6203,24000,0,0,0,24000,19988319,760000,4000,0,0,764000,55389,
2021-12-23,6204,0,0,0,0,0,5775520,32000,0,0,0,32000,14009,
2021-12-23,6207,7000,2000,0,0,9000,20968397,659000,9000,86000,0,582000,356856,
2021-12-23,6208,15000,0,0,0,15000,29550419,655000,0,0,0,655000,366168,
2021-12-23,6210,0,0,0,0,0,8762000,21000,0,0,0,21000,5806,
2021-12-23,6212,0,0,0,0,0,25500000,10000,0,0,0,10000,1926,
2021-12-23,6217,2165000,10000,21000,0,2154000,16633858,772000,23000,3000,0,792000,882711,
2021-12-23,6218,0,0,0,0,0,16065500,91000,1000,0,0,92000,144672,
2021-12-23,6219,0,0,0,0,0,38504069,2653000,5000,0,0,2658000,1146188,
2021-12-23,6220,5000,0,0,0,5000,32993097,545000,0,0,0,545000,35137,
2021-12-23,6221,3000,0,0,1000,2000,17895597,92003,0,0,0,92003,13947,
2021-12-23,6222,0,0,0,0,0,0,0,0,0,0,0,0,XV
2021-12-23,6223,122000,1000,5000,0,118000,23518443,2138000,53000,1000,0,2190000,525117,
2021-12-23,6227,1000,0,0,0,1000,19027946,332000,0,0,0,332000,161646,
2021-12-23,6228,0,0,0,0,0,0,0,0,0,0,0,0,XV
2021-12-23,6229,48000,0,0,0,48000,8910175,405000,0,0,0,405000,260247,
2021-12-23,6231,6000,0,1000,0,5000,9510872,417000,1000,0,0,418000,77091,
2021-12-23,6233,181000,1000,13000,0,169000,19902474,2479000,4000,0,0,2483000,436714,
2021-12-23,6234,0,0,0,0,0,25096599,108000,1000,0,0,109000,80064,
2021-12-23,6237,3585000,48000,21000,0,3612000,19971155,2508000,7000,16000,0,2499000,1928679,
2021-12-23,6240,11000,0,0,0,11000,5716842,14000,0,0,0,14000,58399,
2021-12-23,6241,0,0,0,0,0,0,0,0,0,0,0,0,XV
2021-12-23,6244,0,0,0,0,0,0,917000,0,1000,0,916000,4330025,X
2021-12-23,6245,1000,0,1000,0,0,29250859,860000,0,68000,0,792000,77364,
2021-12-23,6246,3000,0,0,0,3000,3675973,105000,0,0,0,105000,77549,
2021-12-23,6248,0,0,0,0,0,11427886,129000,1000,0,0,130000,62229,
2021-12-23,6261,123000,0,1000,0,122000,32124497,2165000,13000,4000,0,2174000,571414,
2021-12-23,6263,0,0,0,0,0,15625241,45000,0,0,0,45000,13688,
2021-12-23,6264,0,0,0,0,0,0,0,0,0,0,0,0,XV
2021-12-23,6265,686000,80000,61000,0,705000,29543037,1953000,0,0,0,1953000,4728261,
2021-12-23,6266,48000,230000,8000,0,270000,25589961,69000,14000,0,0,83000,412409,
2021-12-23,6270,3000,0,0,0,3000,18036439,481000,2000,0,0,483000,293645,
2021-12-23,6274,9000,0,1000,0,8000,67234674,2501000,41000,0,0,2542000,806222,
2021-12-23,6275,348000,89000,275000,0,162000,17446731,911000,0,5000,0,906000,1542885,
2021-12-23,6276,0,0,0,0,0,4408393,140000,0,0,0,140000,33232,
2021-12-23,6279,44000,0,12000,0,32000,24913676,1001000,109000,3000,0,1107000,427378,
2021-12-23,6284,208000,25000,16000,0,217000,35045085,4117000,27000,0,0,4144000,1858432,
2021-12-23,6287,0,0,0,0,0,0,0,0,0,0,0,0,XV
2021-12-23,6290,719000,0,7000,0,712000,36941549,4230000,2000,0,0,4232000,441305,
2021-12-23,6291,0,0,0,0,0,0,0,0,0,0,0,0,XV
2021-12-23,6292,0,0,0,0,0,11725178,88000,0,0,0,88000,15493,
2021-12-23,6294,0,0,0,0,0,6143185,19000,0,0,0,19000,7630,
2021-12-23,6404,0,0,0,0,0,0,0,0,0,0,0,0,XV
2021-12-23,6411,2919000,285000,144000,2000,3058000,22884582,2578610,87000,122000,0,2543610,3271254,
2021-12-23,6417,0,0,0,0,0,10568500,13000,0,0,0,13000,16372,
2021-12-23,6418,53000,0,1000,0,52000,8630500,75000,0,0,0,75000,406946,
2021-12-23,6425,12000,0,0,0,12000,10900500,56000,0,0,0,56000,20523,
2021-12-23,6432,5000,0,1000,0,4000,7648208,163000,0,3000,0,160000,114714,
2021-12-23,6435,42000,0,0,0,42000,8358250,242000,0,0,0,242000,316106,
2021-12-23,6441,332000,21000,13000,0,340000,10673069,1081522,0,0,0,1081522,197848,
2021-12-23,6457,0,0,0,0,0,7963698,194890,0,0,0,194890,770297,
2021-12-23,6461,0,0,0,0,0,28921500,68000,0,0,0,68000,85673,
2021-12-23,6462,269000,16000,52000,2000,231000,17317938,3702000,95000,251000,0,3546000,163308,
2021-12-23,6465,0,0,0,0,0,0,0,0,0,0,0,161737,X
2021-12-23,6469,18000,0,0,0,18000,17677764,453913,0,19000,0,434913,91379,
2021-12-23,6470,0,0,0,0,0,8173525,108000,1000,0,0,109000,28172,
2021-12-23,6472,2000,0,0,0,2000,17108820,1380416,2000,0,0,1382416,87677,
2021-12-23,6485,819000,31000,13000,0,837000,10215377,1231000,9000,34000,0,1206000,2080383,
2021-12-23,6486,19000,0,0,0,19000,9688834,141000,0,0,0,141000,11322,
2021-12-23,6488,203000,26000,8000,0,221000,109312500,10646120,30000,0,0,10676120,638049,
2021-12-23,6494,230000,0,5000,0,225000,7889922,261000,0,0,0,261000,446509,
2021-12-23,6496,0,0,0,0,0,11666750,28000,0,0,0,28000,3632,
2021-12-23,6499,10000,25000,0,0,35000,18301018,189000,0,0,0,189000,210492,
2021-12-23,6506,2000,0,0,0,2000,20590206,195000,0,0,0,195000,87618,
2021-12-23,6508,0,0,0,0,0,21417541,354000,0,0,0,354000,67756,
2021-12-23,6509,2874000,99000,132000,0,2841000,43301025,8350000,4000,358000,0,7996000,4395134,
2021-12-23,6510,132000,0,0,0,132000,8197255,1558000,13000,24000,0,1547000,67290,
2021-12-23,6514,65000,1000,6000,0,60000,7503845,232000,0,5000,0,227000,343131,
2021-12-23,6516,5000,1000,0,0,6000,10603452,110601,0,0,0,110601,21600,
2021-12-23,6523,3000,0,0,0,3000,11261906,124000,5000,0,0,129000,347588,
2021-12-23,6530,29000,0,1000,0,28000,8437500,118000,0,4000,0,114000,370567,
2021-12-23,6532,1000,0,0,0,1000,9025216,466000,0,6000,0,460000,119448,
2021-12-23,6538,127000,74000,0,0,201000,9317250,941590,25000,0,0,966590,89184,
2021-12-23,6542,0,0,0,0,0,7875157,26000,0,0,0,26000,9753,
2021-12-23,6548,3150000,12000,0,662000,2500000,93107422,1403000,10000,6000,0,1407000,540105,
2021-12-23,6561,0,0,0,0,0,17617532,180000,0,0,0,180000,11871,
2021-12-23,6568,0,0,0,0,0,0,310670,4000,0,0,314670,474402,Y
2021-12-23,6570,0,0,0,0,0,7521544,26000,0,0,0,26000,31672,
2021-12-23,6577,0,0,0,0,0,9563717,25000,0,0,0,25000,23829,
2021-12-23,6578,4000,0,0,0,4000,8270463,51000,0,0,0,51000,36497,
2021-12-23,6589,0,0,0,0,0,0,1932000,10000,0,0,1942000,561224,Y
2021-12-23,6596,0,0,0,0,0,7500000,24000,0,0,0,24000,5332,
2021-12-23,6603,203000,4000,5000,0,202000,37359695,2558205,10000,0,0,2568205,1833846,
2021-12-23,6609,20000,0,0,0,20000,18114061,73000,0,5000,0,68000,26909,
2021-12-23,6612,0,0,0,0,0,8492475,29000,0,0,0,29000,54749,
2021-12-23,6613,0,0,0,0,0,8482000,57000,0,0,0,57000,8233,
2021-12-23,6616,0,0,0,0,0,0,10000,0,0,0,10000,24393,Y
2021-12-23,6629,0,0,0,0,0,0,0,0,0,0,0,3995,Y
2021-12-23,6642,0,0,0,0,0,9349915,54000,0,0,0,54000,23712,
2021-12-23,6643,30000,0,1000,0,29000,7901500,644000,0,0,0,644000,314373,
2021-12-23,6651,1000,0,0,0,1000,8240805,154000,0,0,0,154000,71463,
2021-12-23,6654,20000,0,0,0,20000,8315680,59000,11000,0,0,70000,178490,
2021-12-23,6664,1000,0,0,0,1000,13750000,61000,1000,0,0,62000,33966,
2021-12-23,6667,1000,0,0,0,1000,9944719,147000,0,34000,0,113000,114571,
2021-12-23,6679,43000,1000,0,0,44000,10660333,428000,0,36000,0,392000,224332,
2021-12-23,6683,0,0,0,0,0,0,219000,0,0,0,219000,68661,Y
2021-12-23,6684,0,0,0,0,0,0,48000,20000,0,0,68000,343845,Y
2021-12-23,6712,0,0,0,0,0,0,159000,13000,0,0,172000,254284,Y
2021-12-23,6716,0,0,0,0,0,0,59000,0,0,0,59000,43348,Y
2021-12-23,6727,0,0,0,0,0,0,76000,0,10000,0,66000,47465,Y
2021-12-23,6732,90000,0,0,0,90000,12228154,501000,0,0,0,501000,111584,
2021-12-23,6741,0,0,0,0,0,30144499,263000,0,0,0,263000,313698,
2021-12-23,6747,0,0,0,0,0,0,16000,0,0,0,16000,8175,Y
2021-12-23,6803,0,0,0,0,0,17392505,37000,0,0,0,37000,6357,
2021-12-23,7402,0,0,0,0,0,0,4000,0,0,0,4000,11057,Y
2021-12-23,8024,32000,0,0,0,32000,11290025,507000,0,0,0,507000,277042,
2021-12-23,8027,75000,10000,0,1000,84000,25025542,1972230,0,0,0,1972230,322820,
2021-12-23,8032,3000,0,3000,0,0,12952575,66000,0,0,0,66000,58788,
2021-12-23,8034,133000,0,3000,0,130000,15718431,223000,0,47000,0,176000,587708,
2021-12-23,8040,494000,4000,9000,0,489000,17224768,598000,0,0,0,598000,3032334,
2021-12-23,8042,5000,0,0,0,5000,32365637,500700,0,0,0,500700,29501,
2021-12-23,8043,3000,2000,0,0,5000,19976792,408000,0,34000,0,374000,61155,
2021-12-23,8044,993000,3000,9000,0,987000,29784370,2691000,0,0,0,2691000,702030,
2021-12-23,8047,0,0,0,0,0,10416585,46000,0,0,0,46000,32783,
2021-12-23,8048,0,0,0,0,0,13617801,67000,0,0,0,67000,28882,
2021-12-23,8049,12000,0,0,0,12000,29569952,642000,0,0,0,642000,99186,
2021-12-23,8050,0,0,0,0,0,44274943,834361,0,0,0,834361,66360,
2021-12-23,8054,325000,4000,7000,0,322000,17621221,2999000,1000,0,0,3000000,2338119,
2021-12-23,8059,0,0,0,0,0,0,68000,0,0,0,68000,85403,X
2021-12-23,8064,103000,0,14000,0,89000,41204459,2195000,0,247000,0,1948000,1008553,
2021-12-23,8066,2000,0,0,0,2000,7499076,114000,1000,0,0,115000,23697,
2021-12-23,8068,0,0,0,0,0,0,0,0,0,0,0,0,XV
2021-12-23,8069,2399000,290000,116000,1000,2572000,270101178,10932000,31000,38000,0,10925000,8749950,
2021-12-23,8071,0,0,0,0,0,12963570,89000,0,0,0,89000,59555,
2021-12-23,8074,0,3000,0,0,3000,21143616,91000,0,0,0,91000,30894,
2021-12-23,8076,256000,1000,4000,0,253000,69382884,2384106,2000,0,0,2386106,943004,
2021-12-23,8080,0,0,0,0,0,0,0,0,0,0,0,0,XV
2021-12-23,8083,0,0,0,0,0,8783298,73000,0,0,0,73000,9651,
2021-12-23,8085,0,0,0,0,0,0,0,0,0,0,0,0,XV!
2021-12-23,8086,1216000,20000,13000,0,1223000,37879030,7928949,0,89000,0,7839949,929242,
2021-12-23,8088,2000,0,0,0,2000,15230437,1118000,27000,8000,0,1137000,219479,
2021-12-23,8089,9000,0,6000,3000,0,14324681,107000,1000,0,0,108000,222214,
2021-12-23,8091,0,0,0,0,0,11390028,233000,0,0,0,233000,44653,
2021-12-23,8092,0,0,0,0,0,0,51000,0,0,0,51000,145502,Y
2021-12-23,8093,0,0,0,0,0,0,0,0,0,0,0,0,XV
2021-12-23,8096,56000,2000,0,0,58000,36316189,1590780,92000,260000,0,1422780,969341,
2021-12-23,8097,412000,23000,0,7000,428000,8668576,79000,0,0,0,79000,259768,
2021-12-23,8099,3000,0,0,0,3000,22140000,482000,0,0,0,482000,42536,
2021-12-23,8107,5000,0,3000,0,2000,18750000,100000,0,0,0,100000,62809,
2021-12-23,8109,0,0,0,0,0,19402351,139000,0,0,0,139000,9037,
2021-12-23,8111,752000,53000,6000,0,799000,27275555,618000,38000,0,0,656000,3273748,
2021-12-23,8121,0,0,0,0,0,0,574000,0,0,0,574000,912549,X
2021-12-23,8147,0,0,0,0,0,6904664,43000,0,0,0,43000,36581,
2021-12-23,8155,129000,35000,8000,0,156000,12439000,654000,34000,0,0,688000,630717,
2021-12-23,8171,509000,8000,34000,0,483000,14680807,1848000,13000,0,0,1861000,420634,
2021-12-23,8176,0,0,0,0,0,0,0,0,0,0,0,0,XV
2021-12-23,8182,497000,6000,9000,0,494000,26760303,1588000,0,6000,0,1582000,1427260,
2021-12-23,8183,273000,0,11000,0,262000,30312767,3547000,177000,65000,0,3659000,4189960,
2021-12-23,8234,4000,0,1000,0,3000,35306618,54000,0,0,0,54000,27995,
2021-12-23,8240,3000,0,0,0,3000,25001103,519000,0,0,0,519000,52352,
2021-12-23,8255,503000,149000,55000,0,597000,22864250,1467317,72000,17000,0,1522317,1238761,
2021-12-23,8277,0,0,0,0,0,0,0,0,0,0,0,0,XV
2021-12-23,8284,0,0,0,0,0,11585500,16000,0,0,0,16000,6768,
2021-12-23,8289,162000,22000,25000,0,159000,17083441,924000,0,0,0,924000,1712892,
2021-12-23,8299,48000,4000,6000,0,46000,49268498,3168725,27000,256319,0,2939406,1641225,
2021-12-23,8342,0,0,0,0,0,8384173,18000,0,0,0,18000,4163,
2021-12-23,8349,5000,0,0,0,5000,29822549,339000,0,0,0,339000,18553,
2021-12-23,8354,0,0,0,0,0,19633065,25000,0,0,0,25000,3360,
2021-12-23,8358,1293000,54000,125000,0,1222000,63147000,11551000,96000,355000,18000,11310000,2659255,
2021-12-23,8383,1000,0,0,0,1000,29548120,451000,0,0,0,451000,54287,
2021-12-23,8390,12000,0,0,0,12000,25270415,1194000,2000,0,0,1196000,78406,
2021-12-23,8401,2000,0,0,0,2000,15010420,102000,0,0,0,102000,35415,
2021-12-23,8403,212000,0,0,0,212000,28581467,1000900,0,0,0,1000900,43289,
2021-12-23,8406,71000,0,1000,0,70000,24268249,810200,6000,35000,0,781200,330183,
2021-12-23,8410,0,0,0,0,0,9147300,117000,0,0,0,117000,11163,
2021-12-23,8415,207000,17000,41000,0,183000,257875000,7353000,0,915000,0,6438000,1318980,
2021-12-23,8418,0,0,0,0,0,16998750,12000,0,0,0,12000,3252,
2021-12-23,8420,2000,0,0,0,2000,12747500,80000,0,0,0,80000,27726,
2021-12-23,8421,0,0,0,0,0,0,0,0,0,0,0,0,XV
2021-12-23,8424,0,0,0,0,0,9013592,18000,0,0,0,18000,3816,
2021-12-23,8426,0,0,0,0,0,12560625,21000,0,0,0,21000,9253,
2021-12-23,8431,48000,1000,5000,0,44000,11113870,933000,6000,0,0,939000,308278,
2021-12-23,8432,1000,2000,0,0,3000,9599535,38000,0,0,0,38000,13579,
2021-12-23,8433,0,0,0,0,0,13020400,47000,0,0,0,47000,5122,
2021-12-23,8435,0,0,0,0,0,7925112,20000,0,0,0,20000,11026,
2021-12-23,8436,34000,0,0,0,34000,29561207,4032000,58000,0,0,4090000,310038,
2021-12-23,8437,0,0,0,0,0,11962767,91000,0,0,0,91000,5664,
2021-12-23,8440,0,0,0,0,0,9500056,57000,0,0,0,57000,25499,
2021-12-23,8444,2000,0,0,0,2000,22441711,22000,0,0,0,22000,22907,
2021-12-23,8446,0,0,0,0,0,13228601,229850,1000,0,0,230850,24648,
2021-12-23,8450,421000,3000,9000,0,415000,12827486,117000,0,0,0,117000,515851,
2021-12-23,8476,0,0,0,0,0,0,0,0,0,0,0,0,XV
2021-12-23,8477,0,0,0,0,0,7898209,22000,0,0,0,22000,16008,
2021-12-23,8489,0,0,0,0,0,9438103,168200,0,0,0,168200,21543,
2021-12-23,8905,0,0,0,0,0,29860000,297000,1000,69000,0,229000,42024,
2021-12-23,8906,4000,0,0,0,4000,8509342,0,0,0,0,0,33900,
2021-12-23,8908,0,0,0,0,0,56021866,21450,0,0,0,21450,6263,X
2021-12-23,8916,0,0,0,0,0,32827207,559000,0,2000,0,557000,34498,
2021-12-23,8917,0,0,0,0,0,36966468,6000,0,0,0,6000,1966,X
2021-12-23,8923,0,0,0,0,0,7593950,1000,0,0,0,1000,463,
2021-12-23,8924,61000,0,1000,0,60000,20950000,1175000,15000,13000,0,1177000,210433,
2021-12-23,8927,80000,6000,7000,2000,77000,61559441,708161,2000,0,0,710161,155584,
2021-12-23,8928,0,0,0,0,0,12713503,83000,0,0,0,83000,15910,
2021-12-23,8929,0,0,0,0,0,12645215,27000,0,0,0,27000,7628,
2021-12-23,8930,1000,0,0,0,1000,20452351,202000,0,0,0,202000,32511,
2021-12-23,8931,0,0,0,0,0,30563715,50000,0,0,0,50000,12125,
2021-12-23,8932,7000,0,0,0,7000,12271979,52000,0,0,0,52000,68829,
2021-12-23,8933,0,0,0,0,0,0,40000,0,0,0,40000,484867,X
2021-12-23,8935,0,0,0,0,0,0,0,0,0,0,0,0,XV
2021-12-23,8936,2000,0,0,0,2000,62019539,4649199,6000,0,0,4655199,263901,
2021-12-23,8937,0,0,0,0,0,0,20000,0,0,0,20000,8659,X
2021-12-23,8938,13000,0,0,0,13000,33828180,2174000,2000,1000,0,2175000,103419,
2021-12-23,8941,0,0,0,0,0,3823050,9000,0,0,0,9000,3051,
2021-12-23,8942,0,0,0,0,0,41460020,833000,4000,0,0,837000,76664,
2021-12-23,9949,0,0,0,0,0,0,0,0,0,0,0,0,XV
2021-12-23,9950,0,0,0,0,0,0,0,0,0,0,0,0,XV
2021-12-23,9951,55000,0,2000,0,53000,18725000,670000,2000,0,0,672000,28135,
2021-12-23,9960,0,0,0,0,0,8398125,14000,0,0,0,14000,11006,
2021-12-23,9962,131000,1000,7000,5000,120000,22555065,672000,0,6000,0,666000,624004,
