stock_id,name,period,market,產業別,當月營收,上月營收,去年當月營收,上月比較增減(%),去年同月增減(%),當月累計營收,去年累計營收,前期比較增減(%)
1565,精華光學,2004-11,tpex,生物科技,72700,70827,41696,2.64,74.35,652642,503141,29.71
1569,濱川,2004-11,tpex,生物科技,64134,65052,32600,-1.41,96.73,536671,223445,140.18
1777,生泰,2004-11,tpex,生物科技,16142,16646,13527,-3.02,19.33,181981,163460,11.33
1781,合世生醫,2004-11,tpex,生物科技,81629,109768,76484,-25.63,6.72,1525925,1205164,26.61
3162,精確實業,2004-11,tpex,生物科技,48636,42415,51210,14.66,-5.02,421835,375029,12.48
3205,天騵生化,2004-11,tpex,生物科技,5918,6668,1397,-11.24,323.62,86869,10146,756.18
3218,大學光,2004-11,tpex,生物科技,29754,28430,16461,4.65,80.75,284798,169267,68.25
3266,弘如洋,2004-11,tpex,生物科技,46331,43735,47465,5.93,-2.38,522013,396669,31.59
4102,永日化工,2004-11,tpex,生物科技,22548,24100,20413,-6.43,10.45,258514,249508,3.60
4103,百略醫學,2004-11,tpex,生物科技,238788,212714,164516,12.25,45.14,2910650,2199908,32.30
4104,東貿,2004-11,tpex,生物科技,170236,162949,140078,4.47,21.52,1842917,1379185,33.62
4105,台灣東洋,2004-11,tpex,生物科技,129654,141615,109412,-8.44,18.50,1449799,1250507,15.93
4107,邦拓生技,2004-11,tpex,生物科技,31139,32307,29193,-3.61,6.66,314102,299088,5.01
4108,懷特新藥,2004-11,tpex,生物科技,160,57,233,180.70,-31.33,11417,11137,2.51
4109,加捷科技,2004-11,tpex,生物科技,78847,60610,64347,30.08,22.53,790601,693342,14.02
4111,濟生藥廠,2004-11,tpex,生物科技,50933,44443,38881,14.60,30.99,475829,395953,20.17
4113,聯上生技,2004-11,tpex,生物科技,3169,3306,2538,-4.14,24.86,30485,79129,-61.47
4114,健喬信元,2004-11,tpex,生物科技,38700,36766,34671,5.26,11.62,394522,376479,4.79
4120,友華,2004-11,tpex,生物科技,181281,174358,161402,3.97,12.31,1774770,1540147,15.23
4121,優盛醫學,2004-11,tpex,生物科技,82671,78759,60774,4.96,36.03,652201,617938,5.54
4123,晟德,2004-11,tpex,生物科技,20191,23459,17734,-13.93,13.85,208118,173018,20.28
4126,太醫,2004-11,tpex,生物科技,45947,54238,34952,-15.28,31.45,554278,435760,27.19
4127,天良生技,2004-11,tpex,生物科技,55684,68575,54073,-18.79,2.97,637184,485530,31.23
4129,聯合骨科,2004-11,tpex,生物科技,40712,48148,37747,-15.44,7.85,452812,387786,16.76
4131,晶宇生技,2004-11,tpex,生物科技,1068,2204,4574,-51.54,-76.65,39702,32428,22.43
6508,惠光化學,2004-11,tpex,生物科技,116229,71403,56177,62.77,106.89,899104,771121,16.59
4205,恆義公司,2004-11,tpex,食品工業,71455,70792,66213,0.93,7.91,788687,722586,9.14
4207,環泰企業,2004-11,tpex,食品工業,57001,54281,51911,5.01,9.80,692131,649516,6.56
4303,信立,2004-11,tpex,塑膠工業,119159,105864,144410,12.55,-17.48,1302108,1481414,-12.10
4304,琨詰,2004-11,tpex,塑膠工業,47729,55973,39874,-14.72,19.69,492387,408914,20.41
4305,世坤塑膠,2004-11,tpex,塑膠工業,126786,108894,81652,16.43,55.27,1097267,864884,26.86
4306,炎洲,2004-11,tpex,塑膠工業,248799,230153,206266,8.10,20.62,2173192,1856066,17.08
8354,冠郝企業,2004-11,tpex,塑膠工業,116584,127133,111126,-8.29,4.91,1345958,1054570,27.63
9950,萬國通路,2004-11,tpex,塑膠工業,135637,124157,112218,9.24,20.86,1412426,1242569,13.66
1462,東雲,2004-11,tpex,紡織纖維,904893,1267731,1237204,-28.62,-26.85,11550223,10576804,9.20
4401,東隆興業,2004-11,tpex,紡織纖維,268245,279393,264267,-3.99,1.50,2429804,2251634,7.91
4402,福大,2004-11,tpex,紡織纖維,96798,115214,70466,-15.98,37.36,1303447,1203627,8.29
4406,新昕纖維,2004-11,tpex,紡織纖維,70497,108157,91305,-34.81,-22.78,988640,830015,19.11
4408,聯明紡織,2004-11,tpex,紡織纖維,14235,18482,32088,-22.97,-55.63,155825,311519,-49.97
4413,赤崁,2004-11,tpex,紡織纖維,108182,72319,101840,49.59,6.22,1050015,690495,52.06
4415,勤龍實業,2004-11,tpex,紡織纖維,40162,42138,39144,-4.68,2.60,532686,524336,1.59
4416,福纖,2004-11,tpex,紡織纖維,31952,30485,72411,4.81,-55.87,521600,667252,-21.82
4417,金洲海洋,2004-11,tpex,紡織纖維,105594,99198,106598,6.44,-0.94,1104411,857587,28.78
4419,松懋化學,2004-11,tpex,紡織纖維,50916,58388,62350,-12.79,-18.33,641609,572027,12.16
4420,光明絲織,2004-11,tpex,紡織纖維,74167,74983,65862,-1.08,12.60,748447,688523,8.70
1570,力肯實業,2004-11,tpex,電機機械,75439,77411,79755,-2.54,-5.41,974039,858582,13.44
4502,源恆,2004-11,tpex,電機機械,294377,276831,194301,6.33,51.50,2766749,2222858,24.46
4503,金雨,2004-11,tpex,電機機械,57366,42358,47199,35.43,21.54,805848,635481,26.80
4506,崇友,2004-11,tpex,電機機械,112976,153830,95629,-26.55,18.13,1585465,1440716,10.04
4510,高鋒工業,2004-11,tpex,電機機械,66094,119409,87692,-44.64,-24.62,1183544,1277618,-7.36
4513,福裕事業,2004-11,tpex,電機機械,122128,129781,85964,-5.89,42.06,1312929,980057,33.96
4523,永彰機電,2004-11,tpex,電機機械,117847,92420,171809,27.51,-31.40,1744445,1845721,-5.48
4527,方土霖,2004-11,tpex,電機機械,79578,84995,75637,-6.37,5.21,792666,770215,2.91
4528,江興鍛壓,2004-11,tpex,電機機械,46296,46516,41732,-0.47,10.93,578834,388429,49.01
4529,力武電機,2004-11,tpex,電機機械,73135,142564,41564,-48.70,75.95,864887,573162,50.89
4530,宏易精密,2004-11,tpex,電機機械,136136,124767,228189,9.11,-40.34,1545020,2040324,-24.27
4533,協易機械,2004-11,tpex,電機機械,281955,237179,226411,18.87,24.53,2636143,2138531,23.26
4534,三林,2004-11,tpex,電機機械,42778,48055,29003,-10.98,47.49,449629,404607,11.12
4535,至興精機,2004-11,tpex,電機機械,100348,96023,80497,4.50,24.66,1173554,903780,29.84
6609,瀧澤科,2004-11,tpex,電機機械,193346,213989,180039,-9.64,7.39,2241194,1683587,33.12
8374,羅昇,2004-11,tpex,電機機械,57203,48459,52059,18.04,9.88,630485,527200,19.59
9951,皇田工業,2004-11,tpex,電機機械,74086,65125,66200,13.75,11.91,962652,829210,16.09
4609,唐鋒實業,2004-11,tpex,電器電纜,104901,124283,80541,-15.59,30.24,1185249,1088108,8.92
6603,富強鑫,2004-11,tpex,電器電纜,87232,103643,98018,-15.83,-11.00,1417359,1103228,28.47
1742,台蠟,2004-11,tpex,化學工業,73887,77953,37971,-5.21,94.58,786708,694835,13.22
1787,福盈科,2004-11,tpex,化學工業,75336,62483,54701,20.57,37.72,731024,625479,16.87
4702,中美實,2004-11,tpex,化學工業,30209,35398,41499,-14.65,-27.20,470022,451615,4.07
4703,金美克能,2004-11,tpex,化學工業,28642,47906,38186,-40.21,-24.99,386393,383503,0.75
4706,大恭化學,2004-11,tpex,化學工業,90815,111263,112956,-18.37,-19.60,1117090,1178424,-5.20
4707,磐亞,2004-11,tpex,化學工業,126495,122943,94036,2.88,34.51,1246645,1234630,0.97
4711,永純化工,2004-11,tpex,化學工業,291047,318029,219700,-8.48,32.47,2772323,2037519,36.06
4712,南璋,2004-11,tpex,化學工業,36007,46163,61492,-22.00,-41.44,462212,505065,-8.48
4714,永捷,2004-11,tpex,化學工業,72752,69957,75445,3.99,-3.56,749644,782503,-4.19
4716,大立高,2004-11,tpex,化學工業,104384,106104,81530,-1.62,28.03,995030,848752,17.23
4720,德淵企業,2004-11,tpex,化學工業,114703,102153,114030,12.28,0.59,1252295,1169647,7.06
4721,美琪瑪,2004-11,tpex,化學工業,106266,104796,51963,1.40,104.50,1077682,680772,58.30
4722,國精化學,2004-11,tpex,化學工業,210580,247368,190908,-14.87,10.30,2112007,1702765,24.03
6509,聚和,2004-11,tpex,化學工業,111637,161763,113312,-30.98,-1.47,1429867,1167806,22.44
4801,碼斯特,2004-11,tpex,玻璃陶瓷,32520,28134,6239,15.58,421.23,150946,103974,45.17
5007,三星科技,2004-11,tpex,鋼鐵工業,747079,749678,476703,-0.34,56.71,7386341,5403337,36.69
5009,榮剛,2004-11,tpex,鋼鐵工業,500124,502597,287588,-0.49,73.90,4791079,3043509,57.41
5011,久陽,2004-11,tpex,鋼鐵工業,12692,26656,23473,-52.38,-45.92,236087,234300,0.76
5013,強新工業,2004-11,tpex,鋼鐵工業,242415,243771,132144,-0.55,83.44,2270504,1343944,68.94
5014,建錩實業,2004-11,tpex,鋼鐵工業,143934,129041,128770,11.54,11.77,1764336,1585507,11.27
5015,華祺,2004-11,tpex,鋼鐵工業,184536,151277,102254,21.98,80.46,1371043,984553,39.25
5016,松和工業,2004-11,tpex,鋼鐵工業,158491,171977,117260,-7.84,35.16,1782319,1310451,36.00
5017,新泰伸,2004-11,tpex,鋼鐵工業,483095,573536,514306,-15.76,-6.06,5273451,4057203,29.97
5102,富強,2004-11,tpex,橡膠工業,71385,75251,51148,-5.13,39.56,712660,650708,9.52
1333,恩得利,2004-11,tpex,電子工業,81805,93592,83576,-12.59,-2.11,817023,692463,17.98
1785,光洋科,2004-11,tpex,電子工業,372835,377698,274900,-1.28,35.62,3649422,2790829,30.76
2059,川湖,2004-11,tpex,電子工業,149063,138580,96911,7.56,53.81,1225831,842905,45.42
3064,泰偉電子,2004-11,tpex,電子工業,48601,47587,13097,2.13,271.08,290682,112333,158.76
3066,李洲科技,2004-11,tpex,電子工業,122268,118082,117262,3.54,4.26,1396196,1188655,17.46
3067,全域,2004-11,tpex,電子工業,80415,91846,67593,-12.44,18.96,874364,744812,17.39
3069,寶晟科,2004-11,tpex,電子工業,21365,25498,30830,-16.20,-30.70,320510,275342,16.40
3071,協禧電機,2004-11,tpex,電子工業,228090,203155,205889,12.27,10.78,2125703,1937132,9.73
3078,僑威科技,2004-11,tpex,電子工業,375043,351724,262025,6.62,43.13,3256782,2671329,21.91
3079,宏億國際,2004-11,tpex,電子工業,352421,365096,265611,-3.47,32.68,3314802,2650032,25.08
3083,中華網龍,2004-11,tpex,電子工業,39861,42204,73062,-5.55,-45.44,406661,668456,-39.16
3085,久大,2004-11,tpex,電子工業,16165,17352,9703,-6.84,66.59,181740,116229,56.36
3086,華義國際,2004-11,tpex,電子工業,13036,27345,44108,-52.32,-70.44,366523,594288,-38.32
3087,翔準,2004-11,tpex,電子工業,135591,164429,125913,-17.53,7.68,135591,1485361,-90.87
3088,艾訊公司,2004-11,tpex,電子工業,123319,114535,95232,7.66,29.49,1276796,1013099,26.02
3089,展成科技,2004-11,tpex,電子工業,17145,38376,44590,-55.32,-61.54,507647,462662,9.72
3090,日電貿,2004-11,tpex,電子工業,128166,133650,104109,-4.10,23.10,1260309,907477,38.88
3093,港建,2004-11,tpex,電子工業,83533,75721,37704,10.31,121.54,597912,524923,13.90
3095,及成,2004-11,tpex,電子工業,147466,117674,173085,25.31,-14.80,1617008,1283188,26.01
3099,頂倫,2004-11,tpex,電子工業,235118,185260,243859,26.91,-3.58,2347750,1750265,34.13
3114,好德科技,2004-11,tpex,電子工業,196588,170826,200942,15.08,-2.16,2234882,2355165,-5.10
3115,寶島極,2004-11,tpex,電子工業,9410,13501,17437,-30.30,-46.03,117905,134251,-12.17
3126,信億科技,2004-11,tpex,電子工業,43233,40209,33833,7.52,27.78,422231,312699,35.02
3144,新揚科,2004-11,tpex,電子工業,50196,56279,23340,-10.80,115.06,511796,128570,298.06
3171,天馳科技,2004-11,tpex,電子工業,31292,25439,14893,23.00,110.11,257682,216707,18.90
3188,安茂,2004-11,tpex,電子工業,73522,65921,84027,11.53,-12.50,779033,668703,16.49
3191,和進,2004-11,tpex,電子工業,66330,67108,61319,-1.15,8.17,613821,510093,20.33
3202,樺晟電子,2004-11,tpex,電子工業,142066,120300,178981,18.09,-20.62,1359816,1473971,-7.74
3207,耀勝,2004-11,tpex,電子工業,30752,38457,35972,-20.03,-14.51,330450,329425,0.31
3209,全科,2004-11,tpex,電子工業,260691,243486,153060,7.06,70.31,2361134,1314815,79.57
3211,順達科,2004-11,tpex,電子工業,484406,417142,311866,16.12,55.32,3512592,2577262,36.29
3213,茂訊電腦,2004-11,tpex,電子工業,122904,118687,66718,3.55,84.21,1243083,921353,34.91
3217,優群科技,2004-11,tpex,電子工業,288485,285508,133927,1.04,115.40,1945148,1269701,53.19
3219,倚強科技,2004-11,tpex,電子工業,28597,18116,54570,57.85,-47.59,403380,388817,3.74
3224,三顧,2004-11,tpex,電子工業,113125,279698,210048,-59.55,-46.14,2998792,2203880,36.06
3226,至寶電腦,2004-11,tpex,電子工業,63634,62392,44806,1.99,42.02,620219,416124,49.04
3228,金麗科,2004-11,tpex,電子工業,36454,35220,34032,3.50,7.11,373806,366382,2.02
3229,晟鈦,2004-11,tpex,電子工業,62201,58731,48874,5.90,27.26,572439,484487,18.15
3232,昱捷,2004-11,tpex,電子工業,316465,320773,311390,-1.34,1.62,3008168,2108456,42.67
3236,千如,2004-11,tpex,電子工業,58965,56017,39464,5.26,49.41,596124,395592,50.69
3252,宏連科,2004-11,tpex,電子工業,214579,200330,201620,7.11,6.42,2459527,1966211,25.08
3260,威剛科技,2004-11,tpex,電子工業,2871560,2751651,1321361,4.35,117.31,22880838,11966124,91.21
3264,欣銓科技,2004-11,tpex,電子工業,182537,185564,120863,-1.63,51.02,1943981,1167961,66.44
3265,台曜電子,2004-11,tpex,電子工業,145335,145441,97736,-0.07,48.70,1402834,982341,42.80
3268,海德威,2004-11,tpex,電子工業,150082,151329,76315,-0.82,96.66,1599583,894085,78.90
3276,宇環,2004-11,tpex,電子工業,93036,104903,91916,-11.31,1.21,852212,649269,31.25
3288,點晶科技,2004-11,tpex,電子工業,58288,59401,51371,-1.87,13.46,605264,501580,20.67
3289,宜特科技,2004-11,tpex,電子工業,42435,42743,23005,-0.72,84.45,382327,231450,65.18
3290,東浦精密,2004-11,tpex,電子工業,92555,61598,107367,50.25,-13.79,872592,795423,9.70
3296,勝德國際,2004-11,tpex,電子工業,254807,377293,228973,-32.46,11.28,2740720,1855658,47.69
3297,杭特,2004-11,tpex,電子工業,87546,85185,52800,2.77,65.80,833850,561245,48.57
3298,圓創,2004-11,tpex,電子工業,38259,54742,91681,-30.11,-58.26,927855,782689,18.54
3299,帛漢,2004-11,tpex,電子工業,80905,84089,82513,-3.78,-1.94,807506,863468,-6.48
3305,昇貿科技,2004-11,tpex,電子工業,75730,77601,45252,-2.41,67.35,701807,487319,44.01
3306,鼎天國際,2004-11,tpex,電子工業,123049,92761,70995,32.65,73.32,758191,679816,11.52
3312,弘憶國際,2004-11,tpex,電子工業,649972,533047,365014,21.93,78.06,4953803,3168332,56.35
3324,雙鴻科技,2004-11,tpex,電子工業,276150,238625,160465,15.72,72.09,2141426,1538774,39.16
3325,旭品科技,2004-11,tpex,電子工業,163782,206501,150700,-20.68,8.68,1506903,1339640,12.48
3354,律勝科技,2004-11,tpex,電子工業,111984,101309,70605,10.53,58.60,1193066,502303,137.51
3362,先進光電,2004-11,tpex,電子工業,21285,43253,44600,-50.78,-52.27,312301,316138,-1.21
3372,典範,2004-11,tpex,電子工業,130841,146895,149777,-10.92,-12.64,1619330,1265418,27.96
3376,新日興,2004-11,tpex,電子工業,143408,153998,116237,-6.87,23.37,1306739,1172911,11.40
5301,祥裕電子,2004-11,tpex,電子工業,134123,184799,168345,-27.42,-20.32,1472913,1460740,0.83
5302,太欣,2004-11,tpex,電子工業,16950,22297,21878,-23.98,-22.52,237918,202892,17.26
5304,大霸電子,2004-11,tpex,電子工業,644186,839262,1026547,-23.24,-37.24,7435062,6429398,15.64
5306,訊康,2004-11,tpex,電子工業,86732,83483,104651,3.89,-17.12,793715,1129352,-29.71
5309,系統電子,2004-11,tpex,電子工業,186962,162353,117013,15.15,59.77,1259333,826644,52.34
5310,天剛資訊,2004-11,tpex,電子工業,217278,166994,304626,30.11,-28.67,2238599,2746251,-18.48
5312,寶島科,2004-11,tpex,電子工業,111521,119326,97264,-6.54,14.65,1285199,1064618,20.71
5314,世紀民生,2004-11,tpex,電子工業,119768,93205,158620,28.49,-24.49,1430793,1939734,-26.23
5315,光聯科技,2004-11,tpex,電子工業,311189,328310,120968,-5.21,157.24,2992425,1295391,131.00
5317,凱美,2004-11,tpex,電子工業,118471,129009,128428,-8.16,-7.75,1568328,1400779,11.96
5318,佳鼎科技,2004-11,tpex,電子工業,224593,237158,233935,-5.29,-3.99,3103760,2467626,25.77
5321,九德電子,2004-11,tpex,電子工業,280824,304067,309431,-7.64,-9.24,2887236,3230329,-10.62
5324,華昕電子,2004-11,tpex,電子工業,63335,64557,86799,-1.89,-27.03,918694,950700,-3.36
5326,漢磊科技,2004-11,tpex,電子工業,390403,380413,305597,2.62,27.75,4419471,3614602,22.26
5328,華容公司,2004-11,tpex,電子工業,211718,216094,241953,-2.02,-12.49,2244018,2573550,-12.80
5340,建榮工業,2004-11,tpex,電子工業,209307,202489,100379,3.36,108.51,1780061,949034,87.56
5344,立衛科技,2004-11,tpex,電子工業,68237,47247,106783,44.42,-36.09,1067671,817218,30.64
5345,天揚,2004-11,tpex,電子工業,102508,107251,90868,-4.42,12.80,1080598,835641,29.31
5346,力晶,2004-11,tpex,電子工業,5413427,6007975,2823817,-9.89,91.70,52405426,20152572,160.04
5347,世界,2004-11,tpex,電子工業,1237434,1354546,1103530,-8.64,12.13,14847344,9748003,52.31
5348,系通科技,2004-11,tpex,電子工業,14513,13053,18864,11.18,-23.06,183446,121891,50.50
5349,先豐通訊,2004-11,tpex,電子工業,202200,224767,186791,-10.04,8.24,2089091,1301219,60.54
5351,鈺創科技,2004-11,tpex,電子工業,262703,373819,480009,-29.72,-45.27,6060418,3882274,56.10
5353,台林通信,2004-11,tpex,電子工業,92312,108991,60581,-15.30,52.37,1065608,631113,68.84
5355,佳總,2004-11,tpex,電子工業,84459,77014,58834,9.66,43.55,876860,597244,46.81
5356,協益電子,2004-11,tpex,電子工業,420056,451314,421415,-6.92,-0.32,4830211,3633856,32.92
5364,浩騰科技,2004-11,tpex,電子工業,20738,30355,109345,-31.68,-81.03,803217,666602,20.49
5371,中光電,2004-11,tpex,電子工業,3988029,3735289,2926425,6.76,36.27,37514308,20998149,78.65
5376,東正元,2004-11,tpex,電子工業,30845,50150,87366,-38.49,-64.69,649269,628260,3.34
5381,合正科技,2004-11,tpex,電子工業,142738,160374,160183,-10.99,-10.89,1752659,1869075,-6.22
5383,金利精密,2004-11,tpex,電子工業,46824,52924,47844,-11.52,-2.13,583056,514265,13.37
5384,捷元,2004-11,tpex,電子工業,893590,961863,915881,-7.09,-2.43,10776886,9678803,11.34
5386,青雲國際,2004-11,tpex,電子工業,512003,470273,467948,8.87,9.41,4606585,4993841,-7.75
5387,茂德科技,2004-11,tpex,電子工業,3586290,3799664,2554872,-5.61,40.37,39612093,22333979,77.36
5388,中磊電子,2004-11,tpex,電子工業,451348,405798,436283,11.22,3.45,4600814,3367299,36.63
5392,應華精密,2004-11,tpex,電子工業,20277,29386,18858,-30.99,7.52,151410,296545,-48.94
5395,普揚,2004-11,tpex,電子工業,14159,15021,7080,-5.73,99.98,95545,86969,9.86
5398,力瑋,2004-11,tpex,電子工業,14885,16600,15569,-10.33,-4.39,168205,167853,0.20
5403,中菲電腦,2004-11,tpex,電子工業,110077,110180,95370,-0.09,15.42,1257137,935486,34.38
5410,國眾電腦,2004-11,tpex,電子工業,106506,96498,169621,10.37,-37.20,1430248,2179782,-34.38
5414,磐英,2004-11,tpex,電子工業,340589,400821,348694,-15.02,-2.32,3618875,3334357,8.53
5425,台半,2004-11,tpex,電子工業,162107,165402,150052,-1.99,8.03,1836751,1649421,11.35
5426,振發,2004-11,tpex,電子工業,117092,121653,84563,-3.74,38.46,1091536,866830,25.92
5432,達威光電,2004-11,tpex,電子工業,103246,106075,72584,-2.66,42.24,950799,892888,6.48
5438,東友科技,2004-11,tpex,電子工業,302202,301449,190089,0.24,58.97,2391165,1804847,32.48
5439,高技,2004-11,tpex,電子工業,112667,98369,82018,14.53,37.36,973841,832589,16.96
5442,世峰,2004-11,tpex,電子工業,46552,71309,213055,-34.71,-78.15,1867053,1682499,10.96
5443,均豪精密,2004-11,tpex,電子工業,87945,111317,120703,-20.99,-27.13,1473774,810059,81.93
5450,寶聯,2004-11,tpex,電子工業,240786,274598,304378,-12.31,-20.89,2468060,3311519,-25.47
5452,佶優,2004-11,tpex,電子工業,421806,504919,286688,-16.46,47.13,4570553,2910529,57.03
5455,訊利電,2004-11,tpex,電子工業,35284,29745,59637,18.62,-40.83,500543,496885,0.73
5457,宣德,2004-11,tpex,電子工業,291225,284728,220983,2.28,31.78,2799002,1932460,44.84
5460,同協電子,2004-11,tpex,電子工業,64222,63491,38821,1.15,65.43,514590,315827,62.93
5464,霖宏科技,2004-11,tpex,電子工業,75623,90178,79032,-16.14,-4.31,680640,747341,-8.92
5465,富驊,2004-11,tpex,電子工業,378875,312500,173977,21.24,117.77,3000483,1806920,66.05
5466,泰林,2004-11,tpex,電子工業,135145,132659,103104,1.87,31.07,1327285,818949,62.07
5467,聯福生,2004-11,tpex,電子工業,196733,137469,324773,43.11,-39.42,2298143,3317624,-30.72
5468,台晶,2004-11,tpex,電子工業,11466,13938,64991,-17.73,-82.35,255807,579370,-55.84
5474,聰泰科技,2004-11,tpex,電子工業,54098,46133,140257,17.26,-61.42,1044771,930740,12.25
5475,德宏工業,2004-11,tpex,電子工業,238127,239747,130658,-0.67,82.25,2111841,1235462,70.93
5478,智冠,2004-11,tpex,電子工業,169569,202148,161152,-16.11,5.22,2483919,2390544,3.90
5480,統盟電子,2004-11,tpex,電子工業,162561,193113,138046,-15.82,17.75,1511441,1795879,-15.83
5481,華韡電子,2004-11,tpex,電子工業,164324,193085,148915,-14.89,10.34,2042900,1271394,60.68
5483,中美矽晶,2004-11,tpex,電子工業,121161,151729,111753,-20.14,8.41,1560869,1269558,22.94
5487,通泰,2004-11,tpex,電子工業,37760,33067,30250,14.19,24.82,366746,366232,0.14
5488,松普科技,2004-11,tpex,電子工業,119439,130726,131429,-8.63,-9.12,1308220,1139338,14.82
5489,彩富電子,2004-11,tpex,電子工業,62428,69874,34718,-10.65,79.81,622133,287961,116.04
5490,同亨,2004-11,tpex,電子工業,145256,136770,158450,6.20,-8.32,1529349,1319048,15.94
5491,連展科技,2004-11,tpex,電子工業,201949,171788,204024,17.55,-1.01,1847918,1663342,11.09
5492,亞智科技,2004-11,tpex,電子工業,175711,134763,50682,30.38,246.69,1292308,562080,129.91
5493,三聯科技,2004-11,tpex,電子工業,46404,46249,45831,0.33,1.25,598166,556554,7.47
5494,德鑫科技,2004-11,tpex,電子工業,33996,38361,61765,-11.37,-44.95,455969,705756,-35.39
5498,凱崴電子,2004-11,tpex,電子工業,65507,53910,48041,21.51,36.35,570916,521026,9.57
6101,弘捷,2004-11,tpex,電子工業,138423,137830,101961,0.43,35.76,1460063,1097054,33.08
6103,合邦電子,2004-11,tpex,電子工業,172637,176058,131710,-1.94,31.07,2098395,1574019,33.31
6104,創惟科技,2004-11,tpex,電子工業,101363,100263,122565,1.09,-17.29,1291367,1237172,4.38
6105,瑞傳科技,2004-11,tpex,電子工業,168620,170080,110365,-0.85,52.78,1759714,983163,78.98
6107,華美電子,2004-11,tpex,電子工業,94377,97331,105118,-3.03,-10.21,1015441,1079443,-5.92
6108,競國實業,2004-11,tpex,電子工業,136082,142091,118239,-4.22,15.09,1414306,1169832,20.89
6109,亞元科技,2004-11,tpex,電子工業,57570,64999,33733,-11.42,70.66,461875,266631,73.22
6110,艾群科技,2004-11,tpex,電子工業,90445,34895,189067,159.19,-52.16,993725,1448892,-31.41
6111,大宇資訊,2004-11,tpex,電子工業,22187,35877,35236,-38.15,-37.03,440966,546856,-19.36
6113,亞矽科技,2004-11,tpex,電子工業,163905,239470,254213,-31.55,-35.52,2471990,2432196,1.63
6114,翔昇電子,2004-11,tpex,電子工業,123696,116971,98971,5.74,24.98,993643,1039754,-4.43
6118,建達國際,2004-11,tpex,電子工業,1001740,868489,876819,15.34,14.24,10454747,8116567,28.80
6120,輔祥,2004-11,tpex,電子工業,715373,669329,324022,6.87,120.77,5370740,2693502,99.39
6121,新普,2004-11,tpex,電子工業,920498,917374,767765,0.34,19.89,8395138,5901744,42.24
6122,擎邦國際,2004-11,tpex,電子工業,58167,30207,28844,92.56,101.66,632154,545872,15.80
6123,上奇科技,2004-11,tpex,電子工業,65929,47433,95149,38.99,-30.70,750126,710614,5.56
6124,業強科技,2004-11,tpex,電子工業,247113,203355,108252,21.51,128.27,1650813,885196,86.49
6125,廣運,2004-11,tpex,電子工業,139581,242964,393189,-42.55,-64.50,1664312,1912026,-12.95
6126,信音企業,2004-11,tpex,電子工業,59303,60951,46464,-2.70,27.63,543680,495114,9.80
6127,九豪精密,2004-11,tpex,電子工業,23486,21500,30205,9.23,-22.24,333896,321946,3.71
6129,普誠科技,2004-11,tpex,電子工業,270409,250068,302222,8.13,-10.52,2686660,2282769,17.69
6130,亞全科技,2004-11,tpex,電子工業,33785,39947,40415,-15.42,-16.40,526587,243160,116.55
6134,萬旭電業,2004-11,tpex,電子工業,106594,81441,113309,30.88,-5.92,748385,1217171,-38.51
6135,佳營,2004-11,tpex,電子工業,334843,323606,351951,3.47,-4.86,4229499,4200457,0.69
6137,新寶科,2004-11,tpex,電子工業,1081894,1022627,951000,5.79,13.76,9628473,10108441,-4.74
6138,茂達電子,2004-11,tpex,電子工業,151033,180187,149994,-16.17,0.69,1644677,1263990,30.11
6140,訊達電腦,2004-11,tpex,電子工業,229126,272109,168675,-15.79,35.83,1781245,1533565,16.15
6143,振曜科技,2004-11,tpex,電子工業,96036,98078,101611,-2.08,-5.48,1016220,1090705,-6.82
6144,得利影視,2004-11,tpex,電子工業,96023,124929,91083,-23.13,5.42,1161492,1026369,13.16
6146,耕興,2004-11,tpex,電子工業,77022,71524,65764,7.68,17.11,841906,657809,27.98
6147,頎邦科技,2004-11,tpex,電子工業,226819,229961,209186,-1.36,8.42,2569579,1464749,75.42
6148,和平資訊,2004-11,tpex,電子工業,152541,22329,95543,583.15,59.65,720704,964078,-25.24
6149,軍成科技,2004-11,tpex,電子工業,128988,141811,88913,-9.04,45.07,1844293,949783,94.18
6150,撼訊科技,2004-11,tpex,電子工業,726556,807682,741624,-10.04,-2.03,7572163,4726184,60.21
6151,晉倫科技,2004-11,tpex,電子工業,98394,99771,60751,-1.38,61.96,939794,663816,41.57
6152,百一電子,2004-11,tpex,電子工業,559000,505548,508920,10.57,9.84,5040286,3085579,63.34
6153,嘉聯益,2004-11,tpex,電子工業,711352,683183,499334,4.12,42.46,6367764,3359271,89.55
6154,順發,2004-11,tpex,電子工業,511247,599629,478643,-14.73,6.81,6377552,5842680,9.15
6155,鈞寶,2004-11,tpex,電子工業,43040,43458,41000,-0.96,4.97,486652,350122,38.99
6156,科橋電子,2004-11,tpex,電子工業,503953,561919,565610,-10.31,-10.90,6470988,3850266,68.06
6158,禾昌,2004-11,tpex,電子工業,143636,144328,134448,-0.47,6.83,1420710,1188210,19.56
6159,詮鼎,2004-11,tpex,電子工業,979938,953368,979084,2.78,0.08,9266891,7029549,31.82
6160,欣技資訊,2004-11,tpex,電子工業,155189,95909,68979,61.80,124.98,991352,596525,66.18
6161,捷波,2004-11,tpex,電子工業,555083,468364,397461,18.51,39.65,4174976,3220341,29.64
6162,鴻源科,2004-11,tpex,電子工業,260776,287518,189479,-9.30,37.62,2508181,1725421,45.36
6163,華電網,2004-11,tpex,電子工業,28898,38153,95461,-24.25,-69.72,931064,687500,35.42
6164,華興電子,2004-11,tpex,電子工業,65918,66451,79552,-0.80,-17.13,828735,684274,21.11
6167,久正光電,2004-11,tpex,電子工業,213710,207462,118507,3.01,80.33,2197664,1255397,75.05
6169,昱泉國際,2004-11,tpex,電子工業,22453,22879,11423,-1.86,96.55,174191,91656,90.04
6170,統振,2004-11,tpex,電子工業,446614,411743,363619,8.46,22.82,4074789,3363063,21.16
6171,亞銳士,2004-11,tpex,電子工業,201166,257692,197482,-21.93,1.86,2864845,2503608,14.42
6173,信昌電,2004-11,tpex,電子工業,83203,89587,106353,-7.12,-21.76,1090953,1091200,-0.02
6174,安碁科技,2004-11,tpex,電子工業,60663,53476,53619,13.43,13.13,619239,551917,12.19
6175,立敦,2004-11,tpex,電子工業,109220,106633,124415,2.42,-12.21,1477534,1097451,34.63
6176,瑞儀光電,2004-11,tpex,電子工業,1105545,968220,691921,14.18,59.77,10132089,6290346,61.07
6177,十全企業,2004-11,tpex,電子工業,92024,77195,83878,19.20,9.71,772356,748056,3.24
6178,振遠科技,2004-11,tpex,電子工業,287716,364393,345104,-21.04,-16.62,3485593,2457887,41.81
6179,世仰科技,2004-11,tpex,電子工業,62295,81114,42706,-23.20,45.86,804681,696258,15.57
6180,遊戲橘子,2004-11,tpex,電子工業,157415,142514,155277,10.45,1.37,1857072,1759212,5.56
6182,合晶,2004-11,tpex,電子工業,140540,146391,115181,-3.99,22.01,1402716,1194392,17.44
6183,關貿,2004-11,tpex,電子工業,56127,50315,60451,11.55,-7.15,551380,626253,-11.95
6185,幃翔精密,2004-11,tpex,電子工業,80050,92727,93687,-13.67,-14.55,936095,859957,8.85
6186,晶磊,2004-11,tpex,電子工業,67215,41354,66498,62.53,1.07,741635,832060,-10.86
6187,萬潤科技,2004-11,tpex,電子工業,45582,34108,93615,33.64,-51.30,944445,704928,33.97
6188,廣明光電,2004-11,tpex,電子工業,768959,745841,1207418,3.09,-36.31,9234725,12006007,-23.08
6190,萬泰科,2004-11,tpex,電子工業,117719,112745,67657,4.41,73.99,1082792,843982,28.29
6191,精成科技,2004-11,tpex,電子工業,2838342,2260100,939421,25.58,202.13,14058251,5235061,168.54
6194,育富電子,2004-11,tpex,電子工業,149592,168590,144350,-11.26,3.63,1481870,1396712,6.09
6195,旭展電子,2004-11,tpex,電子工業,57951,57867,67561,0.14,-14.22,586927,630803,-6.95
6198,凌泰科技,2004-11,tpex,電子工業,20268,16915,19818,19.82,2.27,225285,225135,0.06
6199,精威科技,2004-11,tpex,電子工業,146963,101464,173829,44.84,-15.45,1188550,1036096,14.71
6203,海韻電,2004-11,tpex,電子工業,66319,49343,62896,34.40,5.44,605900,723246,-16.22
6204,艾華電子,2004-11,tpex,電子工業,31814,34246,32537,-7.10,-2.22,401101,354545,13.13
6205,詮欣,2004-11,tpex,電子工業,106954,100008,100134,6.94,6.81,1082391,845209,28.06
6207,雷科,2004-11,tpex,電子工業,84717,91211,71072,-7.11,19.19,969012,648662,49.38
6208,日揚科技,2004-11,tpex,電子工業,68511,95591,48549,-28.32,41.11,868164,557672,55.67
6210,慶生電子,2004-11,tpex,電子工業,54427,69136,64917,-21.27,-16.15,646460,674531,-4.16
6211,福登精密,2004-11,tpex,電子工業,104041,101170,83603,2.83,24.44,1058568,862075,22.79
6212,理銘,2004-11,tpex,電子工業,152077,183867,345535,-17.28,-55.98,1701877,3808505,-55.31
6213,聯茂,2004-11,tpex,電子工業,543827,581820,326555,-6.53,66.53,5020220,2550293,96.84
6214,精誠,2004-11,tpex,電子工業,124506,135670,138559,-8.22,-10.14,1636903,1275110,28.37
6215,和椿科技,2004-11,tpex,電子工業,88157,87705,61421,0.51,43.52,977766,718769,36.03
6217,中國探針,2004-11,tpex,電子工業,17533,20795,27442,-15.68,-36.10,268471,406043,-33.88
6218,豪勉科技,2004-11,tpex,電子工業,89204,137529,119383,-35.13,-25.27,920568,667122,37.99
6219,視達,2004-11,tpex,電子工業,210736,160528,328034,31.27,-35.75,3340560,4225843,-20.94
6220,岳豐,2004-11,tpex,電子工業,92203,75880,72446,21.51,27.27,912251,689205,32.36
6221,晉泰,2004-11,tpex,電子工業,148779,146638,162642,1.46,-8.52,1704081,1037520,64.24
6222,上揚科技,2004-11,tpex,電子工業,230748,140262,203083,64.51,13.62,2128690,2257721,-5.71
6223,旺矽,2004-11,tpex,電子工業,100129,107297,57443,-6.68,74.31,1030478,428706,140.36
6224,聚鼎,2004-11,tpex,電子工業,45791,52073,52160,-12.06,-12.21,521989,520398,0.30
6226,光鼎電子,2004-11,tpex,電子工業,53212,65585,65127,-18.86,-18.29,671573,614003,9.37
6227,茂綸,2004-11,tpex,電子工業,195878,236070,212443,-17.02,-7.79,2282048,2115286,7.88
6228,全譜科技,2004-11,tpex,電子工業,33283,27286,35330,21.97,-5.79,249714,377194,-33.79
6229,研通,2004-11,tpex,電子工業,79087,83380,66038,-5.14,19.75,904830,765423,18.21
6230,超眾,2004-11,tpex,電子工業,384395,417623,173547,-7.95,121.49,3056916,1602824,90.72
6231,系微,2004-11,tpex,電子工業,11108,9025,6877,23.08,61.52,100815,125803,-19.86
6232,仕欽,2004-11,tpex,電子工業,730050,708205,504861,3.08,44.60,6830158,5090673,34.17
6233,旺玖科技,2004-11,tpex,電子工業,119609,90958,108532,31.49,10.20,1183125,840772,40.71
6234,高僑,2004-11,tpex,電子工業,165639,133208,104750,24.34,58.12,1379938,722104,91.09
6236,凌越科技,2004-11,tpex,電子工業,52076,55370,77499,-5.94,-32.80,672935,647267,3.96
6237,驊訊,2004-11,tpex,電子工業,55027,52332,37925,5.14,45.09,588470,577899,1.82
6238,巨圖科技,2004-11,tpex,電子工業,101573,28138,71041,260.98,42.97,537728,649451,-17.20
6240,文魁資訊,2004-11,tpex,電子工業,35182,32910,33916,6.90,3.73,462756,438726,5.47
6241,享承科技,2004-11,tpex,電子工業,83163,115891,141144,-28.24,-41.07,1233863,1230580,0.26
6242,聯豪科,2004-11,tpex,電子工業,70042,70889,62197,-1.19,12.61,721480,745808,-3.26
6243,迅杰,2004-11,tpex,電子工業,71367,73796,43462,-3.29,64.20,529420,536001,-1.22
6244,茂迪,2004-11,tpex,電子工業,320700,252911,113560,26.80,182.40,2156941,1013753,112.76
6245,立端科技,2004-11,tpex,電子工業,80570,70709,76356,13.94,5.51,1055461,652829,61.67
6246,臺龍,2004-11,tpex,電子工業,195392,209934,211330,-6.92,-7.54,2243646,1915007,17.16
6247,淇譽電,2004-11,tpex,電子工業,132099,132101,126531,-0.00,4.40,1012299,1104876,-8.37
6248,沛波,2004-11,tpex,電子工業,78119,65564,68848,19.14,13.46,649674,624174,4.08
6250,太萊,2004-11,tpex,電子工業,38026,53292,45162,-28.64,-15.80,500528,436721,14.61
6259,百徽,2004-11,tpex,電子工業,145676,160038,98530,-8.97,47.84,1337780,895394,49.40
6261,久元,2004-11,tpex,電子工業,61500,65618,71377,-6.27,-13.83,1012667,784338,29.11
6262,迪戎,2004-11,tpex,電子工業,3239,3668,11320,-11.69,-71.38,83919,382328,-78.05
6263,普萊德科,2004-11,tpex,電子工業,104842,106662,100659,-1.70,4.15,1056704,907301,16.46
6264,德士通,2004-11,tpex,電子工業,122125,120677,96775,1.19,26.19,1208964,800169,51.08
6265,方土昶,2004-11,tpex,電子工業,301101,314409,306218,-4.23,-1.67,3319625,2227555,49.02
6266,泰詠電子,2004-11,tpex,電子工業,97599,142992,102212,-31.74,-4.51,1299432,948315,37.02
6270,倍微科技,2004-11,tpex,電子工業,293125,291045,232133,0.71,26.27,2906146,1846139,57.41
6274,台燿,2004-11,tpex,電子工業,419130,502316,418762,-16.56,0.08,4696347,3652498,28.57
6275,元山科技,2004-11,tpex,電子工業,75110,106348,91176,-29.37,-17.62,868823,839667,3.47
6276,名鐘科技,2004-11,tpex,電子工業,93237,81838,83957,13.92,11.05,689137,694064,-0.70
6278,台表科,2004-11,tpex,電子工業,611150,530506,364972,15.20,67.45,4639353,2856592,62.40
6279,胡連,2004-11,tpex,電子工業,84982,85167,78143,-0.21,8.75,962813,723100,33.15
6283,淳安電子,2004-11,tpex,電子工業,65823,60759,56923,8.33,15.63,680375,597960,13.78
6284,佳邦科技,2004-11,tpex,電子工業,89241,83195,71230,7.26,25.28,820585,719727,14.01
6287,元隆電子,2004-11,tpex,電子工業,128923,106685,100810,20.84,27.88,1243846,1112497,11.80
6290,良維科技,2004-11,tpex,電子工業,350944,408532,292769,-14.09,19.87,3475551,2686151,29.38
6291,沛亨,2004-11,tpex,電子工業,67171,63217,73094,6.25,-8.10,757129,709366,6.73
6292,迅德興業,2004-11,tpex,電子工業,80952,68279,68002,18.56,19.04,864586,740703,16.72
6294,智基科技,2004-11,tpex,電子工業,140899,147412,758007,-4.41,-81.41,1922328,4633000,-58.50
8017,展茂,2004-11,tpex,電子工業,526195,677989,578248,-22.38,-9.00,7744439,3779640,104.89
8021,尖點科技,2004-11,tpex,電子工業,58081,54924,45683,5.74,27.13,579138,408265,41.85
8032,光菱電子,2004-11,tpex,電子工業,445505,432179,220334,3.08,102.19,3664090,2647819,38.38
8033,雷虎科技,2004-11,tpex,電子工業,124807,114137,128616,9.34,-2.96,1024459,737044,38.99
8034,榮群電訊,2004-11,tpex,電子工業,56196,29484,33689,90.59,66.80,577153,512571,12.59
8039,台虹科技,2004-11,tpex,電子工業,140627,152723,164279,-7.92,-14.39,1908313,1121975,70.08
8042,金山電,2004-11,tpex,電子工業,172307,168679,138294,2.15,24.59,1433300,690182,107.66
8043,蜜望實企,2004-11,tpex,電子工業,320603,303421,263020,5.66,21.89,3065570,3118241,-1.68
8047,星雲電腦,2004-11,tpex,電子工業,64894,92318,81900,-29.70,-20.76,787763,683214,15.30
8049,晶采光電,2004-11,tpex,電子工業,148647,152201,92075,-2.33,61.44,1601638,914970,75.04
8050,廣積科技,2004-11,tpex,電子工業,59767,63271,45959,-5.53,30.04,779002,540103,44.23
8053,巨擘科技,2004-11,tpex,電子工業,720479,761511,1024128,-5.38,-29.64,10292346,9113375,12.93
8054,安國,2004-11,tpex,電子工業,86635,76621,58802,13.06,47.33,637624,453041,40.74
8066,福葆電子,2004-11,tpex,電子工業,61143,60557,84609,0.96,-27.73,883298,649202,36.05
8067,志旭國際,2004-11,tpex,電子工業,124866,138303,132465,-9.71,-5.73,1376930,1099314,25.25
8068,全達,2004-11,tpex,電子工業,254726,247071,203018,3.09,25.46,2378803,2255503,5.46
8069,元太科技,2004-11,tpex,電子工業,758238,922540,752528,-17.80,0.75,11382587,7159265,58.99
8070,長華電材,2004-11,tpex,電子工業,700529,812918,518184,-13.82,35.18,7321957,4957912,47.68
8071,豐聲科技,2004-11,tpex,電子工業,77907,68163,60462,14.29,28.85,616006,538324,14.43
8074,鉅橡企業,2004-11,tpex,電子工業,56465,60226,41885,-6.24,34.80,584299,388370,50.44
8076,伍豐科技,2004-11,tpex,電子工業,91869,92745,81156,-0.94,13.20,870471,592382,46.94
8077,冠華科技,2004-11,tpex,電子工業,40252,40429,32182,-0.43,25.07,363682,236229,53.95
8079,誠遠科技,2004-11,tpex,電子工業,18128,17939,16404,1.05,10.50,201089,187759,7.09
8080,奧斯特,2004-11,tpex,電子工業,150067,152041,163208,-1.29,-8.05,1543666,1379484,11.90
8081,致新,2004-11,tpex,電子工業,98828,92994,52205,6.27,89.30,744822,452007,64.78
8082,捷超,2004-11,tpex,電子工業,154967,181632,161787,-14.68,-4.21,1315858,1473904,-10.72
8083,瑞穎,2004-11,tpex,電子工業,23208,27765,38766,-16.41,-40.13,394310,347334,13.52
8084,巨虹電子,2004-11,tpex,電子工業,72487,82004,95393,-11.60,-24.01,866609,771986,12.25
8085,福華,2004-11,tpex,電子工業,324003,334165,417611,-3.04,-22.41,4110437,3583102,14.71
8087,華鎂光碟,2004-11,tpex,電子工業,56980,52020,48044,9.53,18.59,479576,425710,12.65
8088,品安科技,2004-11,tpex,電子工業,490818,515412,472845,-4.77,3.80,5811834,4790547,21.31
8091,翔名科技,2004-11,tpex,電子工業,62540,53679,25891,16.50,141.55,575683,301409,90.99
8092,建暐精密,2004-11,tpex,電子工業,41817,50864,42607,-17.78,-1.85,497498,424919,17.08
8093,保銳科技,2004-11,tpex,電子工業,81589,99926,85931,-18.35,-5.05,896166,1068729,-16.14
8096,擎亞科技,2004-11,tpex,電子工業,375130,279912,275471,34.01,36.17,3463967,2516745,37.63
8097,鴻松精密,2004-11,tpex,電子工業,73155,82742,66058,-11.58,10.74,860599,685080,25.62
8099,大同世界,2004-11,tpex,電子工業,263945,228319,319156,15.60,-17.29,2572079,2315143,11.09
8103,瀚荃,2004-11,tpex,電子工業,45703,51228,45902,-10.78,-0.43,560684,482619,16.17
8105,凌巨,2004-11,tpex,電子工業,277513,416489,370949,-33.36,-25.18,5091978,3002318,69.60
8107,大億科,2004-11,tpex,電子工業,357543,380597,154058,-6.05,132.08,3512797,1791849,96.04
8109,博大科技,2004-11,tpex,電子工業,31283,32619,29776,-4.09,5.06,382166,541555,-29.43
8111,立碁電子,2004-11,tpex,電子工業,72665,86447,64296,-15.94,13.01,832263,704374,18.15
8112,至上電子,2004-11,tpex,電子工業,2342832,2050070,1265370,14.28,85.14,17569637,12421847,41.44
8114,振樺電子,2004-11,tpex,電子工業,101458,104197,102097,-2.62,-0.62,1071050,738617,45.00
8121,越峰電子,2004-11,tpex,電子工業,75382,68307,75786,10.35,-0.53,760937,732815,3.83
8183,台灣精星,2004-11,tpex,電子工業,573849,514995,427956,11.42,34.09,5327839,3608494,47.64
8210,勤誠興業,2004-11,tpex,電子工業,234541,215853,202567,8.65,15.78,2136188,1674953,27.53
8240,華宏新技,2004-11,tpex,電子工業,202419,234579,165900,-13.70,22.01,2093754,1805789,15.94
8261,富鼎先進,2004-11,tpex,電子工業,198037,217877,131335,-9.10,50.78,1833327,1354767,35.32
8266,中日新,2004-11,tpex,電子工業,74977,57109,23964,31.28,212.87,959350,333335,187.80
8277,商丞科技,2004-11,tpex,電子工業,849754,668518,265395,27.11,220.18,5035100,2818516,78.64
8287,英格爾科,2004-11,tpex,電子工業,129265,115080,133456,12.32,-3.14,1313706,1384208,-5.09
8299,群聯電子,2004-11,tpex,電子工業,508910,421439,388409,20.75,31.02,3534115,2055368,71.94
5501,金腦科,2004-11,tpex,建材營建,2612,37050,20294,-92.95,-87.12,150573,1023498,-85.28
5505,和旺,2004-11,tpex,建材營建,-8995,386,29556,-2430.31,-130.43,242171,260950,-7.19
5506,長鴻,2004-11,tpex,建材營建,226949,177169,408471,28.09,-44.43,3121500,6192443,-49.59
5508,永信建設,2004-11,tpex,建材營建,257472,995597,81128,-74.13,217.36,3843116,1275115,201.39
5511,德昌營造,2004-11,tpex,建材營建,394871,142848,248073,176.42,59.17,2778145,3021519,-8.05
5512,力麒,2004-11,tpex,建材營建,147850,187315,88053,-21.06,67.91,2083377,2646641,-21.28
5514,三豐建設,2004-11,tpex,建材營建,53606,15498,2356,245.88,2175.29,570172,219425,159.84
5516,雙喜營造,2004-11,tpex,建材營建,202060,196856,89232,2.64,126.44,831925,1095329,-24.04
5519,隆大營造,2004-11,tpex,建材營建,259260,135432,120962,91.43,114.33,1802470,1180884,52.63
5520,力泰建設,2004-11,tpex,建材營建,145717,131025,141611,11.21,2.89,1544735,1354422,14.05
5521,工信,2004-11,tpex,建材營建,218174,171938,381269,26.89,-42.77,3276796,2676073,22.44
5522,遠雄建設,2004-11,tpex,建材營建,6074288,574813,995943,956.74,509.90,11342062,7181772,57.92
5523,宏都,2004-11,tpex,建材營建,15849,24881,18549,-36.30,-14.55,313030,202718,54.41
5529,訊嘉科技,2004-11,tpex,建材營建,18040,53081,0,-66.01,,429385,156407,174.53
5530,大漢,2004-11,tpex,建材營建,81641,163430,6,-50.04,360583.33,713460,319193,123.51
5532,竟誠建築,2004-11,tpex,建材營建,128650,69841,133694,84.20,-3.77,1328179,1721053,-22.82
5533,皇鼎建設,2004-11,tpex,建材營建,140453,32087,170903,337.72,-17.81,1622049,913923,77.48
6402,基泰營造,2004-11,tpex,建材營建,125773,145447,165942,-13.52,-24.20,1962429,1764688,11.20
5601,臺聯貨櫃,2004-11,tpex,航運業,4626,4202,3930,10.09,17.70,45851,44300,3.50
5603,陸海,2004-11,tpex,航運業,139794,165955,135944,-15.76,2.83,1750586,1246905,40.39
5604,中連貨運,2004-11,tpex,航運業,162129,152230,139364,6.50,16.33,1545129,1523378,1.42
5605,遠航,2004-11,tpex,航運業,677426,572158,578309,18.39,17.13,6634058,5495015,20.72
5609,中菲行,2004-11,tpex,航運業,99015,91444,112051,8.27,-11.63,976521,1141213,-14.43
5701,劍湖山,2004-11,tpex,觀光事業,182663,158703,118625,15.09,53.98,1423948,1232500,15.53
5703,亞都麗緻,2004-11,tpex,觀光事業,45878,45410,45349,1.03,1.16,427706,362774,17.89
5704,知本老爺,2004-11,tpex,觀光事業,28369,26207,25556,8.24,11.00,289806,304284,-4.75
5706,鳳凰旅遊,2004-11,tpex,觀光事業,8963,22709,3164,-60.53,183.28,168771,97612,72.89
5810,寶華商銀,2004-11,tpex,之合計數,613256,616573,433538,-0.53,41.45,6402450,5547726,15.40
5818,華僑銀行,2004-11,tpex,之合計數,672007,693270,649851,-3.06,3.40,7913015,9515563,-16.84
5820,日盛金控,2004-11,tpex,之合計數,187228,73115,76532,156.07,144.64,1488676,-892400,266.81
2916,滿心企業,2004-11,tpex,貿易百貨,108295,130947,90906,-17.29,19.12,963159,723683,33.09
5901,中友百貨,2004-11,tpex,貿易百貨,512776,1161126,475203,-55.83,7.90,7294926,6023287,21.11
5902,德記,2004-11,tpex,貿易百貨,686866,715164,485845,-3.95,41.37,6265243,5617653,11.52
5903,全家便利,2004-11,tpex,貿易百貨,2213939,2331998,2047819,-5.06,8.11,25116780,22356827,12.34
5904,寶雅,2004-11,tpex,貿易百貨,240380,279621,217248,-14.03,10.64,2756694,2478431,11.22
5905,南仁湖,2004-11,tpex,貿易百貨,91066,93621,68558,-2.72,32.83,1082005,698799,54.83
3284,太普高,2004-11,tpex,其他,51744,77485,57974,-33.22,-10.74,751755,520430,44.44
8383,千附,2004-11,tpex,其他,81897,75260,89130,8.81,-8.11,826579,745999,10.80
8905,裕國冷凍,2004-11,tpex,其他,108880,108058,143715,0.76,-24.23,1220670,1431866,-14.74
8906,花王企業,2004-11,tpex,其他,28526,38994,48990,-26.84,-41.77,342811,378871,-9.51
8908,欣雄,2004-11,tpex,其他,49733,50685,40186,-1.87,23.75,500837,437545,14.46
8913,華夏租,2004-11,tpex,其他,8360,8399,9008,-0.46,-7.19,96894,199911,-51.53
8916,光隆,2004-11,tpex,其他,267225,285614,335938,-6.43,-20.45,3705007,3686066,0.51
8917,欣泰,2004-11,tpex,其他,66813,67347,58543,-0.79,14.12,745045,635456,17.24
8921,沈氏藝印,2004-11,tpex,其他,76139,70084,80398,8.63,-5.29,793898,810212,-2.01
8923,時報文化,2004-11,tpex,其他,41854,27249,19910,53.59,110.21,382971,331502,15.52
8924,大田精密,2004-11,tpex,其他,341675,304369,222279,12.25,53.71,4234188,2602311,62.70
8925,偉盟,2004-11,tpex,其他,274308,110660,98912,147.88,177.32,1355976,1616154,-16.09
8927,北基,2004-11,tpex,其他,256316,264292,230324,-3.01,11.28,2892202,2670728,8.29
8928,鉅明,2004-11,tpex,其他,40248,39120,95151,2.88,-57.70,826995,1117293,-25.98
8929,富堡,2004-11,tpex,其他,55251,49214,46632,12.26,18.48,547122,503328,8.70
8930,青鋼,2004-11,tpex,其他,87190,82484,80591,5.70,8.18,962352,845282,13.84
8931,大園汽電,2004-11,tpex,其他,86895,92056,90774,-5.60,-4.27,1062926,1020112,4.19
8932,宏大拉鍊,2004-11,tpex,其他,42779,12302,35734,247.74,19.71,513114,448498,14.40
8933,愛地雅,2004-11,tpex,其他,240715,203365,157461,18.36,52.87,1956347,1769391,10.56
8934,喬工科技,2004-11,tpex,其他,52203,54448,59093,-4.12,-11.65,724038,643304,12.54
8935,邦泰複合,2004-11,tpex,其他,150647,136784,130059,10.13,15.82,1503147,1296726,15.91
8936,國統國際,2004-11,tpex,其他,75092,125477,61711,-40.15,21.68,696791,962746,-27.62
8937,合騏工業,2004-11,tpex,其他,141956,185437,94258,-23.44,50.60,1658859,889377,86.51
8938,明安,2004-11,tpex,其他,445449,495206,406333,-10.04,9.62,5241159,4276986,22.54
8940,新天地,2004-11,tpex,其他,62848,71645,82554,-12.27,-23.87,722346,730341,-1.09
8941,關中,2004-11,tpex,其他,355654,307305,294165,15.73,20.90,5837209,6138780,-4.91
8942,森鉅,2004-11,tpex,其他,74832,72152,60282,3.71,24.13,992122,619696,60.09
9946,金革科技,2004-11,tpex,其他,38433,29935,34633,28.38,10.97,399490,320155,24.78
9949,琉園,2004-11,tpex,其他,25375,28909,26469,-12.22,-4.13,297839,238212,25.03
9955,佳龍,2004-11,tpex,其他,102042,108161,84425,-5.65,20.86,1064696,690703,54.14
9960,邁達康,2004-11,tpex,其他,49693,48526,31970,2.40,55.43,484527,314646,53.99
4903,聯光通信,2004-11,tpex,通訊網路,26830,14029,42070,91.24,-36.22,305592,607400,-49.68
4905,台聯電訊,2004-11,tpex,通訊網路,28916,60987,102108,-52.58,-71.68,387140,473162,-18.18
4907,正華通訊,2004-11,tpex,通訊網路,79661,65420,31461,21.76,153.20,627635,555046,13.07
4908,前鼎光電,2004-11,tpex,通訊網路,61653,59245,25960,4.06,137.49,545488,203885,167.54
4909,新復興,2004-11,tpex,通訊網路,124094,111804,122862,10.99,1.00,1015975,780183,30.22
8044,網路家庭,2004-11,tpex,通訊網路,264533,255208,113225,3.65,133.63,2177312,1182874,84.06
5201,凱衛資訊,2004-11,tpex,軟體,5737,12342,15347,-53.51,-62.61,98087,198652,-50.62
5202,力新國際,2004-11,tpex,軟體,17629,18385,15527,-4.11,13.53,205259,165844,23.76
5204,得捷,2004-11,tpex,軟體,15929,10322,21214,54.32,-24.91,367263,315262,16.49
5205,漢康科技,2004-11,tpex,軟體,12085,12020,20966,0.54,-42.35,151701,244216,-37.88
5206,經緯科技,2004-11,tpex,軟體,63042,18601,30092,238.91,109.49,367543,595604,-38.29
5207,飛雅,2004-11,tpex,軟體,23124,31413,61352,-26.38,-62.30,452272,663443,-31.82
5209,新鼎系統,2004-11,tpex,軟體,35194,43091,40914,-18.32,-13.98,575242,635433,-9.47
5210,寶碩,2004-11,tpex,軟體,30477,26647,32012,14.37,-4.79,323566,223219,44.95
5211,蒙恬,2004-11,tpex,軟體,30880,25311,28159,22.00,9.66,273637,245123,11.63
5212,凌網科技,2004-11,tpex,軟體,36074,29799,29408,21.05,22.66,233012,226142,3.03
5213,捷鴻,2004-11,tpex,軟體,16721,12345,52859,35.44,-68.36,300990,263423,14.26
6008,中信證券,2004-11,tpex,證券,310474,758250,382883,-59.05,-18.91,8093914,5370603,50.70
6015,宏遠證券,2004-11,tpex,證券,6633,-3485,-3123,290.32,312.39,114606,619621,-81.50
6016,康和證券,2004-11,tpex,證券,80158,111182,250797,-27.90,-68.03,1880753,1578236,19.16
6020,大展證,2004-11,tpex,證券,-38362,17040,18927,-325.12,-302.68,621221,422848,46.91
6021,大慶證,2004-11,tpex,證券,42837,-24102,9289,277.73,361.15,582017,708429,-17.84
6022,大眾證券,2004-11,tpex,證券,34217,36378,31420,-5.94,8.90,637433,484046,31.68
1224,惠勝,2004-11,tpex,管理股票,81469,121796,150576,-33.11,-45.89,1714642,1600399,7.13
1458,嘉畜,2004-11,tpex,管理股票,446145,610859,176420,-26.96,152.88,5368920,2681136,100.24
4404,百成行,2004-11,tpex,管理股票,6275,6371,19258,-1.50,-67.41,128762,1156004,-88.86
5307,耀文,2004-11,tpex,管理股票,-1199,5938,207843,-120.19,-100.57,575725,2823059,-79.60
8705,東隆五金,2004-11,tpex,管理股票,175961,138165,141456,27.35,24.39,1605963,1308701,22.71
