date,stock_id,close,yield_pct,dividend_year,per,pbr,fs_quarter
2020-06-08,1240,,4.10,108,13.96,1.83,
2020-06-08,1258,,0.00,108,,0.87,
2020-06-08,1259,,4.45,108,16.88,1.28,
2020-06-08,1264,,4.79,108,16.29,3.14,
2020-06-08,1268,,5.13,108,26.76,3.19,
2020-06-08,1336,,7.59,108,16.29,0.79,
2020-06-08,1565,,4.83,108,16.29,3.12,
2020-06-08,1569,,1.16,108,24.81,1.11,
2020-06-08,1570,,5.78,108,8.66,0.91,
2020-06-08,1580,,5.46,108,10.00,2.10,
2020-06-08,1584,,0.00,108,,0.81,
2020-06-08,1586,,1.41,108,45.65,2.15,
2020-06-08,1591,,2.13,108,,2.09,
2020-06-08,1593,,5.80,108,15.51,2.00,
2020-06-08,1595,,3.68,108,17.35,0.67,
2020-06-08,1597,,1.07,108,43.79,3.71,
2020-06-08,1599,,3.18,108,22.92,1.37,
2020-06-08,1742,,0.00,108,38.14,1.81,
2020-06-08,1752,,3.88,108,18.05,1.97,
2020-06-08,1777,,3.92,108,16.15,2.22,
2020-06-08,1781,,0.00,108,,3.03,
2020-06-08,1784,,0.33,108,540.00,1.67,
2020-06-08,1785,,2.97,108,16.50,2.12,
2020-06-08,1788,,5.45,108,15.99,2.14,
2020-06-08,1796,,0.00,108,,1.81,
2020-06-08,1799,,0.00,108,,3.58,
2020-06-08,1813,,4.58,108,23.75,1.12,
2020-06-08,1815,,0.00,108,,0.67,
2020-06-08,2035,,0.00,108,,3.19,
2020-06-08,2061,,0.00,108,,0.82,
2020-06-08,2063,,7.35,108,10.76,2.23,
2020-06-08,2064,,5.31,108,,0.68,
2020-06-08,2065,,8.70,108,12.67,2.04,
2020-06-08,2066,,4.04,108,14.47,1.79,
2020-06-08,2067,,0.00,108,,0.90,
2020-06-08,2070,,3.07,108,,1.37,
2020-06-08,2221,,5.56,108,13.30,1.43,
2020-06-08,2230,,0.00,108,,1.16,
2020-06-08,2235,,6.04,108,17.75,1.35,
2020-06-08,2596,,4.80,108,40.10,1.08,
2020-06-08,2640,,5.29,108,15.07,3.24,
2020-06-08,2641,,3.01,108,11.45,0.61,
2020-06-08,2643,,4.09,108,10.55,1.70,
2020-06-08,2718,,0.00,108,,0.91,
2020-06-08,2719,,0.00,108,,8.33,
2020-06-08,2724,,0.00,108,,25.07,
2020-06-08,2726,,4.63,108,72.00,3.88,
2020-06-08,2729,,3.80,108,21.90,2.86,
2020-06-08,2732,,5.11,108,21.29,4.18,
2020-06-08,2734,,0.00,108,,1.93,
2020-06-08,2736,,0.00,108,,0.64,
2020-06-08,2740,,0.00,108,,5.12,
2020-06-08,2743,,4.36,108,18.17,1.02,
2020-06-08,2745,,1.37,108,41.32,1.12,
2020-06-08,2752,,4.37,108,19.50,3.83,
2020-06-08,2916,,6.47,108,21.25,1.03,
2020-06-08,2924,,0.00,108,,1.91,
2020-06-08,2926,,4.42,108,27.70,3.52,
2020-06-08,2928,,2.02,108,10.36,3.22,
2020-06-08,2937,,4.65,108,14.23,1.78,
2020-06-08,3064,,0.00,108,,26.15,
2020-06-08,3066,,0.00,108,300.00,1.05,
2020-06-08,3067,,0.00,108,,4.69,
2020-06-08,3071,,7.18,108,11.64,1.67,
2020-06-08,3073,,0.00,108,,1.64,
2020-06-08,3078,,4.59,108,10.88,1.39,
2020-06-08,3081,,1.43,108,54.26,6.10,
2020-06-08,3083,,0.00,108,225.79,6.68,
2020-06-08,3085,,0.00,108,,11.50,
2020-06-08,3086,,0.00,108,,1.94,
2020-06-08,3088,,7.02,108,11.35,1.74,
2020-06-08,3089,,0.00,108,,2.62,
2020-06-08,3092,,7.53,108,11.45,1.97,
2020-06-08,3093,,5.33,108,13.27,1.29,
2020-06-08,3095,,0.00,108,,1.41,
2020-06-08,3105,,2.48,108,20.30,4.23,
2020-06-08,3114,,6.70,108,11.58,1.20,
2020-06-08,3115,,0.00,108,,2.18,
2020-06-08,3118,,4.06,108,21.92,1.99,
2020-06-08,3122,,0.00,108,,1.03,
2020-06-08,3128,,3.97,108,22.98,0.95,
2020-06-08,3131,,3.45,108,21.40,2.48,
2020-06-08,3141,,2.75,108,23.50,1.39,
2020-06-08,3144,,3.53,108,18.61,1.68,
2020-06-08,3147,,5.93,108,13.01,1.75,
2020-06-08,3152,,2.44,108,35.97,6.85,
2020-06-08,3162,,0.00,108,,2.63,
2020-06-08,3163,,2.61,108,63.89,2.28,
2020-06-08,3169,,5.44,108,16.15,2.21,
2020-06-08,3171,,6.25,108,13.64,1.84,
2020-06-08,3176,,0.00,108,,6.12,
2020-06-08,3178,,1.16,108,40.27,3.00,
2020-06-08,3188,,3.41,108,22.89,1.18,
2020-06-08,3191,,0.00,108,69.57,8.21,
2020-06-08,3202,,0.00,108,,1.86,
2020-06-08,3205,,0.00,108,,2.05,
2020-06-08,3206,,6.78,108,9.19,1.61,
2020-06-08,3207,,0.00,108,42.50,2.13,
2020-06-08,3211,,6.14,108,14.75,1.70,
2020-06-08,3213,,8.22,108,11.69,1.98,
2020-06-08,3217,,4.15,108,16.97,3.92,
2020-06-08,3218,,1.17,108,46.48,8.55,
2020-06-08,3221,,0.87,108,,1.36,
2020-06-08,3224,,0.00,108,,3.07,
2020-06-08,3226,,5.63,108,12.57,3.21,
2020-06-08,3227,,3.02,108,21.85,3.38,
2020-06-08,3228,,0.00,108,,5.66,
2020-06-08,3230,,0.00,108,,0.81,
2020-06-08,3232,,1.48,108,56.25,1.59,
2020-06-08,3234,,0.00,108,,3.19,
2020-06-08,3236,,2.48,108,183.64,1.52,
2020-06-08,3252,,0.00,108,,0.39,
2020-06-08,3259,,0.00,108,,2.65,
2020-06-08,3260,,2.37,108,17.91,1.63,
2020-06-08,3264,,4.24,108,12.02,1.25,
2020-06-08,3265,,6.13,108,6.47,0.71,
2020-06-08,3268,,0.00,108,,0.79,
2020-06-08,3272,,3.48,108,14.38,0.76,
2020-06-08,3276,,0.00,108,,0.86,
2020-06-08,3284,,0.00,108,,0.94,
2020-06-08,3285,,1.38,108,,1.11,
2020-06-08,3287,,0.00,108,39.13,1.06,
2020-06-08,3288,,0.00,108,940.00,1.55,
2020-06-08,3289,,3.54,108,20.40,1.28,
2020-06-08,3290,,3.55,108,,1.04,
2020-06-08,3293,,4.20,108,17.12,7.24,
2020-06-08,3294,,2.20,108,,0.85,
2020-06-08,3297,,3.94,108,,0.68,
2020-06-08,3303,,6.60,108,11.24,1.41,
2020-06-08,3306,,3.89,108,19.78,0.68,
2020-06-08,3310,,6.67,108,6.45,1.18,
2020-06-08,3313,,0.00,108,,1.60,
2020-06-08,3317,,2.35,108,14.41,1.35,
2020-06-08,3322,,0.00,108,,0.69,
2020-06-08,3323,,3.03,108,12.25,1.27,
2020-06-08,3324,,2.83,108,16.62,4.09,
2020-06-08,3325,,3.61,108,18.13,1.68,
2020-06-08,3332,,2.74,108,23.03,1.06,
2020-06-08,3339,,0.00,108,,0.67,
2020-06-08,3354,,3.88,108,27.45,0.79,
2020-06-08,3360,,3.53,108,22.08,1.16,
2020-06-08,3362,,0.00,108,,1.90,
2020-06-08,3363,,3.19,108,,1.46,
2020-06-08,3372,,0.00,108,,0.89,
2020-06-08,3373,,0.71,108,32.83,7.54,
2020-06-08,3374,,0.00,108,35.28,6.82,
2020-06-08,3379,,0.00,108,,0.81,
2020-06-08,3388,,5.50,108,12.77,1.25,
2020-06-08,3390,,3.17,108,,0.93,
2020-06-08,3402,,5.05,108,11.88,1.66,
2020-06-08,3426,,5.68,108,15.71,1.44,
2020-06-08,3434,,2.68,108,23.83,1.00,
2020-06-08,3438,,0.00,108,92.30,1.64,
2020-06-08,3441,,7.91,108,,1.36,
2020-06-08,3444,,4.41,108,13.57,2.20,
2020-06-08,3455,,6.19,108,12.25,1.50,
2020-06-08,3465,,0.00,108,,6.07,
2020-06-08,3466,,3.17,108,56.25,0.75,
2020-06-08,3479,,5.76,108,9.87,2.20,
2020-06-08,3483,,2.30,108,19.97,1.84,
2020-06-08,3484,,5.45,108,12.60,1.02,
2020-06-08,3489,,2.80,108,16.98,0.69,
2020-06-08,3490,,2.36,108,,1.04,
2020-06-08,3491,,4.89,108,27.18,2.55,
2020-06-08,3492,,4.71,108,13.18,1.10,
2020-06-08,3498,,0.00,108,,0.65,
2020-06-08,3499,,3.78,108,70.00,1.07,
2020-06-08,3508,,0.00,108,,1.63,
2020-06-08,3511,,0.00,108,11.49,1.72,
2020-06-08,3512,,0.00,108,,2.15,
2020-06-08,3516,,0.00,108,121.11,0.46,
2020-06-08,3520,,0.00,108,29.20,1.44,
2020-06-08,3521,,0.00,108,5.63,1.17,
2020-06-08,3522,,0.00,108,,0.73,
2020-06-08,3523,,0.00,108,,2.36,
2020-06-08,3526,,5.91,108,16.42,3.46,
2020-06-08,3527,,4.96,108,20.54,1.74,
2020-06-08,3529,,1.76,108,55.60,15.68,
2020-06-08,3531,,7.50,108,12.50,0.81,
2020-06-08,3537,,6.28,108,12.72,2.15,
2020-06-08,3540,,2.60,108,29.09,1.36,
2020-06-08,3541,,6.96,108,13.86,3.39,
2020-06-08,3546,,4.93,108,19.52,3.06,
2020-06-08,3548,,3.83,108,10.05,1.01,
2020-06-08,3551,,3.58,108,11.59,0.95,
2020-06-08,3552,,0.00,108,,1.62,
2020-06-08,3555,,0.00,108,,3.54,
2020-06-08,3556,,5.33,108,18.64,3.88,
2020-06-08,3558,,4.68,108,12.47,1.87,
2020-06-08,3564,,2.15,108,27.14,1.46,
2020-06-08,3567,,6.71,108,12.93,1.58,
2020-06-08,3570,,5.29,108,11.94,2.94,
2020-06-08,3577,,2.33,108,32.72,1.61,
2020-06-08,3580,,6.64,108,11.43,1.47,
2020-06-08,3581,,4.70,108,17.53,1.05,
2020-06-08,3587,,3.69,108,19.90,1.83,
2020-06-08,3594,,1.43,108,,1.00,
2020-06-08,3597,,5.23,108,24.62,1.23,
2020-06-08,3609,,0.00,108,,1.51,
2020-06-08,3611,,5.05,108,11.61,2.77,
2020-06-08,3615,,0.00,108,,0.48,
2020-06-08,3623,,0.00,108,,0.96,
2020-06-08,3624,,2.50,108,58.44,1.30,
2020-06-08,3625,,3.21,108,32.50,1.14,
2020-06-08,3628,,3.00,108,26.64,1.05,
2020-06-08,3629,,0.00,108,,4.91,
2020-06-08,3630,,0.00,108,34.21,2.27,
2020-06-08,3631,,0.00,108,,3.31,
2020-06-08,3632,,0.00,108,,1.66,
2020-06-08,3642,,0.00,108,,1.83,
2020-06-08,3646,,5.50,108,11.36,1.35,
2020-06-08,3652,,0.94,108,33.98,0.65,
2020-06-08,3663,,5.24,108,15.04,1.17,
2020-06-08,3664,,0.00,108,,1.02,
2020-06-08,3666,,0.00,108,107.33,1.05,
2020-06-08,3672,,1.72,108,,0.98,
2020-06-08,3675,,1.91,108,28.54,3.04,
2020-06-08,3680,,0.86,108,77.92,9.45,
2020-06-08,3684,,5.68,108,8.39,1.71,
2020-06-08,3685,,0.98,108,127.81,1.72,
2020-06-08,3687,,0.10,108,96.43,3.30,
2020-06-08,3689,,2.02,108,35.36,0.70,
2020-06-08,3691,,2.17,108,,1.27,
2020-06-08,3693,,0.00,108,38.91,1.80,
2020-06-08,3707,,0.00,108,,2.80,
2020-06-08,3709,,4.69,108,11.15,1.44,
2020-06-08,3710,,0.00,108,,0.79,
2020-06-08,4102,,0.00,108,22.50,1.88,
2020-06-08,4105,,5.24,108,22.08,3.32,
2020-06-08,4107,,2.90,108,20.94,3.68,
2020-06-08,4109,,0.00,108,,1.61,
2020-06-08,4111,,3.55,108,18.93,1.47,
2020-06-08,4113,,0.00,108,,0.82,
2020-06-08,4114,,4.28,108,59.87,1.54,
2020-06-08,4116,,4.15,108,23.09,1.37,
2020-06-08,4120,,3.61,108,18.31,1.31,
2020-06-08,4121,,1.05,108,35.28,1.23,
2020-06-08,4123,,2.56,108,236.36,2.38,
2020-06-08,4126,,5.70,108,12.44,2.21,
2020-06-08,4127,,0.00,108,,1.16,
2020-06-08,4128,,0.00,108,,2.44,
2020-06-08,4129,,2.30,108,46.47,1.12,
2020-06-08,4130,,2.35,108,101.25,2.37,
2020-06-08,4131,,0.00,108,,1.59,
2020-06-08,4138,,6.53,108,12.86,1.30,
2020-06-08,4139,,2.48,108,26.53,4.60,
2020-06-08,4147,,0.00,108,,6.59,
2020-06-08,4152,,0.00,108,,10.50,
2020-06-08,4153,,0.00,108,68.07,1.91,
2020-06-08,4154,,0.00,108,,3.32,
2020-06-08,4157,,0.00,108,,18.25,
2020-06-08,4160,,2.35,108,72.25,2.16,
2020-06-08,4161,,1.90,108,,2.07,
2020-06-08,4162,,0.67,108,169.77,3.08,
2020-06-08,4163,,5.41,108,14.22,2.71,
2020-06-08,4167,,0.00,108,86.89,3.73,
2020-06-08,4168,,0.00,108,,1.54,
2020-06-08,4171,,0.00,108,223.26,27.45,
2020-06-08,4173,,4.83,108,15.22,0.78,
2020-06-08,4174,,0.00,108,,4.40,
2020-06-08,4175,,4.73,108,15.34,2.13,
2020-06-08,4183,,3.87,108,22.35,1.44,
2020-06-08,4188,,0.00,108,,2.23,
2020-06-08,4192,,0.00,108,,8.29,
2020-06-08,4198,,0.00,108,,1.64,
2020-06-08,4205,,3.31,108,23.45,4.53,
2020-06-08,4207,,3.15,108,18.50,0.94,
2020-06-08,4303,,5.87,108,,1.57,
2020-06-08,4304,,0.00,108,,1.31,
2020-06-08,4305,,6.12,108,14.53,1.78,
2020-06-08,4401,,4.05,108,19.73,1.37,
2020-06-08,4402,,0.00,108,,0.66,
2020-06-08,4406,,0.00,108,,0.73,
2020-06-08,4413,,0.60,108,13.48,1.33,
2020-06-08,4416,,1.24,108,,3.43,
2020-06-08,4417,,6.02,108,10.14,1.20,
2020-06-08,4419,,0.00,108,,2.98,
2020-06-08,4420,,8.32,108,,0.73,
2020-06-08,4429,,0.00,108,,1.62,
2020-06-08,4430,,5.84,108,3.94,0.69,
2020-06-08,4432,,0.00,108,,0.58,
2020-06-08,4433,,2.99,108,65.69,1.53,
2020-06-08,4502,,0.75,108,,4.05,
2020-06-08,4503,,0.00,108,33.37,1.35,
2020-06-08,4506,,4.63,108,15.38,2.33,
2020-06-08,4510,,0.00,108,,0.59,
2020-06-08,4513,,0.00,108,,0.71,
2020-06-08,4523,,0.00,108,,1.09,
2020-06-08,4527,,6.02,108,12.37,1.47,
2020-06-08,4528,,4.11,108,16.20,1.67,
2020-06-08,4529,,0.00,108,,1.04,
2020-06-08,4530,,0.00,108,,1.73,
2020-06-08,4533,,2.27,108,47.83,0.74,
2020-06-08,4534,,0.00,108,,0.67,
2020-06-08,4535,,3.45,108,34.52,1.00,
2020-06-08,4538,,5.37,108,17.53,1.04,
2020-06-08,4541,,3.32,108,28.51,0.83,
2020-06-08,4542,,4.88,108,13.98,1.21,
2020-06-08,4543,,4.61,108,116.92,0.59,
2020-06-08,4549,,5.52,108,16.38,2.20,
2020-06-08,4550,,6.45,108,9.76,1.21,
2020-06-08,4554,,0.47,108,54.74,1.18,
2020-06-08,4556,,2.03,108,35.57,1.82,
2020-06-08,4561,,0.89,108,133.33,1.78,
2020-06-08,4563,,0.00,108,,1.36,
2020-06-08,4568,,5.79,108,14.48,1.60,
2020-06-08,4580,,4.67,108,15.16,2.70,
2020-06-08,4609,,0.00,108,,1.72,
2020-06-08,4702,,0.00,108,10.31,0.76,
2020-06-08,4706,,3.61,108,16.60,0.91,
2020-06-08,4707,,5.96,108,11.19,0.89,
2020-06-08,4711,,4.03,108,19.10,0.82,
2020-06-08,4712,,0.00,108,,2.40,
2020-06-08,4714,,6.45,108,9.28,1.30,
2020-06-08,4716,,3.52,108,54.62,1.18,
2020-06-08,4721,,4.28,108,20.14,3.48,
2020-06-08,4726,,0.00,108,,3.79,
2020-06-08,4728,,1.86,108,32.72,6.03,
2020-06-08,4729,,0.00,108,,1.77,
2020-06-08,4735,,3.42,108,19.27,3.99,
2020-06-08,4736,,2.46,108,27.25,5.06,
2020-06-08,4741,,5.85,108,19.14,0.93,
2020-06-08,4743,,0.00,108,,10.11,
2020-06-08,4744,,4.17,108,32.82,1.93,
2020-06-08,4745,,5.03,108,9.77,1.02,
2020-06-08,4747,,4.13,108,19.19,1.51,
2020-06-08,4754,,5.38,108,15.37,3.10,
2020-06-08,4760,,1.37,108,56.28,5.21,
2020-06-08,4767,,4.35,108,11.11,1.01,
2020-06-08,4803,,7.22,108,15.37,1.68,
2020-06-08,4804,,0.00,108,,1.02,
2020-06-08,4806,,0.00,108,,0.88,
2020-06-08,4903,,0.00,108,,1.41,
2020-06-08,4905,,3.08,108,,0.65,
2020-06-08,4907,,4.56,108,16.75,1.58,
2020-06-08,4908,,2.98,108,19.02,1.89,
2020-06-08,4909,,1.92,108,,0.58,
2020-06-08,4911,,0.00,108,,3.02,
2020-06-08,4924,,0.00,108,35.15,0.93,
2020-06-08,4931,,5.59,108,12.51,1.84,
2020-06-08,4933,,4.76,108,20.77,0.61,
2020-06-08,4939,,1.72,108,39.19,1.01,
2020-06-08,4944,,0.00,108,,3.04,
2020-06-08,4946,,0.00,108,,3.11,
2020-06-08,4950,,0.00,108,,0.66,
2020-06-08,4953,,3.39,108,15.88,2.90,
2020-06-08,4966,,1.74,108,28.17,5.78,
2020-06-08,4971,,1.71,108,38.81,1.49,
2020-06-08,4972,,7.23,108,30.69,1.23,
2020-06-08,4973,,4.51,108,11.57,1.02,
2020-06-08,4974,,5.98,108,10.22,1.61,
2020-06-08,4979,,0.00,108,,2.19,
2020-06-08,4987,,6.36,108,11.98,1.42,
2020-06-08,4991,,0.96,108,19.10,1.37,
2020-06-08,4995,,7.82,108,12.72,2.15,
2020-06-08,5009,,2.94,108,36.96,0.89,
2020-06-08,5011,,0.00,108,,1.35,
2020-06-08,5013,,2.14,108,20.85,1.20,
2020-06-08,5014,,0.00,108,73.00,0.85,
2020-06-08,5015,,6.73,108,14.67,1.83,
2020-06-08,5016,,4.51,108,14.72,1.08,
2020-06-08,5102,,3.85,108,21.67,1.03,
2020-06-08,5201,,0.94,108,16.24,2.73,
2020-06-08,5202,,0.00,108,,1.48,
2020-06-08,5205,,0.00,108,,28.18,
2020-06-08,5206,,6.21,108,8.21,0.87,
2020-06-08,5209,,4.33,108,17.75,6.92,
2020-06-08,5210,,0.00,108,,0.65,
2020-06-08,5211,,2.86,108,24.14,0.85,
2020-06-08,5212,,4.50,108,21.32,3.71,
2020-06-08,5213,,0.00,108,33.44,0.69,
2020-06-08,5220,,3.84,108,22.53,2.11,
2020-06-08,5223,,3.33,108,10.81,1.04,
2020-06-08,5227,,0.00,108,,1.94,
2020-06-08,5230,,2.79,108,43.11,0.95,
2020-06-08,5245,,0.95,108,59.34,1.91,
2020-06-08,5251,,0.00,108,,0.83,
2020-06-08,5263,,4.55,108,24.17,2.31,
2020-06-08,5272,,0.00,108,92.50,1.12,
2020-06-08,5274,,1.69,108,51.66,20.33,
2020-06-08,5276,,0.00,108,,0.66,
2020-06-08,5278,,9.89,108,10.11,5.29,
2020-06-08,5281,,2.25,108,30.48,0.99,
2020-06-08,5287,,5.37,108,16.61,5.47,
2020-06-08,5289,,4.23,108,13.47,3.03,
2020-06-08,5291,,5.37,108,12.84,1.05,
2020-06-08,5299,,4.58,108,15.42,4.46,
2020-06-08,5301,,0.00,108,,2.04,
2020-06-08,5302,,0.00,108,,0.61,
2020-06-08,5304,,0.00,108,,0.62,
2020-06-08,5306,,3.63,108,16.00,2.88,
2020-06-08,5309,,0.00,108,,3.57,
2020-06-08,5310,,0.00,108,,3.01,
2020-06-08,5312,,6.15,108,10.83,1.53,
2020-06-08,5314,,0.00,108,,1.34,
2020-06-08,5315,,5.61,108,19.00,1.20,
2020-06-08,5321,,0.00,108,24.61,1.63,
2020-06-08,5324,,0.00,108,,1.19,
2020-06-08,5328,,0.00,108,,0.99,
2020-06-08,5340,,0.00,108,75.36,4.86,
2020-06-08,5344,,0.00,108,,1.99,
2020-06-08,5345,,0.00,108,,1.78,
2020-06-08,5347,,4.22,108,20.88,4.05,
2020-06-08,5348,,0.00,108,,1.19,
2020-06-08,5349,,0.00,108,,1.87,
2020-06-08,5351,,0.00,108,,1.64,
2020-06-08,5353,,7.22,108,14.27,1.21,
2020-06-08,5355,,0.00,108,,0.50,
2020-06-08,5356,,7.48,108,14.07,0.66,
2020-06-08,5364,,0.00,108,,1.26,
2020-06-08,5371,,6.20,108,13.16,0.69,
2020-06-08,5381,,0.00,108,,0.86,
2020-06-08,5383,,0.00,108,,2.99,
2020-06-08,5386,,3.33,108,23.81,1.84,
2020-06-08,5392,,2.81,108,,0.81,
2020-06-08,5398,,1.23,108,39.35,2.14,
2020-06-08,5403,,5.84,108,12.67,2.78,
2020-06-08,5410,,6.94,108,11.25,1.55,
2020-06-08,5425,,3.41,108,22.68,1.83,
2020-06-08,5426,,0.00,108,,0.76,
2020-06-08,5432,,0.00,108,4.97,1.01,
2020-06-08,5438,,3.59,108,153.13,0.90,
2020-06-08,5439,,4.60,108,18.05,2.81,
2020-06-08,5443,,7.44,108,12.07,1.42,
2020-06-08,5450,,0.00,108,32.00,1.55,
2020-06-08,5452,,3.35,108,26.24,0.52,
2020-06-08,5455,,0.00,108,5.62,2.18,
2020-06-08,5457,,0.60,108,28.60,5.58,
2020-06-08,5460,,4.93,108,14.29,0.84,
2020-06-08,5464,,4.13,108,,0.76,
2020-06-08,5465,,5.95,108,15.41,1.19,
2020-06-08,5468,,0.00,108,,1.91,
2020-06-08,5474,,4.50,108,12.56,2.96,
2020-06-08,5475,,0.00,108,,0.75,
2020-06-08,5478,,3.60,108,20.37,2.24,
2020-06-08,5481,,0.00,108,,1.05,
2020-06-08,5483,,5.05,108,32.35,2.36,
2020-06-08,5487,,3.31,108,15.51,1.31,
2020-06-08,5488,,0.00,108,,0.62,
2020-06-08,5489,,4.57,108,17.54,1.43,
2020-06-08,5490,,5.60,108,9.85,1.70,
2020-06-08,5493,,6.20,108,15.93,1.76,
2020-06-08,5498,,2.51,108,24.90,1.16,
2020-06-08,5508,,5.42,108,18.27,1.64,
2020-06-08,5511,,7.20,108,7.31,0.83,
2020-06-08,5512,,6.15,108,8.63,0.53,
2020-06-08,5514,,7.33,108,17.78,1.40,
2020-06-08,5516,,2.04,108,15.98,1.08,
2020-06-08,5520,,4.82,108,13.43,1.27,
2020-06-08,5523,,2.78,108,270.00,0.94,
2020-06-08,5529,,0.00,108,,0.85,
2020-06-08,5530,,5.14,108,12.67,1.36,
2020-06-08,5536,,7.06,108,11.29,2.96,
2020-06-08,5543,,3.86,108,188.18,1.24,
2020-06-08,5601,,0.83,108,105.00,1.19,
2020-06-08,5603,,0.00,108,,0.68,
2020-06-08,5604,,9.16,108,9.89,2.45,
2020-06-08,5609,,3.86,108,10.38,1.99,
2020-06-08,5701,,0.00,108,,1.41,
2020-06-08,5703,,0.00,108,,2.60,
2020-06-08,5704,,2.63,108,30.15,2.56,
2020-06-08,5820,,5.67,108,16.84,0.80,
2020-06-08,5864,,6.54,108,,0.61,
2020-06-08,5878,,6.12,108,15.22,2.25,
2020-06-08,5902,,0.00,108,15.71,1.41,
2020-06-08,5903,,2.67,108,28.76,11.32,
2020-06-08,5904,,2.96,108,29.26,17.53,
2020-06-08,5905,,1.59,108,69.72,1.02,
2020-06-08,6015,,2.28,108,,0.62,
2020-06-08,6016,,5.27,108,33.00,0.63,
2020-06-08,6020,,2.58,108,,0.83,
2020-06-08,6021,,0.00,108,78.89,0.98,
2020-06-08,6023,,5.49,108,12.46,1.49,
2020-06-08,6026,,7.78,108,,0.75,
2020-06-08,6101,,0.00,108,,2.74,
2020-06-08,6103,,0.00,108,,3.14,
2020-06-08,6104,,3.81,108,20.04,3.61,
2020-06-08,6109,,0.00,108,93.64,0.99,
2020-06-08,6111,,3.89,108,10.69,4.51,
2020-06-08,6113,,0.00,108,,0.62,
2020-06-08,6114,,4.71,108,6.19,0.88,
2020-06-08,6118,,0.00,108,,0.91,
2020-06-08,6121,,4.28,108,16.12,2.62,
2020-06-08,6122,,5.67,108,16.02,0.86,
2020-06-08,6123,,8.37,108,11.91,2.71,
2020-06-08,6124,,0.00,108,34.02,1.98,
2020-06-08,6125,,11.20,108,3.37,0.99,
2020-06-08,6126,,4.02,108,13.81,1.57,
2020-06-08,6127,,0.00,108,,1.64,
2020-06-08,6129,,0.00,108,,0.63,
2020-06-08,6130,,0.00,108,,2.60,
2020-06-08,6134,,0.00,108,49.64,1.06,
2020-06-08,6138,,4.91,108,17.86,3.33,
2020-06-08,6140,,0.00,108,27.05,0.98,
2020-06-08,6143,,7.00,108,14.13,1.61,
2020-06-08,6144,,0.00,108,,1.21,
2020-06-08,6146,,2.65,108,31.11,5.57,
2020-06-08,6147,,6.66,108,10.21,1.35,
2020-06-08,6148,,3.00,108,14.08,0.91,
2020-06-08,6150,,0.00,108,,4.75,
2020-06-08,6151,,4.84,108,12.83,1.23,
2020-06-08,6154,,4.46,108,37.36,0.88,
2020-06-08,6156,,1.47,108,12.83,0.97,
2020-06-08,6158,,1.24,108,1207.50,1.62,
2020-06-08,6160,,0.00,108,,1.07,
2020-06-08,6161,,4.64,108,8.33,1.16,
2020-06-08,6163,,2.50,108,59.26,1.13,
2020-06-08,6167,,0.00,108,7.38,0.79,
2020-06-08,6169,,0.00,108,,4.61,
2020-06-08,6170,,4.85,108,16.42,1.37,
2020-06-08,6171,,1.37,108,,1.55,
2020-06-08,6173,,3.05,108,17.15,2.36,
2020-06-08,6174,,0.00,108,580.00,1.06,
2020-06-08,6175,,2.47,108,25.31,1.34,
2020-06-08,6179,,4.45,108,28.56,2.04,
2020-06-08,6180,,4.83,108,12.44,2.27,
2020-06-08,6182,,5.16,108,20.87,1.91,
2020-06-08,6185,,2.99,108,38.95,1.05,
2020-06-08,6186,,9.82,108,5.38,1.58,
2020-06-08,6187,,3.36,108,40.64,2.18,
2020-06-08,6188,,6.23,108,16.81,1.21,
2020-06-08,6190,,4.92,108,19.82,1.34,
2020-06-08,6194,,4.38,108,12.74,0.84,
2020-06-08,6195,,4.97,108,15.40,1.62,
2020-06-08,6198,,0.00,108,,2.99,
2020-06-08,6199,,1.69,108,147.50,1.02,
2020-06-08,6203,,4.38,108,13.34,2.48,
2020-06-08,6204,,7.58,108,29.01,0.81,
2020-06-08,6207,,5.01,108,17.87,1.32,
2020-06-08,6208,,5.19,108,14.36,1.85,
2020-06-08,6210,,6.38,108,9.77,2.07,
2020-06-08,6212,,0.00,108,111.90,2.23,
2020-06-08,6217,,3.17,108,30.93,1.36,
2020-06-08,6218,,7.05,108,27.96,1.22,
2020-06-08,6219,,8.58,108,,1.43,
2020-06-08,6220,,4.21,108,14.96,1.04,
2020-06-08,6221,,3.64,108,15.20,3.23,
2020-06-08,6222,,0.00,108,29.19,2.02,
2020-06-08,6223,,2.97,108,14.05,1.49,
2020-06-08,6227,,4.58,108,10.87,0.99,
2020-06-08,6228,,0.00,108,,1.00,
2020-06-08,6229,,3.90,108,23.05,1.06,
2020-06-08,6231,,2.17,108,37.07,4.93,
2020-06-08,6233,,0.00,108,281.25,1.03,
2020-06-08,6234,,4.51,108,13.57,1.00,
2020-06-08,6236,,0.00,108,,3.03,
2020-06-08,6237,,0.84,108,,1.64,
2020-06-08,6238,,1.76,108,41.97,4.43,
2020-06-08,6240,,0.00,108,,1.09,
2020-06-08,6241,,0.00,108,,1.69,
2020-06-08,6242,,5.42,108,13.92,1.68,
2020-06-08,6244,,0.00,108,,1.42,
2020-06-08,6245,,4.61,108,15.55,2.22,
2020-06-08,6246,,0.00,108,,0.76,
2020-06-08,6247,,0.00,108,,0.91,
2020-06-08,6248,,7.96,108,11.47,1.96,
2020-06-08,6259,,0.00,108,2.92,1.02,
2020-06-08,6261,,4.87,108,15.32,1.34,
2020-06-08,6263,,6.88,108,13.35,2.90,
2020-06-08,6264,,0.00,108,,0.72,
2020-06-08,6265,,0.00,108,40.93,0.55,
2020-06-08,6266,,7.18,108,12.64,1.49,
2020-06-08,6270,,6.65,108,19.75,1.10,
2020-06-08,6274,,3.28,108,20.72,3.55,
2020-06-08,6275,,0.00,108,24.12,1.30,
2020-06-08,6276,,3.15,108,14.65,1.81,
2020-06-08,6279,,3.54,108,22.09,2.06,
2020-06-08,6284,,1.59,108,17.12,0.95,
2020-06-08,6287,,0.00,108,,6.98,
2020-06-08,6290,,5.64,108,11.54,2.14,
2020-06-08,6291,,0.00,108,,3.79,
2020-06-08,6292,,9.46,108,20.56,1.84,
2020-06-08,6294,,7.05,108,12.45,6.17,
2020-06-08,6404,,0.00,108,,1.48,
2020-06-08,6411,,5.36,108,13.71,2.71,
2020-06-08,6417,,2.02,108,21.12,2.41,
2020-06-08,6418,,3.47,108,80.00,1.03,
2020-06-08,6419,,0.00,108,,0.80,
2020-06-08,6425,,2.04,108,,1.02,
2020-06-08,6426,,1.50,108,45.39,3.78,
2020-06-08,6432,,4.40,108,14.49,1.27,
2020-06-08,6435,,4.53,108,19.33,4.12,
2020-06-08,6438,,2.31,108,59.45,2.21,
2020-06-08,6441,,0.62,108,127.62,3.44,
2020-06-08,6446,,0.00,108,,13.69,
2020-06-08,6457,,2.76,108,27.95,4.14,
2020-06-08,6461,,0.00,108,,1.26,
2020-06-08,6462,,4.62,108,14.44,4.43,
2020-06-08,6465,,0.00,108,,4.23,
2020-06-08,6469,,3.15,108,24.59,3.06,
2020-06-08,6470,,5.70,108,11.66,2.09,
2020-06-08,6472,,2.92,108,27.22,3.60,
2020-06-08,6482,,0.00,108,,1.99,
2020-06-08,6485,,1.87,108,18.74,1.09,
2020-06-08,6486,,7.94,108,12.86,2.50,
2020-06-08,6488,,6.23,108,13.85,4.77,
2020-06-08,6492,,0.00,108,,11.04,
2020-06-08,6494,,5.99,108,10.84,1.58,
2020-06-08,6496,,3.29,108,20.97,1.12,
2020-06-08,6497,,0.00,108,,,
2020-06-08,6499,,0.00,108,,2.06,
2020-06-08,6506,,6.09,108,12.80,1.17,
2020-06-08,6508,,5.29,108,11.64,1.34,
2020-06-08,6509,,3.43,108,13.88,1.35,
2020-06-08,6510,,1.51,108,30.53,3.27,
2020-06-08,6512,,0.00,108,,0.78,
2020-06-08,6514,,4.62,108,14.22,2.86,
2020-06-08,6516,,1.27,108,,3.10,
2020-06-08,6523,,5.89,108,15.75,2.25,
2020-06-08,6527,,4.67,108,18.08,1.86,
2020-06-08,6530,,5.67,108,25.21,1.30,
2020-06-08,6532,,2.26,108,26.59,4.67,
2020-06-08,6535,,0.00,108,,4.64,
2020-06-08,6538,,1.74,108,22.04,5.71,
2020-06-08,6542,,0.00,108,,3.71,
2020-06-08,6547,,0.00,108,,9.63,
2020-06-08,6548,,3.84,108,19.20,2.45,
2020-06-08,6556,,3.84,108,15.43,1.25,
2020-06-08,6560,,6.45,108,18.24,1.64,
2020-06-08,6561,,2.08,108,48.92,8.80,
2020-06-08,6568,,4.58,108,18.37,2.56,
2020-06-08,6569,,4.87,108,20.48,3.81,
2020-06-08,6570,,6.44,108,15.54,2.13,
2020-06-08,6574,,2.10,108,14.68,2.10,
2020-06-08,6576,,0.00,108,,9.07,
2020-06-08,6577,,6.39,108,14.58,2.67,
2020-06-08,6578,,2.35,108,101.43,0.91,
2020-06-08,6589,,0.00,108,,5.88,
2020-06-08,6590,,3.71,108,19.97,2.88,
2020-06-08,6593,,2.14,108,,1.03,
2020-06-08,6594,,3.81,108,25.45,1.35,
2020-06-08,6596,,7.26,108,10.00,3.07,
2020-06-08,6603,,1.08,108,,0.72,
2020-06-08,6609,,3.75,108,23.63,0.90,
2020-06-08,6612,,0.65,108,26.84,4.15,
2020-06-08,6613,,6.37,108,12.32,2.29,
2020-06-08,6615,,3.81,108,24.48,3.09,
2020-06-08,6616,,11.03,108,7.68,1.75,
2020-06-08,6624,,5.01,108,14.40,2.04,
2020-06-08,6629,,6.04,108,11.63,2.84,
2020-06-08,6640,,6.36,108,17.88,1.49,
2020-06-08,6642,,4.12,108,18.50,2.12,
2020-06-08,6643,,2.35,108,31.10,6.70,
2020-06-08,6649,,0.00,108,,1.97,
2020-06-08,6654,,1.67,108,,2.82,
2020-06-08,6662,,4.65,108,15.20,2.18,
2020-06-08,6664,,6.44,108,12.19,2.17,
2020-06-08,6667,,2.88,108,72.40,3.25,
2020-06-08,6679,,1.54,108,33.80,5.78,
2020-06-08,6680,,4.70,108,23.88,3.22,
2020-06-08,6683,,1.55,108,30.90,4.92,
2020-06-08,6690,,2.29,108,35.23,4.15,
2020-06-08,6697,,4.33,108,19.25,2.33,
2020-06-08,6716,,3.49,108,22.37,3.89,
2020-06-08,6732,,3.02,108,19.98,22.15,
2020-06-08,6803,,5.04,108,17.61,2.78,
2020-06-08,7402,,3.31,108,48.92,2.44,
2020-06-08,8024,,0.00,108,,0.66,
2020-06-08,8027,,0.00,108,,3.33,
2020-06-08,8032,,4.91,108,17.83,0.78,
2020-06-08,8034,,0.99,108,22.75,2.01,
2020-06-08,8038,,0.00,108,,3.23,
2020-06-08,8040,,1.19,108,,1.66,
2020-06-08,8042,,0.87,108,,1.11,
2020-06-08,8043,,1.88,108,49.35,0.87,
2020-06-08,8044,,0.61,108,62.43,4.49,
2020-06-08,8047,,0.00,108,,0.86,
2020-06-08,8048,,7.42,108,13.32,1.96,
2020-06-08,8049,,7.95,108,11.05,1.63,
2020-06-08,8050,,4.90,108,47.50,1.56,
2020-06-08,8054,,3.83,108,,0.49,
2020-06-08,8059,,0.00,108,56.96,1.24,
2020-06-08,8064,,6.51,108,18.49,0.93,
2020-06-08,8066,,8.60,108,12.71,2.86,
2020-06-08,8067,,0.00,108,,1.35,
2020-06-08,8068,,0.00,108,,2.90,
2020-06-08,8069,,4.93,108,13.47,1.62,
2020-06-08,8071,,4.07,108,14.30,0.84,
2020-06-08,8074,,5.88,108,27.42,1.00,
2020-06-08,8076,,3.14,108,52.21,2.15,
2020-06-08,8077,,0.00,108,,1.14,
2020-06-08,8080,,0.00,108,,11.38,
2020-06-08,8083,,5.29,108,18.70,4.77,
2020-06-08,8084,,0.00,108,,7.44,
2020-06-08,8085,,0.00,108,,0.51,
2020-06-08,8086,,1.83,108,28.88,3.58,
2020-06-08,8087,,0.00,108,,0.65,
2020-06-08,8088,,6.93,108,11.41,1.75,
2020-06-08,8091,,2.65,108,20.89,1.08,
2020-06-08,8092,,0.00,108,,0.94,
2020-06-08,8093,,0.00,108,,0.92,
2020-06-08,8096,,3.11,108,13.39,0.76,
2020-06-08,8097,,0.00,108,,1.18,
2020-06-08,8099,,5.30,108,16.50,1.31,
2020-06-08,8107,,6.04,108,11.57,0.91,
2020-06-08,8109,,5.40,108,17.44,4.09,
2020-06-08,8111,,4.53,108,58.47,0.94,
2020-06-08,8121,,0.00,108,,1.62,
2020-06-08,8147,,0.00,108,,1.87,
2020-06-08,8155,,2.40,108,20.72,4.37,
2020-06-08,8171,,1.70,108,3.07,1.19,
2020-06-08,8176,,1.68,108,,0.92,
2020-06-08,8182,,3.33,108,21.28,1.12,
2020-06-08,8183,,2.51,108,14.13,1.13,
2020-06-08,8234,,3.40,108,16.91,1.28,
2020-06-08,8240,,5.11,108,10.83,0.67,
2020-06-08,8255,,4.97,108,28.02,1.85,
2020-06-08,8277,,0.00,108,,0.77,
2020-06-08,8279,,2.56,108,16.23,2.19,
2020-06-08,8284,,4.60,108,14.42,3.52,
2020-06-08,8289,,0.00,108,,0.63,
2020-06-08,8291,,0.00,108,,1.24,
2020-06-08,8299,,4.36,108,10.56,1.89,
2020-06-08,8342,,6.31,108,16.37,2.42,
2020-06-08,8349,,3.67,108,38.65,1.75,
2020-06-08,8354,,4.05,108,13.01,0.78,
2020-06-08,8358,,4.73,108,23.47,2.02,
2020-06-08,8383,,6.35,108,15.74,1.32,
2020-06-08,8390,,5.81,108,13.86,1.01,
2020-06-08,8401,,4.28,108,19.83,0.84,
2020-06-08,8403,,1.23,108,30.53,1.70,
2020-06-08,8406,,2.16,108,13.78,1.40,
2020-06-08,8409,,0.00,108,,1.76,
2020-06-08,8410,,3.05,108,15.87,1.23,
2020-06-08,8415,,5.19,108,35.53,1.64,
2020-06-08,8416,,5.65,108,12.65,3.13,
2020-06-08,8418,,0.00,108,,0.96,
2020-06-08,8420,,5.74,108,10.63,1.25,
2020-06-08,8421,,0.00,108,,0.94,
2020-06-08,8423,,5.85,108,14.25,1.13,
2020-06-08,8424,,7.38,108,12.13,1.80,
2020-06-08,8426,,0.00,108,51.67,0.87,
2020-06-08,8431,,0.00,108,,3.51,
2020-06-08,8432,,2.62,108,31.51,2.50,
2020-06-08,8433,,4.36,108,11.82,1.73,
2020-06-08,8435,,6.54,108,15.71,2.16,
2020-06-08,8436,,3.28,108,18.33,4.44,
2020-06-08,8437,,3.65,108,15.69,3.60,
2020-06-08,8440,,3.11,108,19.77,0.93,
2020-06-08,8444,,3.06,108,,1.83,
2020-06-08,8446,,7.93,108,11.09,4.93,
2020-06-08,8450,,0.00,108,,0.98,
2020-06-08,8455,,0.76,108,16.30,0.96,
2020-06-08,8472,,5.23,108,21.92,1.08,
2020-06-08,8476,,0.00,108,,2.95,
2020-06-08,8477,,3.03,108,24.43,2.43,
2020-06-08,8489,,2.42,108,29.86,3.47,
2020-06-08,8906,,1.35,108,67.50,1.38,
2020-06-08,8908,,4.26,108,20.70,3.29,
2020-06-08,8916,,6.99,108,11.23,1.28,
2020-06-08,8917,,3.33,108,18.29,3.41,
2020-06-08,8921,,4.51,108,27.14,0.73,
2020-06-08,8923,,5.63,108,20.97,1.05,
2020-06-08,8924,,9.22,108,8.13,1.49,
2020-06-08,8927,,1.31,108,108.93,1.34,
2020-06-08,8928,,6.71,108,11.33,1.77,
2020-06-08,8929,,1.75,108,,1.70,
2020-06-08,8930,,5.04,108,33.61,0.86,
2020-06-08,8931,,3.62,108,21.99,1.98,
2020-06-08,8932,,0.00,108,,0.97,
2020-06-08,8933,,0.00,108,,1.70,
2020-06-08,8934,,0.00,108,,1.18,
2020-06-08,8935,,0.00,108,20.07,0.88,
2020-06-08,8936,,1.33,108,28.36,0.98,
2020-06-08,8937,,1.32,108,,1.37,
2020-06-08,8938,,6.71,108,8.98,1.10,
2020-06-08,8941,,5.03,108,15.59,1.83,
2020-06-08,8942,,7.10,108,15.18,1.41,
2020-06-08,9949,,0.00,108,,1.23,
2020-06-08,9950,,0.00,108,,1.16,
2020-06-08,9951,,4.40,108,12.13,2.30,
2020-06-08,9960,,2.93,108,32.50,2.00,
2020-06-08,9962,,2.30,108,79.09,0.84,
