date,stock_id,close,yield_pct,dividend_year,per,pbr,fs_quarter
2022-02-16,1240,,4.81,110,13.37,1.60,
2022-02-16,1258,,0.00,110,68.64,1.59,
2022-02-16,1259,,4.40,110,30.59,1.10,
2022-02-16,1264,,4.41,110,19.32,4.33,
2022-02-16,1268,,6.31,110,2220.00,3.03,
2022-02-16,1336,,7.30,110,128.44,1.05,
2022-02-16,1565,,4.11,110,15.47,2.57,
2022-02-16,1569,,6.39,110,9.89,0.92,
2022-02-16,1570,,3.95,110,8.73,1.24,
2022-02-16,1580,,6.56,110,11.53,2.35,
2022-02-16,1584,,0.00,110,67.50,1.60,
2022-02-16,1586,,2.45,110,24.76,2.09,
2022-02-16,1591,,3.38,110,9.49,1.20,
2022-02-16,1593,,4.32,110,16.44,2.75,
2022-02-16,1595,,1.17,110,18.30,0.82,
2022-02-16,1599,,3.76,110,11.93,2.10,
2022-02-16,1742,,0.00,110,76.30,1.64,
2022-02-16,1777,,6.02,110,14.53,1.63,
2022-02-16,1781,,0.00,110,,1.75,
2022-02-16,1784,,0.48,110,54.65,1.69,
2022-02-16,1785,,2.36,110,25.07,2.56,
2022-02-16,1788,,4.62,110,17.28,2.64,
2022-02-16,1796,,0.19,110,39.56,2.50,
2022-02-16,1799,,0.00,110,,2.78,
2022-02-16,1813,,0.00,110,163.18,1.00,
2022-02-16,1815,,0.00,110,18.01,0.95,
2022-02-16,2035,,0.00,110,12.66,2.37,
2022-02-16,2061,,0.00,110,9.91,1.77,
2022-02-16,2063,,5.55,110,10.54,2.06,
2022-02-16,2064,,2.65,110,12.01,1.13,
2022-02-16,2065,,6.20,110,10.17,1.62,
2022-02-16,2066,,2.85,110,13.85,1.84,
2022-02-16,2067,,0.00,110,725.00,1.55,
2022-02-16,2070,,2.71,110,19.60,1.63,
2022-02-16,2221,,2.72,110,11.33,1.80,
2022-02-16,2230,,1.38,110,,1.31,
2022-02-16,2235,,4.96,110,26.69,1.17,
2022-02-16,2596,,5.43,110,8.44,1.08,
2022-02-16,2640,,5.33,110,21.26,3.19,
2022-02-16,2641,,0.00,110,19.80,1.72,
2022-02-16,2643,,5.55,110,8.56,2.14,
2022-02-16,2718,,0.00,110,,2.06,
2022-02-16,2719,,0.00,110,,8.60,
2022-02-16,2724,,0.00,110,,5.73,
2022-02-16,2726,,1.82,110,182.67,1.71,
2022-02-16,2729,,6.55,110,26.56,2.65,
2022-02-16,2732,,3.07,110,40.04,2.67,
2022-02-16,2734,,0.00,110,,4.60,
2022-02-16,2736,,1.28,110,,0.69,
2022-02-16,2740,,0.00,110,,14.83,
2022-02-16,2743,,0.00,110,,1.80,
2022-02-16,2745,,0.00,110,,2.19,
2022-02-16,2752,,6.08,110,27.51,4.32,
2022-02-16,2754,,0.67,110,,2.87,
2022-02-16,2755,,3.51,110,17.89,2.08,
2022-02-16,2756,,1.92,110,17.05,6.56,
2022-02-16,2916,,6.52,110,11.44,1.41,
2022-02-16,2924,,0.00,110,,2.02,
2022-02-16,2926,,1.40,110,,3.38,
2022-02-16,2937,,6.49,110,12.93,1.76,
2022-02-16,2947,,2.48,110,21.90,4.62,
2022-02-16,3064,,0.00,110,,5.99,
2022-02-16,3066,,0.00,110,32.04,3.99,
2022-02-16,3067,,0.00,110,,5.42,
2022-02-16,3071,,5.51,110,17.16,2.30,
2022-02-16,3073,,0.00,110,,2.21,
2022-02-16,3078,,8.07,110,7.84,1.67,
2022-02-16,3081,,1.83,110,51.62,4.10,
2022-02-16,3083,,0.00,110,,3.89,
2022-02-16,3085,,0.00,110,,6.04,
2022-02-16,3086,,0.00,110,27.92,9.04,
2022-02-16,3088,,3.79,110,15.54,2.06,
2022-02-16,3089,,0.00,110,,5.27,
2022-02-16,3093,,4.79,110,12.51,3.32,
2022-02-16,3095,,0.00,110,,4.97,
2022-02-16,3105,,3.16,110,26.92,4.09,
2022-02-16,3114,,4.52,110,11.06,1.38,
2022-02-16,3115,,0.00,110,,2.29,
2022-02-16,3118,,5.46,110,12.91,1.79,
2022-02-16,3122,,4.08,110,15.95,3.71,
2022-02-16,3128,,2.63,110,31.19,1.53,
2022-02-16,3131,,3.29,110,18.06,3.30,
2022-02-16,3141,,0.32,110,29.35,7.47,
2022-02-16,3147,,4.44,110,9.16,1.81,
2022-02-16,3152,,3.62,110,17.67,5.54,
2022-02-16,3162,,0.00,110,62.60,2.77,
2022-02-16,3163,,6.35,110,58.73,1.69,
2022-02-16,3169,,1.14,110,42.70,8.93,
2022-02-16,3171,,9.00,110,12.76,1.42,
2022-02-16,3176,,0.00,110,,3.49,
2022-02-16,3178,,1.75,110,37.49,3.20,
2022-02-16,3188,,1.78,110,8.87,1.19,
2022-02-16,3191,,0.00,110,,4.77,
2022-02-16,3202,,0.00,110,,1.98,
2022-02-16,3205,,0.00,110,,1.60,
2022-02-16,3206,,6.62,110,11.57,1.56,
2022-02-16,3207,,0.00,110,57.56,2.03,
2022-02-16,3211,,6.44,110,16.32,2.15,
2022-02-16,3213,,7.28,110,4.85,1.77,
2022-02-16,3217,,4.83,110,16.04,2.96,
2022-02-16,3218,,1.46,110,40.74,10.96,
2022-02-16,3219,,0.00,110,22.90,7.54,
2022-02-16,3221,,0.59,110,32.24,1.81,
2022-02-16,3224,,0.00,110,,2.79,
2022-02-16,3226,,5.47,110,16.24,3.35,
2022-02-16,3227,,6.08,110,10.50,2.01,
2022-02-16,3228,,0.00,110,121.43,45.10,
2022-02-16,3230,,0.00,110,87.00,1.32,
2022-02-16,3232,,1.05,110,36.14,2.18,
2022-02-16,3234,,0.00,110,,2.37,
2022-02-16,3236,,2.62,110,28.84,1.79,
2022-02-16,3252,,0.00,110,,0.43,
2022-02-16,3259,,0.00,110,,4.62,
2022-02-16,3260,,3.50,110,9.49,1.99,
2022-02-16,3264,,3.87,110,10.36,1.84,
2022-02-16,3265,,3.85,110,11.90,0.91,
2022-02-16,3268,,1.89,110,13.05,1.98,
2022-02-16,3272,,4.75,110,39.89,1.13,
2022-02-16,3276,,0.00,110,14.51,1.72,
2022-02-16,3284,,0.00,110,,1.18,
2022-02-16,3285,,1.66,110,81.15,1.51,
2022-02-16,3287,,0.00,110,19.70,1.47,
2022-02-16,3288,,0.00,110,,3.03,
2022-02-16,3289,,6.24,110,24.85,1.24,
2022-02-16,3290,,0.80,110,104.17,1.79,
2022-02-16,3293,,5.87,110,11.30,7.03,
2022-02-16,3294,,1.93,110,35.97,1.47,
2022-02-16,3297,,0.00,110,,1.09,
2022-02-16,3303,,4.77,110,35.79,1.62,
2022-02-16,3306,,1.74,110,35.56,0.96,
2022-02-16,3310,,3.94,110,25.00,1.58,
2022-02-16,3313,,0.00,110,,1.25,
2022-02-16,3317,,1.39,110,14.09,1.98,
2022-02-16,3322,,0.00,110,57.88,2.34,
2022-02-16,3323,,6.20,110,11.50,1.32,
2022-02-16,3324,,2.31,110,20.60,4.81,
2022-02-16,3325,,14.45,110,,1.52,
2022-02-16,3332,,2.47,110,19.45,1.43,
2022-02-16,3339,,0.00,110,26.98,2.02,
2022-02-16,3354,,1.77,110,,1.13,
2022-02-16,3357,,3.36,110,11.44,2.13,
2022-02-16,3360,,6.43,110,28.27,1.09,
2022-02-16,3362,,0.00,110,,4.53,
2022-02-16,3363,,3.33,110,20.58,1.52,
2022-02-16,3372,,0.00,110,10.13,1.69,
2022-02-16,3373,,27.93,110,7.72,1.48,
2022-02-16,3374,,2.26,110,19.22,5.81,
2022-02-16,3379,,2.47,110,,1.07,
2022-02-16,3388,,5.09,110,11.36,1.53,
2022-02-16,3390,,0.95,110,,1.34,
2022-02-16,3402,,5.19,110,13.10,2.52,
2022-02-16,3426,,5.18,110,17.71,1.60,
2022-02-16,3434,,0.00,110,35.58,1.68,
2022-02-16,3438,,1.98,110,15.15,2.40,
2022-02-16,3441,,1.39,110,132.96,2.21,
2022-02-16,3444,,3.25,110,18.19,2.83,
2022-02-16,3455,,3.86,110,15.73,2.76,
2022-02-16,3465,,0.00,110,13.34,8.97,
2022-02-16,3466,,0.00,110,,0.99,
2022-02-16,3479,,4.46,110,26.24,1.82,
2022-02-16,3483,,2.99,110,22.29,2.19,
2022-02-16,3484,,3.84,110,9.44,2.64,
2022-02-16,3489,,2.68,110,24.89,0.71,
2022-02-16,3490,,2.37,110,14.90,1.35,
2022-02-16,3491,,1.56,110,50.47,5.26,
2022-02-16,3492,,1.39,110,28.45,1.33,
2022-02-16,3498,,0.00,110,,0.84,
2022-02-16,3499,,0.00,110,,2.27,
2022-02-16,3508,,0.00,110,,4.60,
2022-02-16,3511,,1.29,110,31.84,2.03,
2022-02-16,3512,,6.06,110,8.19,1.69,
2022-02-16,3516,,1.16,110,1725.00,0.69,
2022-02-16,3520,,0.00,110,,1.72,
2022-02-16,3521,,0.00,110,,1.53,
2022-02-16,3522,,0.00,110,,1.39,
2022-02-16,3523,,0.00,110,,1.66,
2022-02-16,3526,,4.61,110,18.84,5.04,
2022-02-16,3527,,1.04,110,18.55,3.27,
2022-02-16,3529,,0.50,110,136.71,62.16,
2022-02-16,3531,,4.57,110,21.06,0.80,
2022-02-16,3537,,5.90,110,12.42,2.26,
2022-02-16,3540,,11.35,110,9.22,1.69,
2022-02-16,3541,,3.10,110,23.81,3.08,
2022-02-16,3546,,6.09,110,12.94,2.98,
2022-02-16,3548,,3.19,110,30.12,1.19,
2022-02-16,3551,,3.02,110,10.00,1.31,
2022-02-16,3552,,0.96,110,24.53,3.70,
2022-02-16,3555,,0.00,110,13.83,2.82,
2022-02-16,3556,,3.93,110,15.66,4.35,
2022-02-16,3558,,3.20,110,14.72,2.02,
2022-02-16,3564,,2.20,110,30.33,1.42,
2022-02-16,3567,,5.56,110,12.40,2.18,
2022-02-16,3570,,6.33,110,10.39,1.97,
2022-02-16,3577,,0.91,110,31.47,3.84,
2022-02-16,3580,,2.13,110,28.82,3.27,
2022-02-16,3581,,3.40,110,12.19,1.68,
2022-02-16,3587,,3.05,110,17.52,3.00,
2022-02-16,3594,,0.85,110,1132.50,1.08,
2022-02-16,3597,,4.26,110,15.93,1.89,
2022-02-16,3609,,2.64,110,,3.94,
2022-02-16,3611,,4.78,110,10.39,2.38,
2022-02-16,3615,,0.00,110,24.73,0.73,
2022-02-16,3623,,0.00,110,,1.37,
2022-02-16,3624,,0.99,110,25.30,3.36,
2022-02-16,3625,,0.00,110,,2.07,
2022-02-16,3628,,2.15,110,56.71,1.46,
2022-02-16,3629,,0.00,110,,5.46,
2022-02-16,3630,,0.00,110,,1.76,
2022-02-16,3631,,0.00,110,,2.69,
2022-02-16,3632,,0.00,110,,4.85,
2022-02-16,3642,,0.00,110,,1.96,
2022-02-16,3646,,3.36,110,15.11,2.20,
2022-02-16,3652,,0.74,110,12.94,0.86,
2022-02-16,3663,,2.68,110,36.79,1.91,
2022-02-16,3664,,0.00,110,,1.03,
2022-02-16,3666,,6.02,110,27.94,1.32,
2022-02-16,3672,,0.66,110,62.30,3.00,
2022-02-16,3675,,0.73,110,50.09,10.64,
2022-02-16,3680,,1.82,110,211.51,5.34,
2022-02-16,3684,,2.52,110,21.91,2.70,
2022-02-16,3685,,0.60,110,475.00,2.89,
2022-02-16,3687,,0.37,110,73.09,7.06,
2022-02-16,3689,,2.59,110,19.57,1.32,
2022-02-16,3691,,0.97,110,,2.07,
2022-02-16,3693,,1.30,110,32.93,1.27,
2022-02-16,3707,,0.30,110,5800.00,9.86,
2022-02-16,3709,,4.11,110,8.88,1.77,
2022-02-16,3710,,0.00,110,,1.48,
2022-02-16,3713,,0.00,110,63.33,4.58,
2022-02-16,4102,,0.50,110,73.70,1.64,
2022-02-16,4105,,5.79,110,22.88,3.55,
2022-02-16,4107,,3.69,110,16.67,2.81,
2022-02-16,4109,,0.00,110,,1.31,
2022-02-16,4111,,4.28,110,24.07,1.25,
2022-02-16,4113,,2.07,110,60.42,0.89,
2022-02-16,4114,,6.17,110,26.63,1.59,
2022-02-16,4116,,2.86,110,32.41,1.52,
2022-02-16,4120,,4.35,110,,1.08,
2022-02-16,4121,,5.65,110,11.98,1.17,
2022-02-16,4123,,4.09,110,7.90,1.57,
2022-02-16,4126,,5.71,110,12.52,2.01,
2022-02-16,4127,,0.00,110,83.44,1.57,
2022-02-16,4128,,1.47,110,,2.65,
2022-02-16,4129,,2.78,110,31.86,0.98,
2022-02-16,4130,,2.44,110,,1.95,
2022-02-16,4131,,0.00,110,,2.58,
2022-02-16,4138,,6.40,110,14.51,1.31,
2022-02-16,4139,,3.86,110,32.60,4.21,
2022-02-16,4147,,0.00,110,,5.62,
2022-02-16,4153,,1.03,110,93.15,1.49,
2022-02-16,4154,,0.00,110,,4.46,
2022-02-16,4157,,0.00,110,14.22,7.99,
2022-02-16,4160,,0.00,110,2485.00,1.84,
2022-02-16,4161,,1.11,110,1350.00,1.78,
2022-02-16,4162,,3.74,110,11.87,2.54,
2022-02-16,4163,,4.12,110,21.49,2.20,
2022-02-16,4167,,3.77,110,43.05,1.67,
2022-02-16,4168,,0.00,110,,1.98,
2022-02-16,4171,,3.94,110,9.78,4.01,
2022-02-16,4173,,3.18,110,35.92,0.74,
2022-02-16,4174,,0.00,110,,7.40,
2022-02-16,4175,,4.01,110,27.59,1.95,
2022-02-16,4183,,6.56,110,65.36,1.53,
2022-02-16,4188,,0.00,110,,2.00,
2022-02-16,4192,,0.00,110,,6.81,
2022-02-16,4198,,0.00,110,,7.06,
2022-02-16,4205,,2.33,110,36.51,6.71,
2022-02-16,4207,,4.64,110,15.22,1.21,
2022-02-16,4303,,1.21,110,18.27,1.84,
2022-02-16,4304,,0.00,110,,5.81,
2022-02-16,4305,,5.66,110,16.06,1.76,
2022-02-16,4401,,2.90,110,14.02,1.59,
2022-02-16,4402,,0.00,110,,1.09,
2022-02-16,4406,,0.00,110,36.38,0.96,
2022-02-16,4413,,0.00,110,,1.19,
2022-02-16,4416,,0.00,110,6.61,2.79,
2022-02-16,4417,,7.13,110,10.62,1.22,
2022-02-16,4419,,0.00,110,19.12,3.31,
2022-02-16,4420,,9.20,110,15.02,1.07,
2022-02-16,4429,,0.00,110,43.70,1.77,
2022-02-16,4430,,2.07,110,13.85,0.67,
2022-02-16,4432,,0.00,110,,0.75,
2022-02-16,4433,,6.40,110,74.40,1.14,
2022-02-16,4502,,0.00,110,,4.27,
2022-02-16,4503,,0.00,110,,2.73,
2022-02-16,4506,,4.55,110,15.77,2.60,
2022-02-16,4510,,0.00,110,,0.65,
2022-02-16,4513,,0.00,110,76.25,1.79,
2022-02-16,4523,,0.00,110,,2.00,
2022-02-16,4527,,7.31,110,12.26,1.52,
2022-02-16,4528,,4.39,110,13.10,1.50,
2022-02-16,4529,,0.00,110,,1.03,
2022-02-16,4530,,0.00,110,,1.62,
2022-02-16,4533,,1.68,110,35.00,0.80,
2022-02-16,4534,,0.00,110,21.13,1.34,
2022-02-16,4535,,2.01,110,14.01,1.15,
2022-02-16,4538,,3.60,110,27.75,1.65,
2022-02-16,4541,,0.82,110,,1.03,
2022-02-16,4542,,3.55,110,117.29,1.49,
2022-02-16,4543,,0.00,110,31.42,0.70,
2022-02-16,4549,,4.84,110,14.98,2.81,
2022-02-16,4550,,7.30,110,12.37,1.10,
2022-02-16,4554,,0.43,110,22.50,1.67,
2022-02-16,4556,,1.45,110,,1.66,
2022-02-16,4561,,3.14,110,10.11,1.58,
2022-02-16,4563,,0.00,110,,1.46,
2022-02-16,4568,,5.87,110,14.90,1.93,
2022-02-16,4580,,5.23,110,13.22,2.36,
2022-02-16,4609,,0.00,110,,2.39,
2022-02-16,4702,,0.00,110,12.41,1.03,
2022-02-16,4706,,4.19,110,13.94,1.01,
2022-02-16,4707,,7.81,110,12.43,0.67,
2022-02-16,4711,,4.36,110,12.32,0.99,
2022-02-16,4712,,0.00,110,,6.42,
2022-02-16,4714,,3.04,110,47.33,1.19,
2022-02-16,4716,,1.64,110,6.31,1.04,
2022-02-16,4721,,0.98,110,38.27,8.33,
2022-02-16,4726,,0.00,110,,3.16,
2022-02-16,4728,,1.72,110,25.16,6.83,
2022-02-16,4729,,0.00,110,,1.44,
2022-02-16,4735,,16.04,110,4.35,2.21,
2022-02-16,4736,,6.03,110,8.91,2.48,
2022-02-16,4741,,2.24,110,20.74,1.00,
2022-02-16,4743,,0.00,110,,7.63,
2022-02-16,4744,,3.80,110,21.50,1.64,
2022-02-16,4745,,4.15,110,23.88,0.89,
2022-02-16,4747,,5.55,110,20.84,1.23,
2022-02-16,4754,,5.43,110,16.17,2.50,
2022-02-16,4760,,3.62,110,13.58,3.34,
2022-02-16,4767,,3.90,110,11.54,1.21,
2022-02-16,4804,,0.00,110,91.13,0.67,
2022-02-16,4806,,0.00,110,,2.20,
2022-02-16,4903,,0.00,110,,1.83,
2022-02-16,4905,,1.88,110,17.48,0.61,
2022-02-16,4907,,4.87,110,16.88,1.58,
2022-02-16,4908,,3.79,110,21.48,1.49,
2022-02-16,4909,,1.54,110,,0.76,
2022-02-16,4911,,0.00,110,,2.29,
2022-02-16,4924,,0.00,110,23.48,1.82,
2022-02-16,4931,,3.28,110,,1.91,
2022-02-16,4933,,5.76,110,10.15,0.95,
2022-02-16,4939,,5.00,110,12.20,1.57,
2022-02-16,4944,,0.00,110,,6.12,
2022-02-16,4945,,1.77,110,31.21,4.21,
2022-02-16,4946,,0.00,110,73.37,5.96,
2022-02-16,4950,,0.00,110,,2.99,
2022-02-16,4953,,5.64,110,13.52,2.50,
2022-02-16,4966,,1.05,110,35.33,10.77,
2022-02-16,4971,,1.55,110,21.18,1.66,
2022-02-16,4972,,7.41,110,14.86,1.15,
2022-02-16,4973,,4.12,110,27.00,0.76,
2022-02-16,4974,,6.32,110,9.52,1.56,
2022-02-16,4979,,0.00,110,,1.69,
2022-02-16,4987,,6.38,110,12.36,1.69,
2022-02-16,4991,,0.00,110,,1.26,
2022-02-16,4995,,4.53,110,23.63,2.09,
2022-02-16,5009,,1.80,110,16.86,1.12,
2022-02-16,5011,,0.00,110,48.10,1.99,
2022-02-16,5013,,1.37,110,9.30,1.57,
2022-02-16,5014,,0.00,110,6.80,1.33,
2022-02-16,5015,,4.86,110,11.64,2.07,
2022-02-16,5016,,5.28,110,8.23,1.28,
2022-02-16,5102,,3.39,110,19.12,1.27,
2022-02-16,5201,,10.29,110,15.72,2.28,
2022-02-16,5202,,0.00,110,56.41,1.70,
2022-02-16,5205,,0.00,110,,9.40,
2022-02-16,5206,,8.47,110,9.36,0.80,
2022-02-16,5209,,5.70,110,11.50,3.41,
2022-02-16,5210,,0.00,110,,1.96,
2022-02-16,5211,,0.00,110,11.52,1.06,
2022-02-16,5212,,5.94,110,16.72,3.72,
2022-02-16,5213,,8.73,110,9.40,1.04,
2022-02-16,5220,,8.13,110,10.57,1.85,
2022-02-16,5223,,6.29,110,9.71,1.30,
2022-02-16,5227,,0.00,110,,8.23,
2022-02-16,5230,,2.05,110,32.14,1.21,
2022-02-16,5236,,6.02,110,11.96,3.26,
2022-02-16,5245,,1.22,110,21.52,3.12,
2022-02-16,5251,,0.00,110,,1.18,
2022-02-16,5263,,0.00,110,,2.57,
2022-02-16,5272,,0.00,110,64.38,1.91,
2022-02-16,5274,,0.86,110,92.56,33.29,
2022-02-16,5276,,0.00,110,18.72,1.17,
2022-02-16,5278,,4.18,110,16.48,8.99,
2022-02-16,5281,,3.63,110,,0.98,
2022-02-16,5287,,5.99,110,17.14,5.56,
2022-02-16,5289,,3.40,110,11.26,2.87,
2022-02-16,5291,,2.69,110,10.82,1.71,
2022-02-16,5299,,3.40,110,11.92,4.60,
2022-02-16,5301,,0.00,110,,1.44,
2022-02-16,5302,,0.00,110,,1.30,
2022-02-16,5306,,3.65,109,12.84,3.97,
2022-02-16,5309,,0.00,110,182.83,5.72,
2022-02-16,5310,,0.00,110,,4.07,
2022-02-16,5312,,6.53,110,13.15,1.48,
2022-02-16,5314,,0.00,110,,2.08,
2022-02-16,5315,,4.60,110,11.67,1.24,
2022-02-16,5321,,0.00,110,80.90,10.27,
2022-02-16,5324,,0.00,110,,1.24,
2022-02-16,5328,,0.00,110,53.08,1.35,
2022-02-16,5340,,0.00,110,125.34,3.90,
2022-02-16,5344,,0.00,110,32.74,4.04,
2022-02-16,5345,,0.00,110,,3.15,
2022-02-16,5347,,3.47,110,17.96,6.03,
2022-02-16,5348,,0.00,110,,1.71,
2022-02-16,5351,,0.00,110,39.95,5.99,
2022-02-16,5353,,4.02,110,23.76,1.41,
2022-02-16,5355,,0.00,110,,0.87,
2022-02-16,5356,,8.07,110,35.39,0.65,
2022-02-16,5364,,0.00,110,,1.91,
2022-02-16,5371,,5.41,110,14.43,1.30,
2022-02-16,5381,,0.00,110,208.00,1.66,
2022-02-16,5383,,0.00,110,,5.45,
2022-02-16,5386,,1.72,110,23.42,2.83,
2022-02-16,5392,,1.19,110,61.95,0.83,
2022-02-16,5398,,1.25,110,32.79,1.71,
2022-02-16,5403,,5.85,110,11.59,2.84,
2022-02-16,5410,,6.53,110,12.27,1.83,
2022-02-16,5425,,2.02,110,24.33,2.75,
2022-02-16,5426,,0.00,110,,0.86,
2022-02-16,5432,,0.00,110,,2.15,
2022-02-16,5438,,0.67,110,22.06,0.74,
2022-02-16,5439,,4.38,110,13.60,2.35,
2022-02-16,5443,,3.05,110,16.48,2.27,
2022-02-16,5450,,0.00,110,17.17,1.89,
2022-02-16,5452,,2.65,110,13.90,1.69,
2022-02-16,5455,,0.00,110,,3.66,
2022-02-16,5457,,2.84,110,14.69,3.64,
2022-02-16,5460,,0.80,110,249.00,0.98,
2022-02-16,5464,,0.00,110,4.97,1.28,
2022-02-16,5465,,7.12,110,13.69,1.14,
2022-02-16,5468,,0.00,110,,3.34,
2022-02-16,5474,,9.09,110,9.60,2.84,
2022-02-16,5475,,0.00,110,8.83,3.67,
2022-02-16,5478,,6.41,110,14.27,1.84,
2022-02-16,5481,,4.55,110,8.41,0.67,
2022-02-16,5483,,4.68,110,15.75,3.90,
2022-02-16,5487,,3.25,110,17.54,1.39,
2022-02-16,5488,,0.00,110,110.00,0.95,
2022-02-16,5489,,2.91,110,100.29,1.73,
2022-02-16,5490,,7.35,110,22.48,1.65,
2022-02-16,5493,,4.44,110,11.76,1.40,
2022-02-16,5498,,4.33,110,35.51,1.36,
2022-02-16,5508,,4.75,110,10.32,2.97,
2022-02-16,5511,,6.54,110,7.22,0.79,
2022-02-16,5512,,3.55,110,103.33,0.52,
2022-02-16,5514,,5.73,110,,1.50,
2022-02-16,5516,,6.56,110,4.46,0.88,
2022-02-16,5520,,6.01,110,10.55,1.79,
2022-02-16,5523,,1.76,110,4.69,1.68,
2022-02-16,5529,,0.00,110,,2.15,
2022-02-16,5530,,2.75,110,13.21,0.92,
2022-02-16,5536,,5.36,110,11.53,2.44,
2022-02-16,5543,,1.61,110,23.60,2.89,
2022-02-16,5601,,0.72,110,139.60,1.66,
2022-02-16,5603,,4.15,110,3.13,1.33,
2022-02-16,5604,,7.51,110,12.51,3.09,
2022-02-16,5609,,5.88,110,8.25,4.01,
2022-02-16,5701,,0.00,110,,1.66,
2022-02-16,5703,,0.00,110,,3.35,
2022-02-16,5704,,7.45,110,20.81,2.39,
2022-02-16,5820,,4.44,110,11.70,0.90,
2022-02-16,5864,,7.04,110,5.72,0.93,
2022-02-16,5878,,6.79,110,15.70,2.18,
2022-02-16,5902,,0.00,110,15.03,2.24,
2022-02-16,5903,,3.11,110,36.81,9.18,
2022-02-16,5904,,4.59,110,22.24,9.12,
2022-02-16,5905,,1.37,110,,1.24,
2022-02-16,6015,,3.14,110,3.88,1.03,
2022-02-16,6016,,8.91,110,6.78,0.98,
2022-02-16,6020,,3.20,110,7.82,1.23,
2022-02-16,6021,,0.00,110,20.09,1.21,
2022-02-16,6023,,5.53,110,15.67,1.22,
2022-02-16,6026,,3.44,110,5.56,1.32,
2022-02-16,6101,,0.00,110,,2.22,
2022-02-16,6103,,0.00,110,,5.45,
2022-02-16,6104,,1.22,110,55.80,13.41,
2022-02-16,6109,,0.00,110,,1.11,
2022-02-16,6111,,0.69,110,673.08,6.53,
2022-02-16,6113,,0.00,110,20.00,1.42,
2022-02-16,6114,,3.04,110,19.49,0.82,
2022-02-16,6118,,0.00,110,44.21,2.97,
2022-02-16,6121,,5.93,110,9.15,1.91,
2022-02-16,6122,,2.39,110,33.92,0.78,
2022-02-16,6123,,7.53,110,11.00,3.11,
2022-02-16,6124,,0.00,110,20.08,1.37,
2022-02-16,6125,,5.80,110,,1.88,
2022-02-16,6126,,5.23,110,13.93,2.21,
2022-02-16,6127,,0.00,110,107.59,2.76,
2022-02-16,6129,,0.00,110,74.80,3.79,
2022-02-16,6130,,0.00,110,136.14,4.67,
2022-02-16,6134,,0.00,110,,2.36,
2022-02-16,6138,,2.08,110,23.27,6.94,
2022-02-16,6140,,0.00,110,150.00,1.34,
2022-02-16,6143,,3.79,110,17.60,2.17,
2022-02-16,6144,,0.00,110,,1.54,
2022-02-16,6146,,3.39,110,19.71,4.79,
2022-02-16,6147,,5.59,110,8.35,1.31,
2022-02-16,6148,,5.71,110,26.79,1.25,
2022-02-16,6150,,0.31,110,10.79,4.76,
2022-02-16,6151,,4.90,110,9.84,1.95,
2022-02-16,6154,,3.21,110,11.21,1.08,
2022-02-16,6156,,2.24,110,18.63,1.40,
2022-02-16,6158,,1.10,110,13.59,2.46,
2022-02-16,6160,,0.00,110,29.46,1.46,
2022-02-16,6161,,4.55,110,12.44,2.01,
2022-02-16,6163,,0.00,110,8.94,1.11,
2022-02-16,6167,,0.00,110,47.74,1.57,
2022-02-16,6169,,0.00,110,,3.57,
2022-02-16,6170,,3.71,110,26.96,2.67,
2022-02-16,6171,,8.61,110,4.60,1.54,
2022-02-16,6173,,3.47,110,9.28,1.66,
2022-02-16,6174,,0.00,110,27.16,2.29,
2022-02-16,6175,,2.30,110,14.37,2.44,
2022-02-16,6179,,6.36,110,12.85,1.49,
2022-02-16,6180,,5.97,110,12.07,2.28,
2022-02-16,6182,,1.41,110,50.71,4.11,
2022-02-16,6185,,1.47,110,,0.98,
2022-02-16,6186,,6.69,110,5.44,1.18,
2022-02-16,6187,,2.22,110,21.63,4.99,
2022-02-16,6188,,2.12,110,15.10,1.71,
2022-02-16,6190,,2.67,110,25.30,3.07,
2022-02-16,6194,,6.01,110,27.72,0.86,
2022-02-16,6195,,7.23,110,9.93,2.16,
2022-02-16,6198,,0.00,110,177.25,1.66,
2022-02-16,6199,,0.00,110,15.60,1.36,
2022-02-16,6203,,6.98,110,6.94,2.31,
2022-02-16,6204,,14.37,110,5.55,3.54,
2022-02-16,6207,,4.04,110,15.14,2.13,
2022-02-16,6208,,3.63,110,16.17,2.52,
2022-02-16,6210,,7.30,110,13.34,1.71,
2022-02-16,6212,,5.08,110,10.83,2.46,
2022-02-16,6217,,1.89,110,23.22,2.23,
2022-02-16,6218,,4.37,110,26.94,1.49,
2022-02-16,6219,,10.84,110,21.21,1.76,
2022-02-16,6220,,4.19,110,20.04,1.23,
2022-02-16,6221,,8.16,110,12.73,1.72,
2022-02-16,6222,,0.00,110,244.17,1.95,
2022-02-16,6223,,4.03,110,17.40,1.79,
2022-02-16,6227,,4.10,110,8.38,1.46,
2022-02-16,6228,,0.00,110,,4.89,
2022-02-16,6229,,2.70,110,10.05,2.02,
2022-02-16,6231,,3.85,110,23.21,4.61,
2022-02-16,6233,,0.00,110,48.83,2.60,
2022-02-16,6234,,2.95,110,16.41,0.80,
2022-02-16,6236,,0.00,110,,5.59,
2022-02-16,6237,,1.22,110,11.58,3.16,
2022-02-16,6240,,0.00,110,10.48,1.11,
2022-02-16,6241,,0.00,110,,2.90,
2022-02-16,6242,,7.12,110,14.24,1.84,
2022-02-16,6244,,0.64,110,448.57,3.49,
2022-02-16,6245,,6.26,110,13.54,1.89,
2022-02-16,6246,,0.00,110,14.82,1.53,
2022-02-16,6247,,0.00,110,,1.38,
2022-02-16,6248,,4.89,110,17.63,1.59,
2022-02-16,6259,,0.00,110,68.08,2.61,
2022-02-16,6261,,4.75,110,11.17,1.68,
2022-02-16,6263,,5.41,110,14.89,3.53,
2022-02-16,6264,,0.00,110,100.78,1.14,
2022-02-16,6265,,0.00,110,23.46,1.31,
2022-02-16,6266,,5.23,110,20.31,1.71,
2022-02-16,6270,,4.91,110,11.32,1.27,
2022-02-16,6274,,5.21,110,13.77,2.20,
2022-02-16,6275,,3.99,110,13.38,2.24,
2022-02-16,6276,,13.89,110,8.67,1.81,
2022-02-16,6279,,3.17,110,14.65,2.65,
2022-02-16,6284,,1.60,110,17.20,1.66,
2022-02-16,6287,,0.00,110,114.50,33.68,
2022-02-16,6290,,6.81,110,12.79,1.79,
2022-02-16,6291,,0.00,110,86.04,7.11,
2022-02-16,6292,,5.95,110,9.52,2.13,
2022-02-16,6294,,7.60,110,10.57,4.68,
2022-02-16,6404,,0.00,110,,16.53,
2022-02-16,6411,,2.64,110,22.28,4.68,
2022-02-16,6417,,1.62,110,34.51,2.68,
2022-02-16,6418,,0.98,110,,1.56,
2022-02-16,6419,,0.00,110,7.26,1.70,
2022-02-16,6425,,1.85,110,,1.28,
2022-02-16,6432,,4.06,110,13.16,1.54,
2022-02-16,6435,,3.26,110,13.68,4.24,
2022-02-16,6441,,2.16,110,,2.03,
2022-02-16,6446,,0.00,110,,36.68,
2022-02-16,6457,,3.93,110,13.22,6.21,
2022-02-16,6461,,0.00,110,,1.72,
2022-02-16,6462,,13.27,110,,1.23,
2022-02-16,6465,,0.00,110,,2.78,
2022-02-16,6469,,1.76,110,44.37,8.81,
2022-02-16,6470,,7.87,110,13.51,2.09,
2022-02-16,6472,,2.48,110,11.65,4.08,
2022-02-16,6482,,0.00,110,187.40,3.39,
2022-02-16,6485,,0.32,110,17.98,4.59,
2022-02-16,6486,,8.23,110,10.61,2.48,
2022-02-16,6488,,2.49,110,23.94,6.63,
2022-02-16,6492,,0.00,110,,4.18,
2022-02-16,6494,,2.34,110,11.19,4.76,
2022-02-16,6496,,0.00,110,,1.08,
2022-02-16,6499,,1.20,110,2.81,1.44,
2022-02-16,6506,,4.26,110,24.42,1.28,
2022-02-16,6508,,4.59,110,10.00,1.23,
2022-02-16,6509,,1.59,110,27.30,3.61,
2022-02-16,6510,,2.17,110,23.05,2.72,
2022-02-16,6512,,0.00,110,,1.22,
2022-02-16,6514,,5.57,110,22.84,3.06,
2022-02-16,6516,,1.21,110,67.61,4.01,
2022-02-16,6523,,4.12,110,5.91,2.61,
2022-02-16,6527,,3.01,110,16.15,1.60,
2022-02-16,6530,,4.54,110,21.62,1.69,
2022-02-16,6532,,4.15,110,24.00,2.19,
2022-02-16,6535,,0.00,110,17.44,2.80,
2022-02-16,6538,,7.37,110,18.41,2.18,
2022-02-16,6542,,0.00,110,,3.99,
2022-02-16,6547,,0.00,110,352.70,15.51,
2022-02-16,6548,,1.21,110,30.93,5.90,
2022-02-16,6556,,2.95,110,19.54,1.80,
2022-02-16,6560,,6.43,110,6.65,2.66,
2022-02-16,6561,,3.33,110,28.09,6.44,
2022-02-16,6568,,3.37,110,32.86,4.42,
2022-02-16,6569,,6.07,110,26.55,3.41,
2022-02-16,6570,,2.30,110,17.68,2.50,
2022-02-16,6574,,2.58,110,113.83,1.92,
2022-02-16,6576,,0.00,110,,9.32,
2022-02-16,6577,,7.59,110,16.48,2.47,
2022-02-16,6578,,7.32,110,,0.84,
2022-02-16,6588,,3.41,110,43.14,1.44,
2022-02-16,6589,,0.00,110,,4.71,
2022-02-16,6590,,5.38,110,14.41,3.10,
2022-02-16,6593,,1.37,110,24.08,1.57,
2022-02-16,6594,,3.78,110,50.96,1.88,
2022-02-16,6596,,9.04,110,27.36,2.58,
2022-02-16,6603,,0.56,110,22.95,1.27,
2022-02-16,6609,,2.52,110,16.45,1.07,
2022-02-16,6612,,0.14,110,77.20,3.45,
2022-02-16,6613,,4.86,110,12.95,2.34,
2022-02-16,6615,,2.91,110,19.34,1.80,
2022-02-16,6616,,10.99,110,72.80,1.56,
2022-02-16,6624,,0.00,110,,2.60,
2022-02-16,6629,,7.51,110,10.00,2.50,
2022-02-16,6640,,2.97,110,30.15,3.13,
2022-02-16,6642,,2.57,110,19.50,2.63,
2022-02-16,6643,,2.19,110,46.68,7.87,
2022-02-16,6649,,0.00,110,,1.81,
2022-02-16,6651,,2.91,110,14.47,3.78,
2022-02-16,6654,,1.80,110,14.78,3.01,
2022-02-16,6661,,4.77,110,56.34,1.81,
2022-02-16,6662,,6.60,110,14.93,1.77,
2022-02-16,6664,,5.29,110,14.54,2.37,
2022-02-16,6667,,1.91,110,39.63,3.47,
2022-02-16,6679,,1.09,110,30.31,10.39,
2022-02-16,6680,,4.01,110,41.24,2.53,
2022-02-16,6683,,2.06,110,17.86,4.14,
2022-02-16,6684,,1.25,110,30.65,4.55,
2022-02-16,6690,,2.82,110,23.98,3.41,
2022-02-16,6697,,5.27,110,13.90,1.94,
2022-02-16,6703,,8.66,110,15.44,1.94,
2022-02-16,6712,,0.00,110,48.11,6.95,
2022-02-16,6716,,3.37,110,14.50,4.85,
2022-02-16,6727,,3.42,110,11.73,2.07,
2022-02-16,6728,,3.26,110,12.99,3.63,
2022-02-16,6732,,4.75,110,13.91,4.82,
2022-02-16,6733,,0.00,110,,2.93,
2022-02-16,6741,,0.00,110,87.76,10.83,
2022-02-16,6747,,1.95,110,27.88,6.18,
2022-02-16,6751,,4.18,110,23.35,1.84,
2022-02-16,6752,,5.06,110,12.23,1.98,
2022-02-16,6761,,2.29,110,17.75,4.46,
2022-02-16,6762,,3.17,110,37.80,5.49,
2022-02-16,6767,,0.00,110,,2.62,
2022-02-16,6788,,1.92,110,37.84,5.50,
2022-02-16,6803,,4.67,110,17.90,3.09,
2022-02-16,6874,,0.00,110,,,
2022-02-16,7402,,2.50,110,33.33,3.60,
2022-02-16,7556,,2.10,110,26.50,3.34,
2022-02-16,8024,,0.00,110,23.27,1.73,
2022-02-16,8027,,1.65,110,26.83,3.06,
2022-02-16,8032,,3.50,110,10.87,0.81,
2022-02-16,8034,,0.00,110,107.50,1.68,
2022-02-16,8038,,0.00,110,,5.24,
2022-02-16,8040,,0.00,110,,6.19,
2022-02-16,8042,,2.27,110,126.00,1.54,
2022-02-16,8043,,0.75,110,18.59,0.85,
2022-02-16,8044,,1.09,110,46.51,3.96,
2022-02-16,8047,,1.07,110,281.00,1.26,
2022-02-16,8048,,6.44,110,8.93,1.87,
2022-02-16,8049,,6.45,110,10.49,1.61,
2022-02-16,8050,,4.56,110,47.24,1.43,
2022-02-16,8054,,0.88,110,16.29,1.82,
2022-02-16,8059,,0.00,110,,1.06,
2022-02-16,8064,,1.01,110,10.00,1.17,
2022-02-16,8066,,8.96,110,23.59,2.06,
2022-02-16,8067,,0.00,110,,1.63,
2022-02-16,8068,,0.00,110,,4.85,
2022-02-16,8069,,1.91,110,33.37,4.99,
2022-02-16,8071,,1.10,110,29.92,1.20,
2022-02-16,8074,,4.72,110,20.00,1.27,
2022-02-16,8076,,1.50,110,475.71,2.54,
2022-02-16,8077,,0.00,110,,2.56,
2022-02-16,8080,,0.00,110,,8.71,
2022-02-16,8083,,5.62,110,18.01,5.15,
2022-02-16,8084,,0.00,110,,11.50,
2022-02-16,8085,,0.00,110,50.14,1.72,
2022-02-16,8086,,2.57,110,27.66,2.77,
2022-02-16,8087,,0.00,110,,4.02,
2022-02-16,8088,,5.04,110,28.33,1.55,
2022-02-16,8089,,7.00,110,91.77,1.28,
2022-02-16,8091,,3.08,110,18.28,1.50,
2022-02-16,8092,,0.00,110,,1.63,
2022-02-16,8093,,0.00,110,,1.53,
2022-02-16,8096,,2.88,110,18.53,0.82,
2022-02-16,8097,,0.00,110,,3.28,
2022-02-16,8099,,3.46,110,24.07,2.58,
2022-02-16,8107,,0.32,110,28.16,1.13,
2022-02-16,8109,,4.64,110,15.35,2.98,
2022-02-16,8111,,3.15,110,18.42,2.40,
2022-02-16,8121,,0.00,110,202.50,6.22,
2022-02-16,8147,,0.78,110,66.46,2.94,
2022-02-16,8155,,3.65,110,27.47,5.26,
2022-02-16,8171,,0.00,110,,3.25,
2022-02-16,8176,,0.00,110,,1.13,
2022-02-16,8182,,3.02,110,12.51,1.63,
2022-02-16,8183,,1.45,110,18.37,2.99,
2022-02-16,8234,,3.23,110,30.24,1.38,
2022-02-16,8240,,4.97,110,11.97,0.82,
2022-02-16,8255,,1.29,110,41.31,3.78,
2022-02-16,8277,,0.00,110,,1.80,
2022-02-16,8279,,2.72,110,16.39,2.04,
2022-02-16,8284,,5.05,110,13.56,2.14,
2022-02-16,8289,,0.32,110,16.44,1.80,
2022-02-16,8291,,0.00,110,,1.91,
2022-02-16,8299,,4.46,110,10.05,2.91,
2022-02-16,8342,,7.65,110,9.44,2.31,
2022-02-16,8349,,3.49,110,17.22,1.81,
2022-02-16,8354,,2.05,110,365.00,0.68,
2022-02-16,8358,,2.82,110,15.39,3.13,
2022-02-16,8383,,6.18,110,15.09,1.18,
2022-02-16,8390,,4.75,110,11.09,1.56,
2022-02-16,8401,,3.94,110,12.07,1.12,
2022-02-16,8403,,3.57,110,15.33,1.06,
2022-02-16,8406,,2.17,109,23.29,2.31,
2022-02-16,8409,,0.00,110,,1.92,
2022-02-16,8410,,7.52,110,15.39,0.82,
2022-02-16,8415,,3.47,110,13.63,2.28,
2022-02-16,8416,,5.67,110,11.56,3.04,
2022-02-16,8418,,0.00,110,,0.90,
2022-02-16,8420,,1.76,110,11.67,2.22,
2022-02-16,8421,,0.00,110,,1.60,
2022-02-16,8423,,4.71,110,24.49,1.39,
2022-02-16,8424,,6.38,110,13.12,2.17,
2022-02-16,8426,,0.00,110,,1.19,
2022-02-16,8431,,1.16,110,17.65,3.42,
2022-02-16,8432,,4.21,110,35.04,1.50,
2022-02-16,8433,,4.50,110,12.87,1.63,
2022-02-16,8435,,5.65,110,15.74,2.72,
2022-02-16,8436,,4.22,110,13.82,3.15,
2022-02-16,8437,,2.15,110,30.06,2.63,
2022-02-16,8440,,1.46,110,29.93,2.73,
2022-02-16,8444,,0.00,110,43.28,5.80,
2022-02-16,8446,,7.98,110,11.95,3.15,
2022-02-16,8450,,0.00,110,,1.67,
2022-02-16,8455,,0.00,110,64.17,1.41,
2022-02-16,8472,,5.43,110,36.80,1.57,
2022-02-16,8476,,0.00,110,,8.69,
2022-02-16,8477,,6.12,110,,2.19,
2022-02-16,8489,,1.93,110,77.02,2.09,
2022-02-16,8905,,1.22,110,36.57,1.08,
2022-02-16,8906,,0.54,110,927.50,1.66,
2022-02-16,8908,,2.56,110,30.19,4.67,
2022-02-16,8916,,7.15,110,19.42,1.32,
2022-02-16,8917,,2.78,110,40.91,5.63,
2022-02-16,8921,,2.84,110,43.24,0.78,
2022-02-16,8923,,4.46,110,17.16,1.34,
2022-02-16,8924,,3.44,110,8.38,3.70,
2022-02-16,8927,,1.31,110,40.22,2.87,
2022-02-16,8928,,4.44,110,9.04,2.01,
2022-02-16,8929,,2.32,110,,1.28,
2022-02-16,8930,,3.31,110,16.06,1.03,
2022-02-16,8931,,4.39,110,18.23,1.93,
2022-02-16,8932,,0.00,110,,2.14,
2022-02-16,8933,,0.00,110,413.33,1.90,
2022-02-16,8935,,0.00,110,34.65,1.51,
2022-02-16,8936,,1.17,110,13.18,1.14,
2022-02-16,8937,,0.00,110,,1.35,
2022-02-16,8938,,3.20,110,9.38,2.29,
2022-02-16,8941,,6.63,110,12.87,1.47,
2022-02-16,8942,,4.35,110,9.76,1.50,
2022-02-16,9949,,0.00,110,,1.31,
2022-02-16,9950,,0.00,110,,3.73,
2022-02-16,9951,,6.21,110,10.86,1.88,
2022-02-16,9960,,3.73,110,12.02,1.79,
2022-02-16,9962,,0.00,110,15.19,1.41,
