date,stock_id,foreign,trust,dealer,total,dealer_self,dealer_hedge
2015-01-05,2342,-127000,0,0,-127000,0,0
2015-01-06,2342,34000,0,0,34000,0,0
2015-01-07,2342,4299,0,-1000,3299,-1000,0
2015-01-08,2342,-149000,0,1000,-148000,1000,0
2015-01-09,2342,-185149,0,0,-185149,0,0
2015-01-12,2342,-11000,0,0,-11000,0,0
2015-01-13,2342,143510,0,2000,145510,2000,0
2015-01-14,2342,-43000,0,0,-43000,0,0
2015-01-15,2342,-96000,0,3000,-93000,3000,0
2015-01-16,2342,-163533,0,-3000,-166533,-3000,0
2015-01-19,2342,-51000,0,-2000,-53000,-2000,0
2015-01-20,2342,38000,0,0,38000,0,0
2015-01-21,2342,-441000,0,0,-441000,0,0
2015-01-22,2342,-133000,0,0,-133000,0,0
2015-01-23,2342,-250000,0,0,-250000,0,0
2015-01-26,2342,-156000,0,0,-156000,0,0
2015-01-27,2342,-225000,0,0,-225000,0,0
2015-01-28,2342,-190000,0,0,-190000,0,0
2015-01-29,2342,79000,0,3000,82000,3000,0
2015-01-30,2342,-129000,0,0,-129000,0,0
2015-02-02,2342,-67000,0,0,-67000,0,0
2015-02-03,2342,-24000,0,0,-24000,0,0
2015-02-04,2342,-61000,0,0,-61000,0,0
2015-02-05,2342,1000,0,0,1000,0,0
2015-02-06,2342,-94596,0,0,-94596,0,0
2015-02-09,2342,-12000,0,0,-12000,0,0
2015-02-10,2342,-39000,0,23000,-16000,23000,0
2015-02-11,2342,-16319,0,0,-16319,0,0
2015-02-12,2342,4000,0,0,4000,0,0
2015-02-13,2342,-114000,0,-15000,-129000,-15000,0
2015-02-24,2342,43000,0,0,43000,0,0
2015-02-25,2342,-43000,0,-2000,-45000,-2000,0
2015-02-26,2342,-74000,0,0,-74000,0,0
2015-03-02,2342,-67000,0,2000,-65000,2000,0
2015-03-03,2342,9000,0,0,9000,0,0
2015-03-05,2342,-68000,0,-3000,-71000,-3000,0
2015-03-06,2342,139734,0,-5000,134734,-5000,0
2015-03-09,2342,-151000,0,0,-151000,0,0
2015-03-10,2342,-151363,0,-2000,-153363,-2000,0
2015-03-11,2342,-154323,0,0,-154323,0,0
2015-03-12,2342,28000,0,0,28000,0,0
2015-03-13,2342,-11000,0,0,-11000,0,0
2015-03-16,2342,8000,0,10000,18000,10000,0
2015-03-17,2342,-33000,0,0,-33000,0,0
2015-03-18,2342,-29822,0,0,-29822,0,0
2015-03-19,2342,-23000,0,6000,-17000,6000,0
2015-03-20,2342,11000,0,0,11000,0,0
2015-03-23,2342,41000,0,-11000,30000,-11000,0
2015-03-24,2342,-158000,0,0,-158000,0,0
2015-03-25,2342,2000,0,0,2000,0,0
2015-03-26,2342,-9000,0,0,-9000,0,0
2015-03-27,2342,-477000,0,44000,-433000,44000,0
2015-03-30,2342,31000,0,-8000,23000,-8000,0
2015-03-31,2342,-3000,0,-17000,-20000,-17000,0
2015-04-01,2342,37000,0,-8000,29000,-8000,0
2015-04-02,2342,-26000,0,0,-26000,0,0
2015-04-07,2342,102000,0,6000,108000,6000,0
2015-04-08,2342,-3000,0,0,-3000,0,0
2015-04-09,2342,-75000,0,0,-75000,0,0
2015-04-10,2342,-10000,0,0,-10000,0,0
2015-04-13,2342,16000,0,0,16000,0,0
2015-04-14,2342,69000,0,0,69000,0,0
2015-04-15,2342,55000,0,-1000,54000,-1000,0
2015-04-16,2342,-36000,0,-20000,-56000,-20000,0
2015-04-17,2342,-45000,0,0,-45000,0,0
2015-04-20,2342,11000,0,1000,12000,1000,0
2015-04-21,2342,-54000,0,1000,-53000,1000,0
2015-04-22,2342,28000,0,0,28000,0,0
2015-04-23,2342,-58000,0,5000,-53000,5000,0
2015-04-24,2342,-25000,0,15000,-10000,15000,0
2015-04-27,2342,59000,0,-10000,49000,-10000,0
2015-04-28,2342,3000,0,6000,9000,6000,0
2015-04-29,2342,93000,0,8000,101000,8000,0
2015-04-30,2342,108000,0,4000,112000,4000,0
2015-05-04,2342,-43000,0,-7000,-50000,-7000,0
2015-05-05,2342,26000,0,0,26000,0,0
2015-05-06,2342,259000,0,8000,267000,8000,0
2015-05-07,2342,49000,0,0,49000,0,0
2015-05-08,2342,-70000,0,0,-70000,0,0
2015-05-11,2342,11000,0,0,11000,0,0
2015-05-12,2342,40000,0,2000,42000,2000,0
2015-05-13,2342,2000,0,0,2000,0,0
2015-05-14,2342,-56000,0,-5000,-61000,-5000,0
2015-05-15,2342,-55000,0,-11000,-66000,-11000,0
2015-05-18,2342,-130000,0,0,-130000,0,0
2015-05-19,2342,-232000,0,0,-232000,0,0
2015-05-20,2342,-57000,0,0,-57000,0,0
2015-05-22,2342,-68000,0,0,-68000,0,0
2015-05-25,2342,147000,0,-5000,142000,-5000,0
2015-05-26,2342,21000,0,0,21000,0,0
2015-05-27,2342,-30000,0,0,-30000,0,0
2015-05-28,2342,68000,0,-15000,53000,-15000,0
2015-05-29,2342,-35000,0,0,-35000,0,0
2015-06-01,2342,436000,0,0,436000,0,0
2015-06-02,2342,315000,0,0,315000,0,0
2015-06-03,2342,223000,0,0,223000,0,0
2015-06-04,2342,176000,0,0,176000,0,0
2015-06-05,2342,4000,0,0,4000,0,0
2015-06-08,2342,8000,0,0,8000,0,0
2015-06-09,2342,201000,0,0,201000,0,0
2015-06-10,2342,54000,0,0,54000,0,0
2015-06-11,2342,19000,0,0,19000,0,0
2015-06-12,2342,114000,0,0,114000,0,0
2015-06-15,2342,70000,0,0,70000,0,0
2015-06-16,2342,99000,0,0,99000,0,0
2015-06-17,2342,86638,0,0,86638,0,0
2015-06-18,2342,144000,0,0,144000,0,0
2015-06-22,2342,57665,0,0,57665,0,0
2015-06-23,2342,93000,0,0,93000,0,0
2015-06-24,2342,68000,0,0,68000,0,0
2015-06-25,2342,96000,0,0,96000,0,0
2015-06-26,2342,38000,0,0,38000,0,0
2015-06-29,2342,59000,0,0,59000,0,0
2015-06-30,2342,61000,0,0,61000,0,0
2015-07-01,2342,-31000,0,0,-31000,0,0
2015-07-02,2342,-75638,0,0,-75638,0,0
2015-07-03,2342,44000,0,0,44000,0,0
2015-07-06,2342,0,0,0,0,0,0
2015-07-07,2342,9000,0,0,9000,0,0
2015-07-08,2342,38000,0,0,38000,0,0
2015-07-09,2342,-5000,0,0,-5000,0,0
2015-07-13,2342,18000,0,0,18000,0,0
2015-07-14,2342,21000,0,0,21000,0,0
2015-07-15,2342,55000,0,0,55000,0,0
2015-07-16,2342,26000,0,0,26000,0,0
2015-07-17,2342,35000,0,0,35000,0,0
2015-07-20,2342,14000,0,0,14000,0,0
2015-07-21,2342,8000,0,0,8000,0,0
2015-07-22,2342,4000,0,0,4000,0,0
2015-07-23,2342,15000,0,0,15000,0,0
2015-07-24,2342,49000,0,0,49000,0,0
2015-07-27,2342,49000,0,0,49000,0,0
2015-07-28,2342,20000,0,0,20000,0,0
2015-07-29,2342,42000,0,0,42000,0,0
2015-07-30,2342,70000,0,0,70000,0,0
2015-07-31,2342,31000,0,0,31000,0,0
2015-08-03,2342,49000,0,0,49000,0,0
2015-08-04,2342,23000,0,0,23000,0,0
2015-08-05,2342,24000,0,0,24000,0,0
2015-08-06,2342,155000,0,0,155000,0,0
2015-08-07,2342,59000,0,0,59000,0,0
2015-08-10,2342,45000,0,0,45000,0,0
2015-08-11,2342,50000,0,0,50000,0,0
2015-08-12,2342,65000,0,0,65000,0,0
2015-08-13,2342,28000,0,0,28000,0,0
2015-08-14,2342,35000,0,0,35000,0,0
2015-08-17,2342,22000,0,0,22000,0,0
2015-08-18,2342,60000,0,0,60000,0,0
2015-08-19,2342,295000,0,0,295000,0,0
2015-08-20,2342,450000,0,0,450000,0,0
2015-08-21,2342,2105000,0,0,2105000,0,0
2015-08-24,2342,209638,0,0,209638,0,0
2015-08-25,2342,124678,0,0,124678,0,0
2015-08-27,2342,13000,0,0,13000,0,0
2015-08-28,2342,-233000,0,0,-233000,0,0
2015-08-31,2342,8000,0,0,8000,0,0
2015-09-01,2342,34000,0,0,34000,0,0
2015-09-02,2342,4000,0,0,4000,0,0
2015-09-03,2342,-8000,0,-1000,-9000,-1000,0
2015-09-04,2342,-12000,0,0,-12000,0,0
2015-09-07,2342,10000,0,0,10000,0,0
2015-09-08,2342,9000,0,0,9000,0,0
2015-09-09,2342,36000,0,0,36000,0,0
2015-09-11,2342,2000,0,0,2000,0,0
2015-09-15,2342,12000,0,0,12000,0,0
2015-09-16,2342,7000,0,0,7000,0,0
2015-09-17,2342,-5000,0,0,-5000,0,0
2015-09-18,2342,-1792008,0,0,-1792008,0,0
2015-09-21,2342,18890,0,0,18890,0,0
2015-09-22,2342,29000,0,0,29000,0,0
2015-09-23,2342,12000,0,0,12000,0,0
2015-09-24,2342,-18000,0,0,-18000,0,0
2015-09-25,2342,4000,0,0,4000,0,0
2015-09-30,2342,4000,0,0,4000,0,0
2015-10-01,2342,-11000,0,0,-11000,0,0
2015-10-02,2342,4000,0,0,4000,0,0
2015-10-05,2342,344000,0,0,344000,0,0
2015-10-06,2342,-66345,0,0,-66345,0,0
2015-10-07,2342,-1000,0,0,-1000,0,0
2015-10-08,2342,2000,0,0,2000,0,0
2015-10-12,2342,405000,0,0,405000,0,0
2015-10-13,2342,1391,0,0,1391,0,0
2015-10-14,2342,-10000,0,0,-10000,0,0
2015-10-15,2342,10000,0,0,10000,0,0
2015-10-16,2342,0,0,0,0,0,0
2015-10-19,2342,-25001,0,0,-25001,0,0
2015-10-20,2342,-32000,0,0,-32000,0,0
2015-10-21,2342,-21000,0,0,-21000,0,0
2015-10-22,2342,-15000,0,0,-15000,0,0
2015-10-23,2342,-72000,0,0,-72000,0,0
2015-10-26,2342,-11000,0,0,-11000,0,0
2015-10-27,2342,0,0,0,0,0,0
2015-10-28,2342,-111000,0,0,-111000,0,0
2015-10-29,2342,-206000,0,0,-206000,0,0
2015-10-30,2342,-49971,0,0,-49971,0,0
2015-11-02,2342,-19000,0,0,-19000,0,0
2015-11-03,2342,-67000,0,0,-67000,0,0
2015-11-04,2342,-86000,0,0,-86000,0,0
2015-11-05,2342,-11000,0,0,-11000,0,0
2015-11-06,2342,-19391,0,0,-19391,0,0
2015-11-11,2342,-220000,0,0,-220000,0,0
2015-11-12,2342,-14000,0,0,-14000,0,0
2015-11-13,2342,-5000,0,0,-5000,0,0
2015-11-17,2342,-53000,0,0,-53000,0,0
2015-11-18,2342,-1000,0,0,-1000,0,0
2015-11-23,2342,-2000,0,0,-2000,0,0
2015-11-24,2342,-23000,0,0,-23000,0,0
2015-11-25,2342,-327000,0,0,-327000,0,0
2015-12-01,2342,-454391,0,0,-454391,0,0
2015-12-03,2342,-2000,0,0,-2000,0,0
2015-12-07,2342,-7000,0,0,-7000,0,0
2015-12-08,2342,-8000,0,0,-8000,0,0
2015-12-11,2342,-70822,0,0,-70822,0,0
2015-12-14,2342,-15000,0,0,-15000,0,0
2015-12-15,2342,-6000,0,0,-6000,0,0
2015-12-16,2342,-3000,0,0,-3000,0,0
2015-12-22,2342,-4000,0,0,-4000,0,0
2015-12-23,2342,-9835,0,0,-9835,0,0
2015-12-30,2342,-1000,0,0,-1000,0,0
2015-12-31,2342,-49000,0,0,-49000,0,0
2016-01-05,2342,-3000,0,0,-3000,0,0
2016-01-06,2342,-24000,0,0,-24000,0,0
2016-01-13,2342,-6000,0,0,-6000,0,0
2016-01-19,2342,-146000,0,0,-146000,0,0
2016-01-21,2342,-69000,0,0,-69000,0,0
2016-01-25,2342,-999,0,0,-999,0,0
2016-01-26,2342,-1000,0,0,-1000,0,0
2016-01-28,2342,-3000,0,0,-3000,0,0
2016-02-01,2342,-3000,0,0,-3000,0,0
2016-02-15,2342,-20000,0,0,-20000,0,0
2016-02-16,2342,-7000,0,0,-7000,0,0
2016-02-17,2342,-8000,0,0,-8000,0,0
2016-02-18,2342,-2000,0,0,-2000,0,0
2016-02-19,2342,-5000,0,0,-5000,0,0
2016-02-22,2342,-7000,0,0,-7000,0,0
2016-02-23,2342,-1000,0,0,-1000,0,0
2016-02-24,2342,-41000,0,0,-41000,0,0
2016-02-25,2342,-124000,0,0,-124000,0,0
2016-03-01,2342,-30000,0,0,-30000,0,0
2016-03-02,2342,-4000,0,0,-4000,0,0
2016-03-04,2342,-17000,0,0,-17000,0,0
2016-03-07,2342,-4000,0,0,-4000,0,0
2016-03-08,2342,-22000,0,0,-22000,0,0
2016-03-10,2342,-30000,0,0,-30000,0,0
2016-03-11,2342,-20000,0,0,-20000,0,0
2016-03-14,2342,-55000,0,0,-55000,0,0
2016-03-15,2342,-7000,0,0,-7000,0,0
2016-03-16,2342,-27000,0,0,-27000,0,0
2016-03-23,2342,-2000,0,0,-2000,0,0
2016-03-24,2342,-1000,0,0,-1000,0,0
2016-03-29,2342,-10000,0,0,-10000,0,0
2016-03-30,2342,-7000,0,0,-7000,0,0
2016-04-06,2342,-1000,0,0,-1000,0,0
2016-04-08,2342,-97000,0,0,-97000,0,0
2016-04-12,2342,-2000,0,0,-2000,0,0
2016-04-13,2342,-34000,0,0,-34000,0,0
2016-04-15,2342,-141000,0,0,-141000,0,0
2016-04-18,2342,-9000,0,0,-9000,0,0
2016-04-19,2342,-7000,0,0,-7000,0,0
2016-04-20,2342,-253000,0,0,-253000,0,0
2016-04-21,2342,-2000,0,0,-2000,0,0
2016-04-22,2342,-5000,0,0,-5000,0,0
2016-04-26,2342,-92867,0,0,-92867,0,0
2016-04-27,2342,-107000,0,0,-107000,0,0
2016-04-28,2342,-3000,0,0,-3000,0,0
2016-04-29,2342,120000,0,0,120000,0,0
2016-05-03,2342,-4000,0,0,-4000,0,0
2016-05-04,2342,-1000,0,0,-1000,0,0
2016-05-05,2342,-5000,0,0,-5000,0,0
2016-05-06,2342,-6000,0,0,-6000,0,0
2016-05-09,2342,-5000,0,0,-5000,0,0
2016-05-11,2342,-2000,0,0,-2000,0,0
2016-05-12,2342,-3000,0,0,-3000,0,0
2016-05-13,2342,-602000,0,0,-602000,0,0
2016-05-16,2342,-56000,0,0,-56000,0,0
2016-05-23,2342,-11000,0,0,-11000,0,0
2016-05-24,2342,-6000,0,0,-6000,0,0
2016-05-26,2342,-20152,0,0,-20152,0,0
2016-06-01,2342,-1000,0,0,-1000,0,0
2016-06-06,2342,-2000,0,0,-2000,0,0
2016-06-13,2342,-4000,0,0,-4000,0,0
2016-06-14,2342,-7000,0,0,-7000,0,0
2016-06-15,2342,-21000,0,0,-21000,0,0
2016-06-16,2342,-6000,0,0,-6000,0,0
2016-06-17,2342,-70554,0,0,-70554,0,0
2016-06-20,2342,-3000,0,0,-3000,0,0
2016-06-21,2342,-1000,0,0,-1000,0,0
2016-06-22,2342,-18000,0,0,-18000,0,0
2016-06-23,2342,-2000,0,0,-2000,0,0
2016-06-24,2342,-9000,0,0,-9000,0,0
2016-06-27,2342,-2000,0,0,-2000,0,0
2016-06-28,2342,-2000,0,0,-2000,0,0
2016-06-29,2342,-3000,0,0,-3000,0,0
2016-06-30,2342,-127000,0,0,-127000,0,0
2016-07-01,2342,-81000,0,0,-81000,0,0
2016-07-04,2342,-3000,0,0,-3000,0,0
2016-07-05,2342,-2000,0,0,-2000,0,0
2016-07-06,2342,-4000,0,0,-4000,0,0
2016-07-07,2342,-1000,0,0,-1000,0,0
2016-07-11,2342,-89000,0,0,-89000,0,0
2016-07-12,2342,-4000,0,0,-4000,0,0
2016-07-13,2342,-1000,0,0,-1000,0,0
2016-07-14,2342,-60000,0,0,-60000,0,0
2016-07-18,2342,-1000,0,0,-1000,0,0
2016-07-19,2342,-169000,0,0,-169000,0,0
2016-07-20,2342,-1000,0,0,-1000,0,0
2016-07-21,2342,-4000,0,0,-4000,0,0
2016-07-22,2342,-57000,0,0,-57000,0,0
2016-07-25,2342,-174000,0,0,-174000,0,0
2016-07-27,2342,-1000,0,0,-1000,0,0
2016-08-02,2342,-1000,0,0,-1000,0,0
2016-08-03,2342,-363000,0,0,-363000,0,0
2016-08-04,2342,-30000,0,0,-30000,0,0
2016-08-05,2342,-1000,0,0,-1000,0,0
2016-08-19,2342,-135,0,0,-135,0,0
2016-08-25,2342,-20000,0,0,-20000,0,0
2016-08-29,2342,-50000,0,0,-50000,0,0
2016-08-31,2342,-20000,0,0,-20000,0,0
2016-09-01,2342,-258000,0,0,-258000,0,0
2016-09-02,2342,-394000,0,0,-394000,0,0
2016-09-05,2342,-283000,0,0,-283000,0,0
2016-09-06,2342,-466000,0,0,-466000,0,0
2016-09-07,2342,-120000,0,0,-120000,0,0
2016-09-08,2342,-53000,0,0,-53000,0,0
2016-09-09,2342,-76000,0,0,-76000,0,0
2016-09-12,2342,-132000,0,0,-132000,0,0
2016-09-13,2342,-17000,0,0,-17000,0,0
2016-09-21,2342,-61000,0,0,-61000,0,0
2016-09-22,2342,-7000,0,0,-7000,0,0
2016-09-23,2342,-381000,0,0,-381000,0,0
2016-09-26,2342,-291000,0,0,-291000,0,0
2016-09-29,2342,-169000,0,0,-169000,0,0
2016-09-30,2342,-230000,0,0,-230000,0,0
2016-10-04,2342,-200000,0,0,-200000,0,0
2016-10-05,2342,-59000,0,0,-59000,0,0
2016-10-06,2342,-163000,0,0,-163000,0,0
2016-10-07,2342,-16000,0,0,-16000,0,0
2016-10-11,2342,-16000,0,0,-16000,0,0
2016-10-12,2342,-229000,0,0,-229000,0,0
2016-10-13,2342,-161000,0,0,-161000,0,0
2016-10-14,2342,-1000,0,0,-1000,0,0
2016-10-17,2342,-5000,0,0,-5000,0,0
2016-10-18,2342,-7000,0,0,-7000,0,0
2016-10-19,2342,-4000,0,0,-4000,0,0
2016-10-20,2342,-67000,0,0,-67000,0,0
2016-10-21,2342,-45000,0,0,-45000,0,0
2016-10-24,2342,-1000,0,0,-1000,0,0
2016-10-26,2342,-30000,0,0,-30000,0,0
2016-10-27,2342,-4000,0,0,-4000,0,0
2016-10-28,2342,-5000,0,0,-5000,0,0
2016-10-31,2342,-132000,0,0,-132000,0,0
2016-11-01,2342,-52000,0,0,-52000,0,0
2016-11-02,2342,-222000,0,0,-222000,0,0
2016-11-03,2342,-19000,0,0,-19000,0,0
2016-11-04,2342,-7000,0,0,-7000,0,0
2016-11-07,2342,-150000,0,0,-150000,0,0
2016-11-08,2342,-227000,0,0,-227000,0,0
2016-11-09,2342,-162000,0,0,-162000,0,0
2016-11-10,2342,-98157,0,0,-98157,0,0
2016-11-11,2342,-200000,0,0,-200000,0,0
2016-11-14,2342,-134000,0,0,-134000,0,0
2016-11-16,2342,-26000,0,0,-26000,0,0
2016-11-17,2342,-152000,0,0,-152000,0,0
2016-11-18,2342,-22000,0,0,-22000,0,0
2016-11-21,2342,-31000,0,0,-31000,0,0
2016-11-22,2342,-125000,0,0,-125000,0,0
2016-11-23,2342,-1000,0,0,-1000,0,0
2016-11-24,2342,-26000,0,0,-26000,0,0
2016-11-25,2342,-187000,0,0,-187000,0,0
2016-11-28,2342,-61000,0,0,-61000,0,0
2016-11-29,2342,-203000,0,0,-203000,0,0
2016-11-30,2342,-53000,0,0,-53000,0,0
2016-12-02,2342,-157000,0,0,-157000,0,0
2016-12-07,2342,-14000,0,0,-14000,0,0
2016-12-14,2342,-109000,0,0,-109000,0,0
2016-12-16,2342,76000,0,0,76000,0,0
2016-12-19,2342,-89000,0,0,-89000,0,0
2016-12-20,2342,-15000,0,0,-15000,0,0
2016-12-21,2342,-14000,0,0,-14000,0,0
2016-12-22,2342,-25000,0,0,-25000,0,0
2016-12-27,2342,-6000,0,0,-6000,0,0
2016-12-28,2342,-67000,0,0,-67000,0,0
2016-12-29,2342,-6000,0,0,-6000,0,0
2017-01-03,2342,-1000,0,0,-1000,0,0
2017-01-04,2342,-6000,0,0,-6000,0,0
2017-01-05,2342,-10000,0,0,-10000,0,0
2017-01-06,2342,-1000,0,0,-1000,0,0
2017-01-09,2342,-26000,0,0,-26000,0,0
2017-01-10,2342,-8000,0,0,-8000,0,0
2017-01-11,2342,-16000,0,0,-16000,0,0
2017-01-12,2342,-20000,0,0,-20000,0,0
2017-01-13,2342,-25000,0,0,-25000,0,0
2017-01-16,2342,-63000,0,0,-63000,0,0
2017-01-17,2342,-53000,0,0,-53000,0,0
2017-01-18,2342,-52000,0,0,-52000,0,0
2017-01-19,2342,-58035,0,0,-58035,0,0
2017-01-20,2342,-51000,0,0,-51000,0,0
2017-01-23,2342,-87000,0,0,-87000,0,0
2017-01-24,2342,-75000,0,0,-75000,0,0
2017-02-02,2342,-68000,0,0,-68000,0,0
2017-02-07,2342,-135000,0,0,-135000,0,0
2017-02-09,2342,-381082,0,0,-381082,0,0
2017-02-10,2342,-137000,0,0,-137000,0,0
2017-02-13,2342,-273000,0,0,-273000,0,0
2017-02-14,2342,-197000,0,0,-197000,0,0
2017-02-15,2342,-129000,0,0,-129000,0,0
2017-02-16,2342,-125000,0,0,-125000,0,0
2017-02-17,2342,-68000,0,0,-68000,0,0
2017-02-20,2342,-65000,0,0,-65000,0,0
2017-02-21,2342,-38000,0,0,-38000,0,0
2017-02-22,2342,-202000,0,0,-202000,0,0
2017-02-23,2342,-25000,0,0,-25000,0,0
2017-02-24,2342,-30000,0,0,-30000,0,0
2017-03-01,2342,-16000,0,0,-16000,0,0
2017-03-03,2342,-35000,0,0,-35000,0,0
2017-03-06,2342,-30000,0,0,-30000,0,0
2017-03-08,2342,-57000,0,0,-57000,0,0
2017-03-09,2342,-72000,0,0,-72000,0,0
2017-03-10,2342,-54000,0,0,-54000,0,0
2017-03-14,2342,-141000,0,0,-141000,0,0
2017-03-15,2342,-90000,0,0,-90000,0,0
2017-03-28,2342,-3354,0,0,-3354,0,0
2017-03-29,2342,-20000,0,0,-20000,0,0
2017-03-31,2342,2000,0,1000,3000,1000,0
2017-04-05,2342,7000,0,0,7000,0,0
2017-04-06,2342,3000,0,0,3000,0,0
2017-04-07,2342,-20000,0,0,-20000,0,0
2017-04-10,2342,-69998,0,0,-69998,0,0
2017-04-11,2342,-10000,0,0,-10000,0,0
2017-04-13,2342,1000,0,-1000,0,-1000,0
2017-04-14,2342,11000,0,0,11000,0,0
2017-04-17,2342,-58000,0,0,-58000,0,0
2017-04-18,2342,70000,0,0,70000,0,0
2017-04-19,2342,18000,0,0,18000,0,0
2017-04-20,2342,-9000,0,0,-9000,0,0
2017-04-21,2342,-2000,0,0,-2000,0,0
2017-04-24,2342,-8000,0,0,-8000,0,0
2017-04-25,2342,2000,0,0,2000,0,0
2017-04-26,2342,10000,0,0,10000,0,0
2017-04-27,2342,6000,0,0,6000,0,0
2017-04-28,2342,3000,0,0,3000,0,0
2017-05-02,2342,5000,0,0,5000,0,0
2017-05-03,2342,-77000,0,0,-77000,0,0
2017-05-04,2342,3000,0,0,3000,0,0
2017-05-05,2342,-14000,0,0,-14000,0,0
2017-05-08,2342,-11000,0,0,-11000,0,0
2017-05-09,2342,-2000,0,0,-2000,0,0
2017-05-10,2342,-21000,0,0,-21000,0,0
2017-05-11,2342,-674000,0,0,-674000,0,0
2017-05-12,2342,-1201957,0,0,-1201957,0,0
2017-05-15,2342,-38000,0,0,-38000,0,0
2017-05-18,2342,-105000,0,0,-105000,0,0
2017-05-19,2342,-6000,0,0,-6000,0,0
2017-05-22,2342,-13000,0,0,-13000,0,0
2017-05-23,2342,-9000,0,0,-9000,0,0
2017-05-24,2342,6000,0,0,6000,0,0
2017-05-25,2342,5000,0,0,5000,0,0
2017-05-26,2342,7000,0,0,7000,0,0
2017-05-31,2342,2000,0,0,2000,0,0
2017-06-01,2342,-15000,0,0,-15000,0,0
2017-06-03,2342,-40000,0,0,-40000,0,0
2017-06-05,2342,6000,0,0,6000,0,0
2017-06-07,2342,-5000,0,0,-5000,0,0
2017-06-08,2342,-2000,0,0,-2000,0,0
2017-06-09,2342,-12501,0,0,-12501,0,0
2017-06-12,2342,-12000,0,0,-12000,0,0
2017-06-13,2342,-14000,0,0,-14000,0,0
2017-06-14,2342,-11000,0,0,-11000,0,0
2017-06-15,2342,-12000,0,0,-12000,0,0
2017-06-16,2342,-9000,0,0,-9000,0,0
2017-06-19,2342,-2000,0,0,-2000,0,0
2017-06-20,2342,0,0,0,0,0,0
2017-06-29,2342,-6013,0,0,-6013,0,0
2017-08-03,2342,-5000,0,0,-5000,0,0
2017-08-29,2342,0,0,0,0,0,0
2017-09-08,2342,1000,0,0,1000,0,0
2017-09-13,2342,134923,0,0,134923,0,0
2017-09-18,2342,0,0,3000,3000,3000,0
2017-10-18,2342,-18000,0,0,-18000,0,0
2017-10-20,2342,-9250,0,0,-9250,0,0
2017-10-23,2342,7000,0,0,7000,0,0
2017-10-24,2342,6000,0,0,6000,0,0
2017-10-25,2342,3000,0,0,3000,0,0
2017-10-26,2342,3000,0,0,3000,0,0
2017-10-30,2342,-5000,0,0,-5000,0,0
2017-10-31,2342,-15000,0,0,-15000,0,0
2017-11-01,2342,-13000,0,0,-13000,0,0
2017-11-02,2342,-51000,0,0,-51000,0,0
2017-11-03,2342,-32000,0,0,-32000,0,0
2017-11-06,2342,5000,0,0,5000,0,0
2017-11-07,2342,9752,0,0,9752,0,0
2017-11-08,2342,30000,0,0,30000,0,0
2017-11-09,2342,18000,0,0,18000,0,0
2017-11-10,2342,20000,0,0,20000,0,0
2017-11-13,2342,10667,0,0,10667,0,0
2017-11-14,2342,5000,0,0,5000,0,0
2017-11-15,2342,-9000,0,0,-9000,0,0
2017-11-17,2342,0,0,0,0,0,0
2017-11-20,2342,4000,0,0,4000,0,0
2017-11-21,2342,11000,0,0,11000,0,0
2017-11-22,2342,10000,0,0,10000,0,0
2017-11-23,2342,6000,0,0,6000,0,0
2017-11-24,2342,-2000,0,0,-2000,0,0
2017-11-27,2342,-1000,0,0,-1000,0,0
2017-11-28,2342,-4000,0,0,-4000,0,0
2017-11-29,2342,3000,0,0,3000,0,0
2017-11-30,2342,-2000,0,0,-2000,0,0
2017-12-01,2342,-6000,0,0,-6000,0,0
2017-12-04,2342,-3000,0,0,-3000,0,0
2017-12-05,2342,-1000,0,0,-1000,0,0
2017-12-06,2342,-1000,0,0,-1000,0,0
2017-12-07,2342,-4000,0,0,-4000,0,0
2017-12-08,2342,0,0,0,0,0,0
2017-12-11,2342,2000,0,0,2000,0,0
2017-12-12,2342,1000,0,0,1000,0,0
2017-12-13,2342,1000,0,0,1000,0,0
2017-12-14,2342,0,0,0,0,0,0
2017-12-15,2342,0,0,0,0,0,0
2017-12-18,2342,-15000,0,0,-15000,0,0
2017-12-19,2342,-11000,0,0,-11000,0,0
2017-12-20,2342,-7000,0,0,-7000,0,0
2017-12-21,2342,1000,0,0,1000,0,0
2017-12-22,2342,-5000,0,0,-5000,0,0
2017-12-25,2342,-2000,0,0,-2000,0,0
2017-12-26,2342,-5000,0,0,-5000,0,0
2017-12-27,2342,-1000,0,0,-1000,0,0
2017-12-28,2342,1000,0,0,1000,0,0
2017-12-29,2342,2000,0,0,2000,0,0
2018-01-02,2342,8000,0,0,8000,0,0
2018-01-03,2342,2000,0,0,2000,0,0
2018-01-04,2342,6000,0,0,6000,0,0
2018-01-05,2342,-6000,0,0,-6000,0,0
2018-01-08,2342,-3000,0,0,-3000,0,0
2018-01-09,2342,1000,0,0,1000,0,0
2018-01-10,2342,1000,0,0,1000,0,0
2018-01-11,2342,4000,0,0,4000,0,0
2018-01-12,2342,4000,0,0,4000,0,0
2018-01-15,2342,7000,0,0,7000,0,0
2018-01-16,2342,6000,0,0,6000,0,0
2018-01-17,2342,3000,0,0,3000,0,0
2018-01-18,2342,8000,0,0,8000,0,0
2018-01-19,2342,5000,0,0,5000,0,0
2018-01-22,2342,4000,0,0,4000,0,0
2018-01-23,2342,-5000,0,0,-5000,0,0
2018-01-24,2342,2000,0,0,2000,0,0
2018-01-25,2342,2000,0,0,2000,0,0
2018-01-26,2342,4000,0,0,4000,0,0
2018-01-29,2342,-3000,0,0,-3000,0,0
2018-01-30,2342,-54000,0,0,-54000,0,0
2018-01-31,2342,-32000,0,0,-32000,0,0
2018-02-01,2342,-7000,0,0,-7000,0,0
2018-02-02,2342,4000,0,0,4000,0,0
2018-02-05,2342,10000,0,0,10000,0,0
2018-02-06,2342,11000,0,0,11000,0,0
2018-02-07,2342,-18000,0,0,-18000,0,0
2018-02-08,2342,11000,0,0,11000,0,0
2018-02-09,2342,-15000,0,0,-15000,0,0
2018-02-12,2342,-33000,0,0,-33000,0,0
2018-02-21,2342,4000,0,0,4000,0,0
2018-02-22,2342,2000,0,0,2000,0,0
2018-02-23,2342,-10000,0,0,-10000,0,0
2018-02-26,2342,17000,0,0,17000,0,0
2018-02-27,2342,-57000,0,0,-57000,0,0
2018-03-01,2342,-9000,0,0,-9000,0,0
2018-03-02,2342,0,0,0,0,0,0
2018-03-05,2342,-60000,0,0,-60000,0,0
2018-03-06,2342,-16000,0,0,-16000,0,0
2018-03-07,2342,-14000,0,0,-14000,0,0
2018-03-08,2342,8000,0,0,8000,0,0
2018-03-09,2342,22000,0,0,22000,0,0
2018-03-12,2342,-1000,0,0,-1000,0,0
2018-03-13,2342,30000,0,0,30000,0,0
2018-03-14,2342,22000,0,0,22000,0,0
2018-03-15,2342,7000,0,0,7000,0,0
2018-03-16,2342,0,0,0,0,0,0
2018-03-19,2342,5000,0,0,5000,0,0
2018-03-20,2342,7000,0,0,7000,0,0
2018-03-21,2342,9000,0,0,9000,0,0
2018-03-22,2342,-58000,0,0,-58000,0,0
2018-03-23,2342,25000,0,0,25000,0,0
2018-03-26,2342,-15999,0,0,-15999,0,0
2018-03-27,2342,-42000,0,0,-42000,0,0
2018-03-28,2342,-4027,0,0,-4027,0,0
2018-03-29,2342,-46000,0,0,-46000,0,0
2018-03-30,2342,-5000,0,0,-5000,0,0
2018-04-02,2342,32000,0,0,32000,0,0
2018-04-03,2342,-64000,0,0,-64000,0,0
2018-04-09,2342,96000,0,0,96000,0,0
2018-04-10,2342,27000,0,0,27000,0,0
2018-04-11,2342,14000,0,1000,15000,1000,0
2018-04-12,2342,-432000,0,19000,-413000,19000,0
2018-04-13,2342,50000,0,-20000,30000,-20000,0
2018-04-16,2342,-21000,0,0,-21000,0,0
2018-04-17,2342,-124000,0,0,-124000,0,0
2018-04-18,2342,-63001,0,0,-63001,0,0
2018-04-19,2342,-167914,0,0,-167914,0,0
2018-04-20,2342,-18000,0,1000,-17000,1000,0
2018-04-23,2342,29000,0,0,29000,0,0
2018-04-24,2342,198000,0,0,198000,0,0
2018-04-25,2342,301000,0,0,301000,0,0
2018-04-26,2342,44000,0,0,44000,0,0
2018-04-27,2342,119000,0,-1000,118000,-1000,0
2018-04-30,2342,-37000,0,0,-37000,0,0
2018-05-02,2342,-66000,0,0,-66000,0,0
2018-05-03,2342,-9000,0,0,-9000,0,0
2018-05-04,2342,50000,0,0,50000,0,0
2018-05-07,2342,-49000,0,0,-49000,0,0
2018-05-08,2342,252000,0,0,252000,0,0
2018-05-09,2342,-291000,0,0,-291000,0,0
2018-05-10,2342,169000,0,0,169000,0,0
2018-05-11,2342,-199000,0,0,-199000,0,0
2018-05-14,2342,31000,0,0,31000,0,0
2018-05-15,2342,-121000,0,0,-121000,0,0
2018-05-16,2342,16000,0,0,16000,0,0
2018-05-17,2342,272990,0,0,272990,0,0
2018-05-18,2342,-334000,0,0,-334000,0,0
2018-05-21,2342,24000,0,0,24000,0,0
2018-05-22,2342,-163000,0,0,-163000,0,0
2018-05-23,2342,-100000,0,0,-100000,0,0
2018-05-24,2342,-5000,0,0,-5000,0,0
2018-05-25,2342,18000,0,21000,39000,21000,0
2018-05-28,2342,205000,0,98000,303000,98000,0
2018-05-29,2342,119000,0,299000,418000,299000,0
2018-05-30,2342,395000,0,0,395000,0,0
2018-05-31,2342,-374000,0,22000,-352000,22000,0
2018-06-01,2342,-57000,0,178000,121000,178000,0
2018-06-04,2342,-56000,0,0,-56000,0,0
2018-06-05,2342,-252000,0,-49000,-301000,-49000,0
2018-06-06,2342,124000,0,-1000,123000,-1000,0
2018-06-07,2342,-386000,631000,105000,350000,105000,0
2018-06-08,2342,-315000,360000,0,45000,0,0
2018-06-11,2342,297000,0,0,297000,0,0
2018-06-12,2342,-301000,0,0,-301000,0,0
2018-06-13,2342,98000,0,-250000,-152000,-250000,0
2018-06-14,2342,-99000,0,-1000,-100000,-1000,0
2018-06-15,2342,-198000,0,0,-198000,0,0
2018-06-19,2342,182000,0,0,182000,0,0
2018-06-20,2342,294000,0,0,294000,0,0
2018-06-21,2342,-73000,0,6000,-67000,6000,0
2018-06-22,2342,-183000,0,3000,-180000,3000,0
2018-06-25,2342,614000,0,-8000,606000,-8000,0
2018-06-26,2342,147000,0,-44000,103000,-44000,0
2018-06-27,2342,-10000,0,42000,32000,42000,0
2018-06-28,2342,19000,0,-42000,-23000,-42000,0
2018-06-29,2342,94000,0,-1000,93000,-1000,0
2018-07-02,2342,-135000,0,0,-135000,0,0
2018-07-03,2342,76000,0,0,76000,0,0
2018-07-04,2342,535000,0,-64000,471000,-64000,0
2018-07-05,2342,-273000,0,0,-273000,0,0
2018-07-06,2342,91000,0,0,91000,0,0
2018-07-09,2342,-526000,0,0,-526000,0,0
2018-07-10,2342,321000,15000,0,336000,0,0
2018-07-11,2342,-634000,3000,0,-631000,0,0
2018-07-12,2342,29000,0,0,29000,0,0
2018-07-13,2342,-67000,0,70000,3000,70000,0
2018-07-16,2342,-28000,0,92000,64000,92000,0
2018-07-17,2342,-382000,0,34000,-348000,34000,0
2018-07-18,2342,220000,0,-147000,73000,-147000,0
2018-07-19,2342,422000,0,-110000,312000,-110000,0
2018-07-20,2342,401000,0,-143000,258000,-143000,0
2018-07-23,2342,549000,0,-30000,519000,-30000,0
2018-07-24,2342,-579000,0,0,-579000,0,0
2018-07-25,2342,-27000,0,-1000,-28000,-1000,0
2018-07-26,2342,42000,0,0,42000,0,0
2018-07-27,2342,-64000,0,0,-64000,0,0
2018-07-30,2342,-12000,0,0,-12000,0,0
2018-07-31,2342,142000,0,25000,167000,25000,0
2018-08-01,2342,1000,0,0,1000,0,0
2018-08-02,2342,-289000,0,-106000,-395000,-106000,0
2018-08-03,2342,151000,0,0,151000,0,0
2018-08-06,2342,-48000,0,0,-48000,0,0
2018-08-07,2342,-61000,0,0,-61000,0,0
2018-08-08,2342,-159000,0,0,-159000,0,0
2018-08-09,2342,98000,0,0,98000,0,0
2018-08-10,2342,74000,0,0,74000,0,0
2018-08-13,2342,379000,0,2000,381000,2000,0
2018-08-14,2342,521000,0,-1000,520000,-1000,0
2018-08-15,2342,-282000,0,0,-282000,0,0
2018-08-16,2342,102000,0,1000,103000,1000,0
2018-08-17,2342,-525000,0,-606,-525606,-606,0
2018-08-20,2342,26000,0,0,26000,0,0
2018-08-21,2342,-44000,0,0,-44000,0,0
2018-08-22,2342,-7000,0,-2000,-9000,-2000,0
2018-08-23,2342,-9143,0,0,-9143,0,0
2018-08-24,2342,-4000,0,0,-4000,0,0
2018-08-27,2342,350000,0,0,350000,0,0
2018-08-28,2342,-236000,0,0,-236000,0,0
2018-08-29,2342,46000,0,0,46000,0,0
2018-08-30,2342,118000,0,0,118000,0,0
2018-08-31,2342,80000,0,0,80000,0,0
2018-09-03,2342,-372000,0,0,-372000,0,0
2018-09-04,2342,141000,0,0,141000,0,0
2018-09-05,2342,-49000,0,0,-49000,0,0
2018-09-06,2342,-148000,0,1000,-147000,1000,0
2018-09-07,2342,-137000,0,0,-137000,0,0
2018-09-10,2342,71000,0,1000,72000,1000,0
2018-09-11,2342,80000,0,0,80000,0,0
2018-09-12,2342,-97000,0,1000,-96000,1000,0
2018-09-13,2342,83000,0,-2000,81000,-2000,0
2018-09-14,2342,103000,0,0,103000,0,0
2018-09-17,2342,-199000,0,0,-199000,0,0
2018-09-18,2342,-234000,0,0,-234000,0,0
2018-09-19,2342,-252000,0,18000,-234000,18000,0
2018-09-20,2342,-12000,0,-2000,-14000,-2000,0
2018-09-21,2342,96000,0,-3000,93000,-3000,0
2018-09-25,2342,33000,0,0,33000,0,0
2018-09-26,2342,-123000,0,0,-123000,0,0
2018-09-27,2342,32000,0,-1000,31000,-1000,0
2018-09-28,2342,-38000,0,-13000,-51000,-13000,0
2018-10-01,2342,-125000,0,0,-125000,0,0
2018-10-02,2342,45000,0,0,45000,0,0
2018-10-03,2342,-98000,0,0,-98000,0,0
2018-10-04,2342,46000,0,0,46000,0,0
2018-10-05,2342,-70000,0,2000,-68000,2000,0
2018-10-08,2342,112000,0,26000,138000,26000,0
2018-10-09,2342,-57000,0,20000,-37000,20000,0
2018-10-11,2342,104000,0,-3000,101000,-3000,0
2018-10-12,2342,231000,0,-9000,222000,-9000,0
2018-10-15,2342,-126000,0,0,-126000,0,0
2018-10-16,2342,22000,0,2000,24000,2000,0
2018-10-17,2342,26556,8000,0,34556,0,0
2018-10-18,2342,-2000,0,-2000,-4000,-2000,0
2018-10-19,2342,50000,0,0,50000,0,0
2018-10-22,2342,25000,0,-22000,3000,-22000,0
2018-10-23,2342,-79000,0,10000,-69000,10000,0
2018-10-24,2342,33000,0,5000,38000,5000,0
2018-10-25,2342,70000,0,0,70000,0,0
2018-10-26,2342,150000,0,0,150000,0,0
2018-10-29,2342,136000,0,0,136000,0,0
2018-10-30,2342,94000,0,0,94000,0,0
2018-10-31,2342,183000,0,0,183000,0,0
2018-11-01,2342,-18000,0,0,-18000,0,0
2018-11-02,2342,-195000,0,2000,-193000,2000,0
2018-11-05,2342,87000,0,-2000,85000,-2000,0
2018-11-06,2342,-52298,0,0,-52298,0,0
2018-11-07,2342,39000,0,0,39000,0,0
2018-11-08,2342,1000,0,0,1000,0,0
2018-11-09,2342,94000,0,0,94000,0,0
2018-11-12,2342,-71248,0,24000,-47248,24000,0
2018-11-13,2342,87000,0,-24000,63000,-24000,0
2018-11-14,2342,14000,0,0,14000,0,0
2018-11-15,2342,-143000,0,-2000,-145000,-2000,0
2018-11-16,2342,15000,0,-7000,8000,-7000,0
2018-11-19,2342,39000,0,-18000,21000,-18000,0
2018-11-20,2342,-10000,0,0,-10000,0,0
2018-11-21,2342,95000,0,0,95000,0,0
2018-11-22,2342,-224000,0,0,-224000,0,0
2018-11-23,2342,77000,0,0,77000,0,0
2018-11-26,2342,101000,0,1000,102000,1000,0
2018-11-27,2342,93000,25000,-1000,117000,-1000,0
2018-11-28,2342,46000,0,0,46000,0,0
2018-11-29,2342,-103000,0,0,-103000,0,0
2018-11-30,2342,-105000,0,0,-105000,0,0
2018-12-03,2342,21000,0,0,21000,0,0
2018-12-04,2342,-176000,0,0,-176000,0,0
2018-12-05,2342,-15000,0,0,-15000,0,0
2018-12-06,2342,10000,0,0,10000,0,0
2018-12-07,2342,-66000,0,0,-66000,0,0
2018-12-10,2342,-16000,0,0,-16000,0,0
2018-12-11,2342,-13000,0,0,-13000,0,0
2018-12-12,2342,-121000,0,0,-121000,0,0
2018-12-13,2342,-161000,0,0,-161000,0,0
2018-12-14,2342,401000,0,0,401000,0,0
2018-12-17,2342,-244000,0,0,-244000,0,0
2018-12-18,2342,-3546000,0,-55000,-3601000,-55000,0
2018-12-19,2342,-1084248,0,-51000,-1135248,-51000,0
2018-12-20,2342,-70000,0,-58000,-128000,-58000,0
2018-12-21,2342,219200,0,-97000,122200,-97000,0
2018-12-22,2342,0,0,-47000,-47000,-47000,0
2018-12-24,2342,-102000,0,-42000,-144000,-42000,0
2018-12-25,2342,-135000,3000,0,-132000,0,0
2018-12-26,2342,107000,0,-1000,106000,-1000,0
2018-12-27,2342,249000,0,0,249000,0,0
2018-12-28,2342,229000,0,0,229000,0,0
2019-01-02,2342,-126000,0,0,-126000,0,0
2019-01-03,2342,-14000,0,0,-14000,0,0
2019-01-04,2342,-22000,0,0,-22000,0,0
2019-01-07,2342,-134000,0,0,-134000,0,0
2019-01-08,2342,-73000,0,-9000,-82000,-9000,0
2019-01-09,2342,-142000,0,-4000,-146000,-4000,0
2019-01-10,2342,-125000,0,-10000,-135000,-10000,0
2019-01-11,2342,-215109,0,-10000,-225109,-10000,0
2019-01-14,2342,-377782,0,-13000,-390782,-13000,0
2019-01-15,2342,-515000,0,-4000,-519000,-4000,0
2019-01-16,2342,-35000,0,-10000,-45000,-10000,0
2019-01-17,2342,-99000,-10375,0,-109375,0,0
2019-01-18,2342,-55684,-458000,0,-513684,0,0
2019-01-21,2342,94000,-524000,-10000,-440000,-10000,0
2019-01-22,2342,-165000,-55000,-10000,-230000,-10000,0
2019-01-23,2342,330000,0,-10000,320000,-10000,0
2019-01-24,2342,94000,0,-10000,84000,-10000,0
2019-01-25,2342,171000,0,-45000,126000,-45000,0
2019-01-28,2342,349063,0,-135000,214063,-135000,0
2019-01-29,2342,-173000,0,-1000,-174000,-1000,0
2019-01-30,2342,99000,0,0,99000,0,0
2019-02-11,2342,299000,0,0,299000,0,0
2019-02-12,2342,46000,0,0,46000,0,0
2019-02-13,2342,233000,0,-2000,231000,-2000,0
2019-02-14,2342,-757000,0,-1000,-758000,-1000,0
2019-02-15,2342,-39000,0,0,-39000,0,0
2019-02-18,2342,98000,0,1000,99000,1000,0
2019-02-19,2342,17000,0,0,17000,0,0
2019-02-20,2342,-55000,0,0,-55000,0,0
2019-02-21,2342,159000,0,0,159000,0,0
2019-02-22,2342,-312000,0,-1000,-313000,-1000,0
2019-02-25,2342,287000,0,0,287000,0,0
2019-02-26,2342,-639000,0,0,-639000,0,0
2019-02-27,2342,-127000,0,0,-127000,0,0
2019-03-04,2342,-250000,0,0,-250000,0,0
2019-03-05,2342,13934,0,-18000,-4066,-18000,0
2019-03-06,2342,-37000,0,0,-37000,0,0
2019-03-07,2342,-68000,0,0,-68000,0,0
2019-03-08,2342,285000,0,0,285000,0,0
2019-03-11,2342,40000,0,-1000,39000,-1000,0
2019-03-12,2342,-241000,0,0,-241000,0,0
2019-03-13,2342,-41000,0,0,-41000,0,0
2019-03-14,2342,-62000,0,0,-62000,0,0
2019-03-15,2342,55002,0,2000,57002,2000,0
2019-03-18,2342,129000,0,0,129000,0,0
2019-03-19,2342,-93000,0,-1000,-94000,-1000,0
2019-03-20,2342,28000,0,0,28000,0,0
2019-03-21,2342,5000,0,-1000,4000,-1000,0
2019-03-22,2342,-55000,0,0,-55000,0,0
2019-03-25,2342,-7000,0,3000,-4000,3000,0
2019-03-26,2342,-25000,0,0,-25000,0,0
2019-03-27,2342,-18000,0,0,-18000,0,0
2019-03-28,2342,-99000,0,0,-99000,0,0
2019-03-29,2342,-13000,0,0,-13000,0,0
2019-04-01,2342,49000,0,0,49000,0,0
2019-04-02,2342,-73000,0,98,-72902,98,0
2019-04-03,2342,53000,0,1360,54360,1360,0
2019-04-08,2342,-152000,0,-1000,-153000,-1000,0
2019-04-09,2342,18000,0,0,18000,0,0
2019-04-10,2342,65000,0,0,65000,0,0
2019-04-11,2342,25000,0,0,25000,0,0
2019-04-12,2342,-5000,0,517,-4483,517,0
2019-04-15,2342,99000,0,1000,100000,1000,0
2019-04-16,2342,255000,0,0,255000,0,0
2019-04-17,2342,-566000,0,0,-566000,0,0
2019-04-18,2342,-303000,0,0,-303000,0,0
2019-04-19,2342,-73000,0,0,-73000,0,0
2019-04-22,2342,14000,0,1243,15243,1243,0
2019-04-23,2342,-99000,0,-2000,-101000,-2000,0
2019-04-24,2342,-81000,0,0,-81000,0,0
2019-04-25,2342,-82000,0,-1000,-83000,-1000,0
2019-04-26,2342,-145000,0,-1000,-146000,-1000,0
2019-04-29,2342,-100708,0,-218,-100926,-218,0
2019-04-30,2342,-27000,0,-6000,-33000,-6000,0
2019-05-02,2342,-2000,0,-1000,-3000,-1000,0
2019-05-03,2342,-18000,0,-1000,-19000,-1000,0
2019-05-06,2342,-126000,0,0,-126000,0,0
2019-05-07,2342,-19000,0,0,-19000,0,0
2019-05-08,2342,-62000,0,1000,-61000,1000,0
2019-05-09,2342,-57000,0,0,-57000,0,0
2019-05-10,2342,3000,0,1000,4000,1000,0
2019-05-13,2342,58000,0,5000,63000,5000,0
2019-05-14,2342,144000,0,13000,157000,13000,0
2019-05-15,2342,6000,0,-2000,4000,-2000,0
2019-05-16,2342,-5000,0,-1000,-6000,-1000,0
2019-05-17,2342,-17000,0,2000,-15000,2000,0
2019-05-20,2342,-10000,0,5000,-5000,5000,0
2019-05-21,2342,27000,0,2000,29000,2000,0
2019-05-22,2342,-7000,0,-1000,-8000,-1000,0
2019-05-23,2342,-27000,0,-1000,-28000,-1000,0
2019-05-24,2342,-40000,0,0,-40000,0,0
2019-05-27,2342,11000,0,0,11000,0,0
2019-05-28,2342,1000,0,0,1000,0,0
2019-05-29,2342,11000,0,0,11000,0,0
2019-05-30,2342,-1000,0,-1000,-2000,-1000,0
2019-05-31,2342,34000,0,-1000,33000,-1000,0
2019-06-03,2342,43000,0,-1000,42000,-1000,0
2019-06-04,2342,30000,0,-2000,28000,-2000,0
2019-06-05,2342,5000,0,-2000,3000,-2000,0
2019-06-06,2342,-23000,0,-6000,-29000,-6000,0
2019-06-10,2342,-3000,0,0,-3000,0,0
2019-06-11,2342,64000,0,0,64000,0,0
2019-06-12,2342,33000,0,1000,34000,1000,0
2019-06-13,2342,-3000,0,0,-3000,0,0
2019-06-14,2342,51000,0,0,51000,0,0
2019-06-17,2342,231000,0,-2000,229000,-2000,0
2019-06-18,2342,-223000,0,5000,-218000,5000,0
2019-06-19,2342,18000,0,8000,26000,8000,0
2019-06-20,2342,29000,0,10000,39000,10000,0
2019-06-21,2342,36000,0,0,36000,0,0
2019-06-24,2342,134000,0,-5000,129000,-5000,0
2019-06-25,2342,-20000,0,0,-20000,0,0
2019-06-26,2342,-14000,0,0,-14000,0,0
2019-06-27,2342,13000,0,0,13000,0,0
2019-06-28,2342,-32000,0,0,-32000,0,0
2019-07-01,2342,20000,0,0,20000,0,0
2019-07-02,2342,16000,0,0,16000,0,0
2019-07-03,2342,-3000,0,0,-3000,0,0
2019-07-04,2342,155000,0,999,155999,999,0
2019-07-05,2342,-115000,0,0,-115000,0,0
2019-07-08,2342,-86000,0,-2000,-88000,-2000,0
2019-07-09,2342,-72000,0,0,-72000,0,0
2019-07-10,2342,-17000,0,0,-17000,0,0
2019-07-11,2342,95810,0,284,96094,284,0
2019-07-12,2342,69000,0,-2000,67000,-2000,0
2019-07-15,2342,-210000,0,0,-210000,0,0
2019-07-16,2342,-116000,0,0,-116000,0,0
2019-07-17,2342,-164000,0,248,-163752,248,0
2019-07-18,2342,-11000,0,0,-11000,0,0
2019-07-19,2342,-8000,0,939,-7061,939,0
2019-07-22,2342,4000,0,-2000,2000,-2000,0
2019-07-23,2342,39990,0,999,40989,999,0
2019-07-24,2342,-42000,0,-138,-42138,-138,0
2019-07-25,2342,73000,0,-1000,72000,-1000,0
2019-07-26,2342,-286600,0,28669,-257931,28669,0
2019-07-29,2342,-45000,0,0,-45000,0,0
2019-07-30,2342,-37000,0,0,-37000,0,0
2019-07-31,2342,-87000,0,0,-87000,0,0
2019-08-01,2342,-34000,0,-5000,-39000,-5000,0
2019-08-02,2342,-54000,0,0,-54000,0,0
2019-08-05,2342,-108000,0,-2000,-110000,-2000,0
2019-08-06,2342,37000,0,-21000,16000,-21000,0
2019-08-07,2342,-63000,0,0,-63000,0,0
2019-08-08,2342,55000,0,0,55000,0,0
2019-08-12,2342,56000,0,-1000,55000,-1000,0
2019-08-13,2342,18000,0,0,18000,0,0
2019-08-14,2342,-2000,0,0,-2000,0,0
2019-08-15,2342,-18000,0,1000,-17000,1000,0
2019-08-16,2342,80000,0,-30000,50000,-30000,0
2019-08-19,2342,260606,0,0,260606,0,0
2019-08-20,2342,216000,0,-11000,205000,-11000,0
2019-08-21,2342,205300,0,0,205300,0,0
2019-08-22,2342,262000,0,0,262000,0,0
2019-08-23,2342,-116000,0,0,-116000,0,0
2019-08-26,2342,-13450,0,0,-13450,0,0
2019-08-27,2342,33000,0,0,33000,0,0
2019-08-28,2342,121000,0,3000,124000,3000,0
2019-08-29,2342,32000,0,155,32155,155,0
2019-08-30,2342,151000,0,0,151000,0,0
2019-09-02,2342,225000,0,0,225000,0,0
2019-09-03,2342,-216000,0,0,-216000,0,0
2019-09-04,2342,-7000,0,4000,-3000,4000,0
2019-09-05,2342,52000,0,0,52000,0,0
2019-09-06,2342,191000,0,-155,190845,-155,0
2019-09-09,2342,52000,0,0,52000,0,0
2019-09-10,2342,151781,0,0,151781,0,0
2019-09-11,2342,90000,0,0,90000,0,0
2019-09-12,2342,45000,0,0,45000,0,0
2019-09-16,2342,41000,0,0,41000,0,0
2019-09-17,2342,243000,0,0,243000,0,0
2019-09-18,2342,-11000,0,0,-11000,0,0
2019-09-19,2342,52000,0,0,52000,0,0
2019-09-20,2342,187000,0,0,187000,0,0
2019-09-23,2342,108000,0,0,108000,0,0
2019-09-24,2342,1000,0,0,1000,0,0
2019-09-25,2342,-171000,0,0,-171000,0,0
2019-09-26,2342,-137000,0,0,-137000,0,0
2019-09-27,2342,-147000,0,0,-147000,0,0
2019-10-01,2342,-23000,0,0,-23000,0,0
2019-10-02,2342,-5000,0,0,-5000,0,0
2019-10-03,2342,-52000,0,0,-52000,0,0
2019-10-04,2342,-113103,0,-10000,-123103,-10000,0
2019-10-07,2342,-33000,0,1000,-32000,1000,0
2019-10-08,2342,-46000,0,5000,-41000,5000,0
2019-10-09,2342,-44000,0,0,-44000,0,0
2019-10-14,2342,-6000,0,6000,0,6000,0
2019-10-15,2342,20000,0,1000,21000,1000,0
2019-10-16,2342,87000,0,-1000,86000,-1000,0
2019-10-17,2342,-10000,0,-1000,-11000,-1000,0
2019-10-18,2342,106000,0,0,106000,0,0
2019-10-21,2342,14000,0,-1000,13000,-1000,0
2019-10-22,2342,57000,0,-1000,56000,-1000,0
2019-10-23,2342,-48000,0,-13000,-61000,-13000,0
2019-10-24,2342,16000,0,-1000,15000,-1000,0
2019-10-25,2342,5000,0,0,5000,0,0
2019-10-28,2342,9000,0,0,9000,0,0
2019-10-29,2342,33000,0,0,33000,0,0
2019-10-30,2342,15000,0,-8000,7000,-8000,0
2019-10-31,2342,-71000,0,0,-71000,0,0
2019-11-01,2342,18000,0,0,18000,0,0
2019-11-04,2342,57000,0,-1000,56000,-1000,0
2019-11-05,2342,30000,0,0,30000,0,0
2019-11-06,2342,-48000,0,1000,-47000,1000,0
2019-11-07,2342,-109000,0,0,-109000,0,0
2019-11-08,2342,-6000,0,0,-6000,0,0
2019-11-11,2342,-25000,0,2000,-23000,2000,0
2019-11-12,2342,2000,0,0,2000,0,0
2019-11-13,2342,-11000,0,0,-11000,0,0
2019-11-14,2342,-18746,0,-4000,-22746,-4000,0
2019-11-15,2342,14000,0,21000,35000,21000,0
2019-11-18,2342,-15000,0,10000,-5000,10000,0
2019-11-19,2342,-25000,0,1000,-24000,1000,0
2019-11-20,2342,-14000,0,7000,-7000,7000,0
2019-11-21,2342,20000,0,-4000,16000,-4000,0
2019-11-22,2342,31000,0,-2000,29000,-2000,0
2019-11-25,2342,12000,0,0,12000,0,0
2019-11-26,2342,50000,0,0,50000,0,0
2019-11-27,2342,28000,0,0,28000,0,0
2019-11-28,2342,23000,0,0,23000,0,0
2019-11-29,2342,-11000,0,6000,-5000,6000,0
2019-12-02,2342,11000,0,-1000,10000,-1000,0
2019-12-03,2342,17000,0,0,17000,0,0
2019-12-04,2342,23000,0,0,23000,0,0
2019-12-05,2342,152000,0,4000,156000,4000,0
2019-12-06,2342,37000,0,-1000,36000,-1000,0
2019-12-09,2342,-11000,0,0,-11000,0,0
2019-12-10,2342,61000,0,-4000,57000,-4000,0
2019-12-11,2342,-15000,0,0,-15000,0,0
2019-12-12,2342,36963,0,8000,44963,8000,0
2019-12-13,2342,87000,0,-1000,86000,-1000,0
2019-12-16,2342,115000,0,0,115000,0,0
2019-12-17,2342,166000,0,3000,169000,3000,0
2019-12-18,2342,122283,0,0,122283,0,0
2019-12-19,2342,41000,0,0,41000,0,0
2019-12-20,2342,-20000,0,0,-20000,0,0
2019-12-23,2342,-79000,0,0,-79000,0,0
2019-12-24,2342,-123000,0,0,-123000,0,0
2019-12-25,2342,8000,0,0,8000,0,0
2019-12-26,2342,9000,0,0,9000,0,0
2019-12-27,2342,44000,0,0,44000,0,0
2019-12-30,2342,-43000,0,1000,-42000,1000,0
2019-12-31,2342,9000,0,0,9000,0,0
2020-01-02,2342,64000,0,0,64000,0,0
2020-01-03,2342,-77000,0,-3000,-80000,-3000,0
2020-01-06,2342,-11000,0,0,-11000,0,0
2020-01-07,2342,-87000,0,-1000,-88000,-1000,0
2020-01-08,2342,-34000,0,-1000,-35000,-1000,0
2020-01-09,2342,51000,0,3000,54000,3000,0
2020-01-10,2342,43000,0,1000,44000,1000,0
2020-01-13,2342,79000,0,0,79000,0,0
2020-01-14,2342,-5000,0,-1000,-6000,-1000,0
2020-01-15,2342,-82000,0,-2000,-84000,-2000,0
2020-01-16,2342,-15000,0,-2000,-17000,-2000,0
2020-01-17,2342,58000,0,-1000,57000,-1000,0
2020-01-20,2342,22000,0,0,22000,0,0
2020-01-30,2342,140000,0,-5000,135000,-5000,0
2020-01-31,2342,-86000,0,0,-86000,0,0
2020-02-03,2342,-59000,0,5000,-54000,5000,0
2020-02-04,2342,22000,0,-1000,21000,-1000,0
2020-02-05,2342,-14000,0,0,-14000,0,0
2020-02-06,2342,31000,0,0,31000,0,0
2020-02-07,2342,-60000,0,0,-60000,0,0
2020-02-10,2342,8000,0,0,8000,0,0
2020-02-11,2342,57000,0,0,57000,0,0
2020-02-12,2342,-110000,0,0,-110000,0,0
2020-02-13,2342,-3000,0,0,-3000,0,0
2020-02-14,2342,72703,0,0,72703,0,0
2020-02-17,2342,-119000,0,0,-119000,0,0
2020-02-18,2342,234000,0,15000,249000,15000,0
2020-02-19,2342,75000,0,-18000,57000,-18000,0
2020-02-20,2342,119284,0,-3000,116284,-3000,0
2020-02-21,2342,-55000,0,0,-55000,0,0
2020-02-24,2342,-405000,0,-5000,-410000,-5000,0
2020-02-25,2342,183000,0,0,183000,0,0
2020-02-26,2342,-33000,0,2000,-31000,2000,0
2020-02-27,2342,1377000,0,-3000,1374000,-3000,0
2020-03-02,2342,-1428000,0,3000,-1425000,3000,0
2020-03-03,2342,-733999,0,5000,-728999,5000,0
2020-03-04,2342,210000,0,10000,220000,10000,0
2020-03-05,2342,413000,0,-2000,411000,-2000,0
2020-03-06,2342,32000,0,3000,35000,3000,0
2020-03-09,2342,2006000,0,-20000,1986000,-20000,0
2020-03-10,2342,500000,0,76000,576000,76000,0
2020-03-11,2342,-1916000,0,171000,-1745000,171000,0
2020-03-12,2342,2577000,0,0,2577000,0,0
2020-03-13,2342,167000,0,0,167000,0,0
2020-03-16,2342,-1035000,0,0,-1035000,0,0
2020-03-17,2342,1675000,0,-48000,1627000,-48000,0
2020-03-18,2342,-754000,0,-60000,-814000,-60000,0
2020-03-19,2342,395000,0,-130000,265000,-130000,0
2020-03-20,2342,-1849000,0,0,-1849000,0,0
2020-03-23,2342,618418,0,0,618418,0,0
2020-03-24,2342,-211000,0,0,-211000,0,0
2020-03-25,2342,-946000,0,0,-946000,0,0
2020-03-26,2342,81000,0,0,81000,0,0
2020-03-27,2342,-713000,0,0,-713000,0,0
2020-03-30,2342,503000,0,0,503000,0,0
2020-03-31,2342,-718000,0,0,-718000,0,0
2020-04-01,2342,-322000,0,1000,-321000,1000,0
2020-04-06,2342,374000,0,0,374000,0,0
2020-04-07,2342,-109000,0,0,-109000,0,0
2020-04-08,2342,-175000,0,0,-175000,0,0
2020-04-09,2342,123000,0,0,123000,0,0
2020-04-10,2342,-488000,0,0,-488000,0,0
2020-04-13,2342,-651000,0,0,-651000,0,0
2020-04-14,2342,143000,0,0,143000,0,0
2020-04-15,2342,-494000,0,0,-494000,0,0
2020-04-16,2342,399890,0,35000,434890,35000,0
2020-04-17,2342,201000,0,-35000,166000,-35000,0
2020-04-20,2342,-394000,0,0,-394000,0,0
2020-04-21,2342,976000,0,0,976000,0,0
2020-04-22,2342,49000,0,-2000,47000,-2000,0
2020-04-23,2342,-827438,0,-3000,-830438,-3000,0
2020-04-24,2342,118000,0,0,118000,0,0
2020-04-27,2342,-645000,0,0,-645000,0,0
2020-04-28,2342,-1180000,0,0,-1180000,0,0
2020-04-29,2342,175000,0,0,175000,0,0
2020-04-30,2342,-232000,0,0,-232000,0,0
2020-05-04,2342,429000,0,-1000,428000,-1000,0
2020-05-05,2342,-238499,0,0,-238499,0,0
2020-05-06,2342,824000,0,0,824000,0,0
2020-05-07,2342,-1189000,0,-1000,-1190000,-1000,0
2020-05-08,2342,-291000,0,0,-291000,0,0
2020-05-11,2342,267000,0,0,267000,0,0
2020-05-12,2342,677000,0,0,677000,0,0
2020-05-13,2342,291500,0,0,291500,0,0
2020-05-14,2342,-551000,0,0,-551000,0,0
2020-05-15,2342,347000,0,0,347000,0,0
2020-05-18,2342,-446000,0,1000,-445000,1000,0
2020-05-19,2342,-454000,0,153000,-301000,153000,0
2020-05-20,2342,-611000,0,5000,-606000,5000,0
2020-05-21,2342,985000,0,-1000,984000,-1000,0
2020-05-22,2342,-603000,0,-1000,-604000,-1000,0
2020-05-25,2342,624000,0,0,624000,0,0
2020-05-26,2342,-619000,0,0,-619000,0,0
2020-05-27,2342,33000,0,0,33000,0,0
2020-05-28,2342,-122000,0,-150000,-272000,-150000,0
2020-05-29,2342,1080000,0,0,1080000,0,0
2020-06-01,2342,-600000,0,2000,-598000,2000,0
2020-06-02,2342,-161000,0,1000,-160000,1000,0
2020-06-03,2342,-417499,0,2000,-415499,2000,0
2020-06-04,2342,150000,0,-1000,149000,-1000,0
2020-06-05,2342,988000,0,1000,989000,1000,0
2020-06-08,2342,-233000,0,0,-233000,0,0
2020-06-09,2342,126000,0,0,126000,0,0
2020-06-10,2342,-252000,0,3000,-249000,3000,0
2020-06-11,2342,-722000,0,0,-722000,0,0
2020-06-12,2342,-784000,0,3000,-781000,3000,0
2020-06-15,2342,-579000,0,-1000,-580000,-1000,0
2020-06-16,2342,64000,0,1000,65000,1000,0
2020-06-17,2342,67000,0,0,67000,0,0
2020-06-18,2342,-319500,0,0,-319500,0,0
2020-06-19,2342,-379000,0,0,-379000,0,0
2020-06-22,2342,9000,0,0,9000,0,0
2020-06-23,2342,-116000,0,-1000,-117000,-1000,0
2020-06-24,2342,249000,0,0,249000,0,0
2020-06-29,2342,-254000,0,-2000,-256000,-2000,0
2020-06-30,2342,552000,0,0,552000,0,0
2020-07-01,2342,-41000,0,0,-41000,0,0
2020-07-02,2342,705000,0,-969,704031,-969,0
2020-07-03,2342,-228000,0,-1000,-229000,-1000,0
2020-07-06,2342,1789000,0,4000,1793000,4000,0
2020-07-07,2342,-7000,0,0,-7000,0,0
2020-07-08,2342,-325000,0,30000,-295000,30000,0
2020-07-09,2342,-518000,0,-30000,-548000,-30000,0
2020-07-10,2342,-302000,0,-1000,-303000,-1000,0
2020-07-13,2342,1347000,0,0,1347000,0,0
2020-07-14,2342,-234000,0,0,-234000,0,0
2020-07-15,2342,-127000,0,1000,-126000,1000,0
2020-07-16,2342,1429000,0,-5000,1424000,-5000,0
2020-07-17,2342,-2076000,0,0,-2076000,0,0
2020-07-20,2342,-34000,0,0,-34000,0,0
2020-07-21,2342,1926000,0,2000,1928000,2000,0
2020-07-22,2342,254000,180000,-2000,432000,-2000,0
2020-07-23,2342,608000,50000,0,658000,0,0
2020-07-24,2342,-343000,0,-2000,-345000,-2000,0
2020-07-27,2342,-285000,0,0,-285000,0,0
2020-07-28,2342,-1045000,0,-2000,-1047000,-2000,0
2020-07-29,2342,-302000,-230000,-1000,-533000,-1000,0
2020-07-30,2342,171000,0,156000,327000,156000,0
2020-07-31,2342,-198000,0,-5000,-203000,-5000,0
2020-08-03,2342,-228000,0,0,-228000,0,0
2020-08-04,2342,-366000,0,-157000,-523000,-157000,0
2020-08-05,2342,-1361650,0,0,-1361650,0,0
2020-08-06,2342,986000,0,0,986000,0,0
2020-08-07,2342,-776000,0,0,-776000,0,0
2020-08-10,2342,-179000,0,-2000,-181000,-2000,0
2020-08-11,2342,-380000,0,-2000,-382000,-2000,0
2020-08-12,2342,-135000,0,0,-135000,0,0
2020-08-13,2342,-98000,0,2000,-96000,2000,0
2020-08-14,2342,-48000,0,0,-48000,0,0
2020-08-17,2342,541000,0,16000,557000,16000,0
2020-08-18,2342,-243614,0,0,-243614,0,0
2020-08-19,2342,-115000,0,-9000,-124000,-9000,0
2020-08-20,2342,-302000,0,0,-302000,0,0
2020-08-21,2342,-59000,0,0,-59000,0,0
2020-08-24,2342,5000,0,0,5000,0,0
2020-08-25,2342,75000,0,0,75000,0,0
2020-08-26,2342,258000,0,0,258000,0,0
2020-08-27,2342,-91000,0,0,-91000,0,0
2020-08-28,2342,-6000,0,0,-6000,0,0
2020-08-31,2342,-104352,0,0,-104352,0,0
2020-09-01,2342,87000,0,0,87000,0,0
2020-09-02,2342,225000,0,-1000,224000,-1000,0
2020-09-03,2342,91000,0,5000,96000,5000,0
2020-09-04,2342,98000,0,0,98000,0,0
2020-09-07,2342,-143000,0,0,-143000,0,0
2020-09-08,2342,-592000,0,0,-592000,0,0
2020-09-09,2342,371000,0,0,371000,0,0
2020-09-10,2342,-418000,0,0,-418000,0,0
2020-09-11,2342,47000,0,1000,48000,1000,0
2020-09-14,2342,490000,0,1000,491000,1000,0
2020-09-15,2342,450000,0,0,450000,0,0
2020-09-16,2342,37000,0,-1000,36000,-1000,0
2020-09-17,2342,1351000,0,-6000,1345000,-6000,0
2020-09-18,2342,-385000,0,-2000,-387000,-2000,0
2020-09-21,2342,-37000,0,-3000,-40000,-3000,0
2020-09-22,2342,-123000,0,-8000,-131000,-8000,0
2020-09-23,2342,-405000,0,-1000,-406000,-1000,0
2020-09-24,2342,1796000,0,0,1796000,0,0
2020-09-25,2342,-1371000,0,0,-1371000,0,0
2020-09-28,2342,-161000,0,0,-161000,0,0
2020-09-29,2342,-531000,0,0,-531000,0,0
2020-09-30,2342,-161000,0,2000,-159000,2000,0
2020-10-05,2342,43000,0,0,43000,0,0
2020-10-06,2342,644000,0,0,644000,0,0
2020-10-07,2342,-36000,0,0,-36000,0,0
2020-10-08,2342,17000,0,0,17000,0,0
2020-10-12,2342,-574000,0,0,-574000,0,0
2020-10-13,2342,-237000,0,-2000,-239000,-2000,0
2020-10-14,2342,743000,0,0,743000,0,0
2020-10-15,2342,331000,0,15000,346000,15000,0
2020-10-16,2342,-754000,0,-15000,-769000,-15000,0
2020-10-19,2342,-140000,0,2000,-138000,2000,0
2020-10-20,2342,-21000,0,-1000,-22000,-1000,0
2020-10-21,2342,223000,0,7000,230000,7000,0
2020-10-22,2342,-316000,0,0,-316000,0,0
2020-10-23,2342,981000,0,0,981000,0,0
2020-10-26,2342,720000,0,-2000,718000,-2000,0
2020-10-27,2342,-84000,0,459,-83541,459,0
2020-10-28,2342,-555000,0,-1000,-556000,-1000,0
2020-10-29,2342,-724000,0,-200,-724200,-200,0
2020-10-30,2342,-329000,0,-2000,-331000,-2000,0
2020-11-02,2342,-98000,0,-1000,-99000,-1000,0
2020-11-03,2342,428000,0,0,428000,0,0
2020-11-04,2342,-816000,0,5200,-810800,5200,0
2020-11-05,2342,589000,0,0,589000,0,0
2020-11-06,2342,113000,0,0,113000,0,0
2020-11-09,2342,1264000,0,2130,1266130,2130,0
2020-11-10,2342,1223000,0,-80,1222920,-80,0
2020-11-11,2342,1605000,0,3000,1608000,3000,0
2020-11-12,2342,-743000,0,1100,-741900,1100,0
2020-11-13,2342,1764000,0,1011,1765011,1011,0
2020-11-16,2342,563000,0,2100,565100,2100,0
2020-11-17,2342,862811,0,0,862811,0,0
2020-11-18,2342,808000,0,0,808000,0,0
2020-11-19,2342,458000,0,0,458000,0,0
2020-11-20,2342,-2302000,0,-405,-2302405,-405,0
2020-11-23,2342,-2414039,0,1000,-2413039,1000,0
2020-11-24,2342,1889000,0,-1111,1887889,-1111,0
2020-11-25,2342,741000,0,-1100,739900,-1100,0
2020-11-26,2342,1769000,0,0,1769000,0,0
2020-11-27,2342,2791000,0,0,2791000,0,0
2020-11-30,2342,668000,0,15100,683100,100,15000
2020-12-01,2342,47000,0,-204,46796,-204,0
2020-12-02,2342,-621000,0,7000,-614000,7000,0
2020-12-03,2342,-267000,0,0,-267000,0,0
2020-12-04,2342,1415000,0,50000,1465000,50000,0
2020-12-07,2342,-1824000,0,-52000,-1876000,-52000,0
2020-12-08,2342,1447000,0,-1000,1446000,-1000,0
2020-12-09,2342,-917000,0,60,-916940,60,0
2020-12-10,2342,1058000,0,-7031,1050969,-7031,0
2020-12-11,2342,467000,0,-29,466971,-29,0
2020-12-14,2342,941000,0,0,941000,0,0
2020-12-15,2342,-1390000,0,2000,-1388000,2000,0
2020-12-16,2342,36000,0,1000,37000,1000,0
2020-12-17,2342,240000,0,-1000,239000,-1000,0
2020-12-18,2342,-195000,0,0,-195000,0,0
2020-12-21,2342,558000,0,-2000,556000,-2000,0
2020-12-22,2342,1152000,0,-385,1151615,-1000,615
2020-12-23,2342,47000,0,0,47000,0,0
2020-12-24,2342,-154000,0,1000,-153000,1000,0
2020-12-25,2342,1013000,250000,0,1263000,0,0
2020-12-28,2342,-169000,0,150000,-19000,150000,0
2020-12-29,2342,-1379000,100000,-151000,-1430000,-151000,0
2020-12-30,2342,-949000,0,1000,-948000,1000,0
2020-12-31,2342,-236000,0,0,-236000,0,0
2021-01-04,2342,246000,100000,0,346000,0,0
2021-01-05,2342,142000,0,0,142000,0,0
2021-01-06,2342,-153000,0,0,-153000,0,0
2021-01-07,2342,87000,0,5000,92000,5000,0
2021-01-08,2342,-150000,0,1000,-149000,1000,0
2021-01-11,2342,960000,50000,0,1010000,0,0
2021-01-12,2342,-1520000,0,1000,-1519000,1000,0
2021-01-13,2342,-871900,0,57000,-814900,57000,0
2021-01-14,2342,-2786000,0,-52000,-2838000,-52000,0
2021-01-15,2342,-1283000,0,1000,-1282000,1000,0
2021-01-18,2342,5000,0,1016,6016,1016,0
2021-01-19,2342,365971,0,49984,415955,49984,0
2021-01-20,2342,-1732000,0,0,-1732000,0,0
2021-01-21,2342,-167999,0,-1000,-168999,-1000,0
2021-01-22,2342,764000,-150000,-1000,613000,-1000,0
2021-01-25,2342,-1585000,0,-49000,-1634000,-49000,0
2021-01-26,2342,-396000,0,-1000,-397000,-1000,0
2021-01-27,2342,-91000,0,0,-91000,0,0
2021-01-28,2342,-730000,0,-1000,-731000,-1000,0
2021-01-29,2342,-676000,0,1000,-675000,1000,0
2021-02-01,2342,-198000,-50000,4000,-244000,4000,0
2021-02-02,2342,-63000,0,0,-63000,0,0
2021-02-03,2342,95000,0,1000,96000,1000,0
2021-02-04,2342,-103000,0,0,-103000,0,0
2021-02-05,2342,19000,0,2000,21000,2000,0
2021-02-17,2342,934955,0,0,934955,0,0
2021-02-18,2342,359000,0,0,359000,0,0
2021-02-19,2342,343000,0,0,343000,0,0
2021-02-22,2342,293050,0,0,293050,0,0
2021-02-23,2342,809333,-350000,0,459333,0,0
2021-02-24,2342,-525050,0,0,-525050,0,0
2021-02-25,2342,-504000,0,0,-504000,0,0
2021-02-26,2342,1579364,0,0,1579364,0,0
2021-03-02,2342,-285000,0,0,-285000,0,0
2021-03-03,2342,27000,0,2000,29000,2000,0
2021-03-04,2342,-174000,0,-2000,-176000,-2000,0
2021-03-05,2342,-93000,0,-1000,-94000,-1000,0
2021-03-08,2342,-616000,0,0,-616000,0,0
2021-03-09,2342,128000,0,11000,139000,11000,0
2021-03-10,2342,225000,0,0,225000,0,0
2021-03-11,2342,920000,0,-1000,919000,-1000,0
2021-03-12,2342,1750100,0,0,1750100,0,0
2021-03-15,2342,661900,0,0,661900,0,0
2021-03-16,2342,-3380000,0,-1000,-3381000,-1000,0
2021-03-17,2342,-193000,0,-15615,-208615,0,-15615
2021-03-18,2342,-1261000,0,0,-1261000,0,0
2021-03-19,2342,475000,0,-1000,474000,-1000,0
2021-03-22,2342,-155950,0,0,-155950,0,0
2021-03-23,2342,-894000,0,0,-894000,0,0
2021-03-24,2342,96900,0,0,96900,0,0
2021-03-25,2342,877000,0,-1000,876000,-1000,0
2021-03-26,2342,-28950,0,0,-28950,0,0
2021-03-29,2342,1938900,0,0,1938900,0,0
2021-03-30,2342,-239000,0,0,-239000,0,0
2021-03-31,2342,-267000,0,0,-267000,0,0
2021-04-01,2342,1725000,0,0,1725000,0,0
2021-04-06,2342,148050,0,0,148050,0,0
2021-04-07,2342,-2072050,0,0,-2072050,0,0
2021-04-08,2342,522001,0,0,522001,0,0
2021-04-09,2342,-1460000,0,0,-1460000,0,0
2021-04-12,2342,-320000,0,0,-320000,0,0
2021-04-13,2342,-305950,0,0,-305950,0,0
2021-04-14,2342,-570000,0,-9000,-579000,-9000,0
2021-04-15,2342,-100950,0,2000,-98950,2000,0
2021-04-16,2342,-238000,0,0,-238000,0,0
2021-04-19,2342,-607000,0,-3000,-610000,-3000,0
2021-04-20,2342,-263000,0,0,-263000,0,0
2021-04-21,2342,556900,0,-3000,553900,-3000,0
2021-04-22,2342,-57000,0,1000,-56000,1000,0
2021-04-23,2342,-771000,0,0,-771000,0,0
2021-04-26,2342,108000,0,0,108000,0,0
2021-04-27,2342,9050,0,0,9050,0,0
2021-04-28,2342,83000,0,0,83000,0,0
2021-04-29,2342,-111000,0,-3000,-114000,-3000,0
2021-05-03,2342,-294000,0,0,-294000,0,0
2021-05-04,2342,396000,0,3000,399000,3000,0
2021-05-05,2342,-126000,0,-999,-126999,-999,0
2021-05-06,2342,-201000,0,-1,-201001,-1,0
2021-05-07,2342,523159,0,0,523159,0,0
2021-05-10,2342,-391525,0,0,-391525,0,0
2021-05-11,2342,-496965,0,-1000,-497965,-1000,0
2021-05-12,2342,451000,0,0,451000,0,0
2021-05-13,2342,615025,0,0,615025,0,0
2021-05-14,2342,-244000,0,1000,-243000,1000,0
2021-05-17,2342,362000,0,1000,363000,1000,0
2021-05-18,2342,1558000,0,2000,1560000,2000,0
2021-05-19,2342,-2980,0,4,-2976,4,0
2021-05-20,2342,-700000,0,-4,-700004,-4,0
2021-05-21,2342,248000,0,-50983,197017,-50983,0
2021-05-24,2342,554000,0,-1000,553000,-1000,0
2021-05-25,2342,57000,0,-17,56983,-17,0
2021-05-26,2342,-411000,0,0,-411000,0,0
2021-05-27,2342,293000,0,-1000,292000,-1000,0
2021-05-28,2342,151000,0,0,151000,0,0
2021-05-31,2342,439000,0,-1000,438000,-1000,0
2021-06-01,2342,-327000,0,0,-327000,0,0
2021-06-02,2342,-64000,0,-1000,-65000,-1000,0
2021-06-03,2342,535000,0,0,535000,0,0
2021-06-04,2342,15000,0,0,15000,0,0
2021-06-07,2342,183763,0,0,183763,0,0
2021-06-08,2342,165000,0,0,165000,0,0
2021-06-09,2342,236000,0,0,236000,0,0
2021-06-10,2342,-401000,0,0,-401000,0,0
2021-06-11,2342,219000,0,0,219000,0,0
2021-06-15,2342,238000,0,0,238000,0,0
2021-06-16,2342,-780000,0,0,-780000,0,0
2021-06-17,2342,232000,0,0,232000,0,0
2021-06-18,2342,-633000,0,-1000,-634000,-1000,0
2021-06-21,2342,-646000,0,-3000,-649000,-3000,0
2021-06-22,2342,-87500,0,0,-87500,0,0
2021-06-23,2342,842000,0,0,842000,0,0
2021-06-24,2342,-2292130,0,278000,-2014130,278000,0
2021-06-25,2342,-352000,0,0,-352000,0,0
2021-06-28,2342,-56000,0,-178000,-234000,-178000,0
2021-06-29,2342,134050,0,-100000,34050,-100000,0
2021-06-30,2342,-214050,0,0,-214050,0,0
2021-07-01,2342,-323000,0,0,-323000,0,0
2021-07-02,2342,568500,510000,0,1078500,0,0
2021-07-05,2342,-446606,20000,303000,-123606,303000,0
2021-07-06,2342,-110000,0,42000,-68000,42000,0
2021-07-07,2342,224108,704000,-51000,877108,-51000,0
2021-07-08,2342,251070,0,100000,351070,100000,0
2021-07-09,2342,1731050,0,100000,1831050,100000,0
2021-07-12,2342,-950025,0,100000,-850025,100000,0
2021-07-13,2342,-613995,0,5000,-608995,5000,0
2021-07-14,2342,536000,0,-199000,337000,-199000,0
2021-07-15,2342,442500,-348000,0,94500,0,0
2021-07-16,2342,-779000,0,0,-779000,0,0
2021-07-19,2342,-689000,0,0,-689000,0,0
2021-07-20,2342,-627430,-866000,0,-1493430,0,0
2021-07-21,2342,-103440,0,1000,-102440,1000,0
2021-07-22,2342,-677490,0,3000,-674490,3000,0
2021-07-23,2342,153931,0,0,153931,0,0
2021-07-26,2342,1698000,0,0,1698000,0,0
2021-07-27,2342,-687000,0,1000,-686000,1000,0
2021-07-28,2342,3368470,0,1000,3369470,1000,0
2021-07-29,2342,-210000,0,0,-210000,0,0
2021-07-30,2342,-95000,0,0,-95000,0,0
2021-08-02,2342,1006000,0,5869,1011869,5000,869
2021-08-03,2342,-2972981,0,0,-2972981,0,0
2021-08-04,2342,-80000,0,2962,-77038,3000,-38
2021-08-05,2342,151000,0,60065,211065,60000,65
2021-08-06,2342,-1197000,0,-2000,-1199000,-2000,0
2021-08-09,2342,83000,0,-596,82404,0,-596
2021-08-10,2342,419000,0,189,419189,0,189
2021-08-11,2342,37000,0,-334,36666,169,-503
2021-08-12,2342,1878000,0,1655,1879655,1655,0
2021-08-13,2342,-740000,0,-60908,-800908,-59994,-914
2021-08-16,2342,538000,0,209,538209,1209,-1000
2021-08-17,2342,-172000,0,-536,-172536,383,-919
2021-08-18,2342,651000,0,1705,652705,3751,-2046
2021-08-19,2342,-332000,0,-2357,-334357,-1865,-492
2021-08-20,2342,583000,0,793,583793,929,-136
2021-08-23,2342,143000,0,96,143096,5096,-5000
2021-08-24,2342,-1357000,0,1344,-1355656,1637,-293
2021-08-25,2342,-2080050,0,61292,-2018758,61478,-186
2021-08-26,2342,-546000,0,-11125,-557125,-11125,0
2021-08-27,2342,70000,0,-70131,-131,-70131,0
2021-08-30,2342,-124000,0,-214182,-338182,-204182,-10000
2021-08-31,2342,-159000,0,1031,-157969,1031,0
2021-09-01,2342,1202000,0,1722,1203722,1722,0
2021-09-02,2342,1827050,0,-994,1826056,-994,0
2021-09-03,2342,751950,0,1329,753279,1329,0
2021-09-06,2342,-632700,0,206,-632494,206,0
2021-09-07,2342,-69300,0,-144674,-213974,-144674,0
2021-09-08,2342,-94000,0,-1322,-95322,-1322,0
2021-09-09,2342,408000,0,-443,407557,-443,0
2021-09-10,2342,89000,0,189,89189,189,0
2021-09-13,2342,-280000,0,-896,-280896,-896,0
2021-09-14,2342,66000,0,534,66534,534,0
2021-09-15,2342,113289,0,-273,113016,-273,0
2021-09-16,2342,158000,0,864,158864,864,0
2021-09-17,2342,430000,0,0,430000,0,0
2021-09-22,2342,517000,0,-2000,515000,-2000,0
2021-09-23,2342,-221000,0,0,-221000,0,0
2021-09-24,2342,-976000,0,-115,-976115,-115,0
2021-09-27,2342,1029000,0,832,1029832,832,0
2021-09-28,2342,-219131,0,0,-219131,0,0
2021-09-29,2342,-102000,0,-1000,-103000,-1000,0
2021-09-30,2342,-370000,0,0,-370000,0,0
2021-10-01,2342,464000,0,-1000,463000,-1000,0
2021-10-04,2342,-118000,0,0,-118000,0,0
2021-10-05,2342,258000,0,0,258000,0,0
2021-10-06,2342,-221000,0,-2000,-223000,-2000,0
2021-10-07,2342,316000,0,6000,322000,6000,0
2021-10-08,2342,-207000,0,-9000,-216000,-9000,0
2021-10-12,2342,-412000,0,0,-412000,0,0
2021-10-13,2342,-22000,0,66000,44000,1000,65000
2021-10-14,2342,-58000,0,-38000,-96000,1000,-39000
2021-10-15,2342,259000,0,1000,260000,2000,-1000
2021-10-18,2342,-36000,0,2000,-34000,2000,0
2021-10-19,2342,190000,0,22000,212000,3000,19000
2021-10-20,2342,-921000,0,10000,-911000,0,10000
2021-10-21,2342,-97000,0,3000,-94000,0,3000
2021-10-22,2342,231000,0,-14000,217000,0,-14000
2021-10-25,2342,-277000,0,2000,-275000,-1000,3000
2021-10-26,2342,607000,0,90931,697931,0,90931
2021-10-27,2342,742000,0,-28000,714000,0,-28000
2021-10-28,2342,903000,0,-30000,873000,0,-30000
2021-10-29,2342,-256000,0,-2000,-258000,2000,-4000
2021-11-01,2342,3964000,0,5832,3969832,0,5832
2021-11-02,2342,-3731000,0,71000,-3660000,0,71000
2021-11-03,2342,285123,-20000,-32000,233123,-1000,-31000
2021-11-04,2342,-341000,0,4000,-337000,0,4000
2021-11-05,2342,-546000,0,-54000,-600000,0,-54000
2021-11-08,2342,-378000,0,-2000,-380000,0,-2000
2021-11-09,2342,252000,0,-10000,242000,0,-10000
2021-11-10,2342,549000,0,48,549048,0,48
2021-11-11,2342,350000,0,1087,351087,1000,87
2021-11-12,2342,319000,0,1008,320008,3000,-1992
2021-11-15,2342,1037146,0,115652,1152798,1000,114652
2021-11-16,2342,-1315000,0,-49707,-1364707,5000,-54707
2021-11-17,2342,1714000,0,100711,1814711,0,100711
2021-11-18,2342,193096,0,309479,502575,-13000,322479
2021-11-19,2342,-461000,0,-272076,-733076,0,-272076
2021-11-22,2342,-463000,0,239523,-223477,34000,205523
2021-11-23,2342,-690000,0,-166653,-856653,71000,-237653
2021-11-24,2342,2079000,0,325831,2404831,25000,300831
2021-11-25,2342,-2009285,0,112834,-1896451,-20000,132834
2021-11-26,2342,1786000,0,69076,1855076,7000,62076
2021-11-29,2342,848997,0,-458920,390077,-108000,-350920
2021-11-30,2342,2491020,0,93662,2584682,-1000,94662
2021-12-01,2342,-3125000,0,-8894,-3133894,-2000,-6894
2021-12-02,2342,473980,0,-65000,408980,0,-65000
2021-12-03,2342,1943000,0,-8632,1934368,-1000,-7632
2021-12-06,2342,-188000,0,277939,89939,0,277939
2021-12-07,2342,-1785600,0,179047,-1606553,0,179047
2021-12-08,2342,-632000,0,172185,-459815,0,172185
2021-12-09,2342,-474000,0,-351976,-825976,0,-351976
2021-12-10,2342,-1732200,0,-96648,-1828848,0,-96648
2021-12-13,2342,-838000,0,1564,-836436,0,1564
2021-12-14,2342,-867000,0,-36396,-903396,0,-36396
2021-12-15,2342,-736000,0,5144,-730856,0,5144
2021-12-16,2342,-699000,0,35221,-663779,0,35221
2021-12-17,2342,-751140,0,-57563,-808703,0,-57563
2021-12-20,2342,-511060,0,-13618,-524678,-2000,-11618
2021-12-21,2342,101000,0,-5272,95728,-2000,-3272
2021-12-22,2342,-535000,0,-6617,-541617,-1000,-5617
2021-12-23,2342,-788000,0,163509,-624491,-3000,166509
2021-12-24,2342,-323000,0,125000,-198000,0,125000
2021-12-27,2342,627000,0,257977,884977,0,257977
2021-12-28,2342,-115000,0,-356425,-471425,0,-356425
2021-12-29,2342,863000,0,-56493,806507,0,-56493
2021-12-30,2342,-335000,0,-5024,-340024,0,-5024
2022-01-03,2342,1328020,0,76382,1404402,0,76382
2022-01-04,2342,-822000,0,-172755,-994755,0,-172755
2022-01-05,2342,267000,0,-22620,244380,-1000,-21620
2022-01-06,2342,-471000,0,-26963,-497963,-1000,-25963
2022-01-07,2342,-433000,0,-61190,-494190,0,-61190
2022-01-10,2342,-78000,0,-8048,-86048,1000,-9048
2022-01-11,2342,-323000,0,-77372,-400372,0,-77372
2022-01-12,2342,-7000,0,-3363,-10363,0,-3363
2022-01-13,2342,-606000,0,-11475,-617475,0,-11475
2022-01-14,2342,-99020,0,-25015,-124035,0,-25015
2022-01-17,2342,509000,0,-2000,507000,-2000,0
2022-01-18,2342,-151000,0,-1769,-152769,0,-1769
2022-01-19,2342,207000,0,37,207037,1000,-963
2022-01-20,2342,32000,0,-252,31748,0,-252
2022-01-21,2342,-140000,0,-45570,-185570,-2000,-43570
2022-01-24,2342,576000,0,-15001,560999,0,-15001
2022-01-25,2342,-124110,0,-31453,-155563,-2000,-29453
2022-01-26,2342,268000,0,-19925,248075,0,-19925
2022-02-07,2342,262000,0,1999,263999,0,1999
2022-02-08,2342,1000,0,-7001,-6001,0,-7001
2022-02-09,2342,-116000,0,-51,-116051,0,-51
2022-02-10,2342,382000,0,-5000,377000,1000,-6000
2022-02-11,2342,944000,0,0,944000,0,0
2022-02-14,2342,-204000,0,-9866,-213866,0,-9866
2022-02-15,2342,426000,0,-697,425303,0,-697
2022-02-16,2342,382000,0,-4086,377914,2000,-6086
2022-02-17,2342,430000,0,0,430000,0,0
2022-02-18,2342,200000,0,-25,199975,0,-25
2022-02-21,2342,460000,0,0,460000,0,0
2022-02-22,2342,-631000,0,8997,-622003,-1000,9997
2022-02-23,2342,404000,0,-23,403977,0,-23
2022-02-24,2342,-523000,0,-7683,-530683,0,-7683
2022-02-25,2342,122000,0,-35,121965,0,-35
2022-03-01,2342,329000,0,-13045,315955,2000,-15045
2022-03-02,2342,86000,0,-5,85995,0,-5
2022-03-03,2342,-287000,0,-56,-287056,0,-56
2022-03-04,2342,102000,0,-4018,97982,-1000,-3018
2022-03-07,2342,-329000,0,-19377,-348377,4000,-23377
2022-03-08,2342,660000,0,-11008,648992,-3000,-8008
2022-03-09,2342,297000,0,0,297000,0,0
2022-03-10,2342,-279009,0,-2000,-281009,0,-2000
2022-03-11,2342,-86000,0,0,-86000,0,0
2022-03-14,2342,22000,0,-6031,15969,0,-6031
2022-03-15,2342,-137000,0,-9140,-146140,0,-9140
2022-03-16,2342,111889,0,-1077,110812,0,-1077
2022-03-17,2342,747000,0,0,747000,0,0
2022-03-18,2342,80000,0,-2000,78000,-2000,0
2022-03-21,2342,16000,0,-10059,5941,-9000,-1059
2022-03-22,2342,188000,0,-2001,185999,0,-2001
2022-03-23,2342,39000,0,-1001,37999,0,-1001
2022-03-24,2342,91000,0,-1346,89654,0,-1346
2022-03-25,2342,-214000,0,-3874,-217874,-2000,-1874
2022-03-28,2342,-118000,0,-1508,-119508,0,-1508
2022-03-29,2342,4000,0,-3039,961,-3000,-39
2022-03-30,2342,94000,0,-25,93975,0,-25
2022-03-31,2342,-98000,0,-1095,-99095,0,-1095
2022-04-01,2342,-296000,0,-5707,-301707,-5000,-707
2022-04-06,2342,-274000,0,-1414,-275414,0,-1414
2022-04-07,2342,-257000,0,-2978,-259978,0,-2978
2022-04-08,2342,-87000,0,-1554,-88554,0,-1554
2022-04-11,2342,-149000,0,-5653,-154653,-4000,-1653
2022-04-12,2342,83000,0,-3999,79001,-2000,-1999
2022-04-13,2342,52000,0,-2000,50000,0,-2000
2022-04-14,2342,-157000,0,-2083,-159083,0,-2083
2022-04-15,2342,-284000,0,-1101,-285101,0,-1101
2022-04-18,2342,124000,0,65070,189070,0,65070
2022-04-19,2342,-50000,0,-45000,-95000,0,-45000
2022-04-20,2342,233000,0,-8348,224652,0,-8348
2022-04-21,2342,50000,0,0,50000,0,0
2022-04-22,2342,-139000,0,-3982,-142982,-2000,-1982
2022-04-25,2342,171000,0,-7393,163607,-1000,-6393
2022-04-26,2342,90000,0,-2000,88000,-2000,0
2022-04-27,2342,416000,0,-667,415333,0,-667
2022-04-28,2342,173000,0,-1000,172000,0,-1000
2022-04-29,2342,92000,0,-6385,85615,0,-6385
2022-05-03,2342,193000,0,-1,192999,0,-1
2022-05-04,2342,37000,0,0,37000,0,0
2022-05-05,2342,121000,0,2000,123000,2000,0
2022-05-06,2342,-47000,0,900,-46100,1000,-100
2022-05-09,2342,86000,0,-2084,83916,-2000,-84
2022-05-10,2342,334000,0,-5000,329000,-5000,0
2022-05-11,2342,-152428,0,0,-152428,0,0
2022-05-12,2342,282000,0,0,282000,0,0
2022-05-13,2342,-43000,0,12000,-31000,12000,0
2022-05-16,2342,417000,0,176000,593000,176000,0
2022-05-17,2342,-114000,0,139000,25000,60000,79000
2022-05-18,2342,181000,0,305000,486000,6000,299000
2022-05-19,2342,1145000,0,-322000,823000,4000,-326000
2022-05-20,2342,-205000,0,-14303,-219303,0,-14303
2022-05-23,2342,14000,0,-6022,7978,2000,-8022
2022-05-24,2342,1151000,0,-16000,1135000,0,-16000
2022-05-25,2342,-67000,0,-4000,-71000,0,-4000
2022-05-26,2342,-775000,0,0,-775000,0,0
2022-05-27,2342,-619000,0,436,-618564,855,-419
2022-05-30,2342,453000,0,8021,461021,21,8000
2022-05-31,2342,-565000,0,39000,-526000,0,39000
2022-06-01,2342,-303000,0,9944,-293056,4944,5000
2022-06-02,2342,-709000,0,-5778,-714778,0,-5778
2022-06-06,2342,-323000,0,-9016,-332016,-7023,-1993
2022-06-07,2342,-130000,0,-4716,-134716,-23000,18284
2022-06-08,2342,0,0,14996,14996,0,14996
2022-06-09,2342,81000,0,1000,82000,0,1000
2022-06-10,2342,-102000,0,-12000,-114000,-10000,-2000
2022-06-13,2342,96000,0,-16172,79828,-11172,-5000
2022-06-14,2342,586000,0,182,586182,810,-628
2022-06-15,2342,175101,0,-3000,172101,-1000,-2000
2022-06-16,2342,250000,0,-554,249446,0,-554
2022-06-17,2342,-1000,0,-478,-1478,0,-478
2022-06-20,2342,-263000,0,-6000,-269000,0,-6000
2022-06-21,2342,191000,0,7197,198197,7197,0
2022-06-22,2342,-176000,0,-1055,-177055,1000,-2055
2022-06-23,2342,-103000,0,14972,-88028,15232,-260
2022-06-24,2342,-193000,0,30969,-162031,30969,0
2022-06-27,2342,734000,0,16000,750000,16000,0
2022-06-28,2342,-200000,0,1000,-199000,1000,0
2022-06-29,2342,-99000,0,-341,-99341,144,-485
2022-06-30,2342,-192000,0,-842,-192842,0,-842
2022-07-01,2342,330000,0,-24173,305827,10843,-35016
2022-07-04,2342,62000,0,-416,61584,20000,-20416
2022-07-05,2342,74000,0,26534,100534,32534,-6000
2022-07-06,2342,-193000,0,2729,-190271,-1005,3734
2022-07-07,2342,222000,0,-12000,210000,-1000,-11000
2022-07-08,2342,-53000,0,-1808,-54808,-1000,-808
2022-07-11,2342,109000,0,-2000,107000,-2000,0
2022-07-12,2342,121000,0,-15358,105642,-2000,-13358
2022-07-13,2342,353000,0,0,353000,0,0
2022-07-14,2342,32000,0,16000,48000,16000,0
2022-07-15,2342,-86000,0,-6000,-92000,-6000,0
2022-07-18,2342,170000,0,0,170000,0,0
2022-07-19,2342,189050,0,0,189050,0,0
2022-07-20,2342,209000,0,-2000,207000,-2000,0
2022-07-21,2342,142951,0,0,142951,0,0
2022-07-22,2342,9000,0,-1000,8000,-1000,0
2022-07-25,2342,213000,0,0,213000,0,0
2022-07-26,2342,5000,0,-3000,2000,-3000,0
2022-07-27,2342,164000,0,0,164000,0,0
2022-07-28,2342,-56000,0,20000,-36000,0,20000
2022-07-29,2342,-37000,0,0,-37000,0,0
2022-08-01,2342,-8000,0,4848,-3152,0,4848
2022-08-02,2342,-80000,0,749,-79251,1000,-251
2022-08-03,2342,-275000,0,-6298,-281298,0,-6298
2022-08-04,2342,-216000,0,-4334,-220334,-3000,-1334
2022-08-05,2342,577000,0,-1123,575877,-1123,0
2022-08-08,2342,3999,0,-1000,2999,-1000,0
2022-08-09,2342,-45000,0,125000,80000,0,125000
2022-08-10,2342,-84000,0,-15000,-99000,-6000,-9000
2022-08-11,2342,-321000,0,-75674,-396674,0,-75674
2022-08-12,2342,13000,0,-224000,-211000,-224000,0
2022-08-15,2342,551000,0,-50000,501000,-48000,-2000
2022-08-16,2342,241000,0,0,241000,0,0
2022-08-17,2342,339000,0,-19000,320000,0,-19000
2022-08-18,2342,190000,0,7000,197000,-1000,8000
2022-08-19,2342,-233000,0,8000,-225000,0,8000
2022-08-22,2342,65000,0,4000,69000,0,4000
2022-08-23,2342,279000,0,-146,278854,-146,0
2022-08-24,2342,-39000,0,3000,-36000,3000,0
2022-08-25,2342,544000,0,1000,545000,1000,0
2022-08-26,2342,-95000,0,4000,-91000,0,4000
2022-08-29,2342,-42000,0,-15000,-57000,-9000,-6000
2022-08-30,2342,-1000,0,-6000,-7000,-1000,-5000
2022-08-31,2342,132000,0,0,132000,0,0
2022-09-01,2342,-160000,0,-18058,-178058,-17058,-1000
2022-09-02,2342,119000,0,-4,118996,-4,0
2022-09-05,2342,-751000,0,-3000,-754000,-3000,0
2022-09-06,2342,-346000,0,-32000,-378000,0,-32000
2022-09-07,2342,-6000,0,-15000,-21000,-15000,0
2022-09-08,2342,711000,0,-14,710986,-14,0
2022-09-12,2342,636000,0,-10000,626000,0,-10000
2022-09-13,2342,966000,0,0,966000,0,0
2022-09-14,2342,-125000,0,-1004,-126004,-1004,0
2022-09-15,2342,-62000,0,-3000,-65000,-3000,0
2022-09-16,2342,93000,0,-7000,86000,-7000,0
2022-09-19,2342,-257000,0,0,-257000,0,0
2022-09-20,2342,22000,0,0,22000,0,0
2022-09-21,2342,-219000,0,-8000,-227000,-1000,-7000
2022-09-22,2342,-86000,0,-7000,-93000,-3000,-4000
2022-09-23,2342,-421000,0,6000,-415000,6000,0
2022-09-26,2342,-383000,0,-594,-383594,0,-594
2022-09-27,2342,-333000,0,-3000,-336000,-3000,0
2022-09-28,2342,-415000,0,1000,-414000,1000,0
2022-09-29,2342,-20000,0,-5000,-25000,0,-5000
2022-09-30,2342,-152000,0,-2000,-154000,-2000,0
2022-10-03,2342,-15000,0,0,-15000,0,0
2022-10-04,2342,61000,0,0,61000,0,0
2022-10-05,2342,-9000,0,-1237,-10237,0,-1237
2022-10-06,2342,105000,0,-2000,103000,0,-2000
2022-10-07,2342,-71000,0,0,-71000,0,0
2022-10-11,2342,-370000,0,-1981,-371981,0,-1981
2022-10-12,2342,-183000,0,-330,-183330,0,-330
2022-10-13,2342,152000,0,-1358,150642,0,-1358
2022-10-14,2342,288000,0,3932,291932,4000,-68
2022-10-17,2342,21000,-36000,0,-15000,0,0
2022-10-18,2342,-335000,0,11000,-324000,11000,0
2022-10-19,2342,-658000,0,-2000,-660000,0,-2000
2022-10-20,2342,-496000,0,-608,-496608,0,-608
2022-10-21,2342,-69000,0,0,-69000,0,0
2022-10-24,2342,-51000,0,0,-51000,0,0
2022-10-25,2342,173000,0,15000,188000,15000,0
2022-10-26,2342,95000,0,10000,105000,12000,-2000
2022-10-27,2342,357950,0,0,357950,0,0
2022-10-28,2342,-133000,0,0,-133000,0,0
2022-10-31,2342,392000,0,2000,394000,2000,0
2022-11-01,2342,579000,0,8000,587000,8000,0
2022-11-02,2342,-480000,0,2000,-478000,2000,0
2022-11-03,2342,363000,0,-5000,358000,-5000,0
2022-11-04,2342,267000,0,0,267000,0,0
2022-11-07,2342,-62000,0,0,-62000,0,0
2022-11-08,2342,163000,0,730,163730,1000,-270
2022-11-09,2342,205000,0,0,205000,0,0
2022-11-10,2342,53000,0,0,53000,0,0
2022-11-11,2342,-264000,0,0,-264000,0,0
2022-11-14,2342,582000,0,84000,666000,84000,0
2022-11-15,2342,319000,0,61000,380000,61000,0
2022-11-16,2342,-48018,0,-2000,-50018,-2000,0
2022-11-17,2342,358000,0,12000,370000,12000,0
2022-11-18,2342,-217000,0,1000,-216000,1000,0
2022-11-21,2342,102000,0,0,102000,0,0
2022-11-22,2342,-271000,0,0,-271000,0,0
2022-11-23,2342,132000,0,-430,131570,0,-430
2022-11-24,2342,-117000,0,4000,-113000,4000,0
2022-11-25,2342,468000,0,-4414,463586,-4414,0
2022-11-28,2342,-835000,0,-5000,-840000,-5000,0
2022-11-29,2342,-1164000,0,-3565,-1167565,-3094,-471
2022-11-30,2342,-262000,0,-2898,-264898,-2000,-898
2022-12-01,2342,409018,0,-5078,403940,-5000,-78
2022-12-02,2342,369000,0,11000,380000,11000,0
2022-12-05,2342,-178000,0,-1255,-179255,-1000,-255
2022-12-06,2342,159000,0,-13000,146000,-13000,0
2022-12-07,2342,58000,0,-408,57592,0,-408
2022-12-08,2342,126000,0,10000,136000,10000,0
2022-12-09,2342,108000,0,0,108000,0,0
2022-12-12,2342,69000,0,0,69000,0,0
2022-12-13,2342,-155000,0,0,-155000,0,0
2022-12-14,2342,106000,0,0,106000,0,0
2022-12-15,2342,-90666,0,0,-90666,0,0
2022-12-16,2342,-101000,0,-2260,-103260,-2000,-260
2022-12-19,2342,107000,0,0,107000,0,0
2022-12-20,2342,-261000,0,-267,-261267,0,-267
2022-12-21,2342,-99000,0,-2000,-101000,-2000,0
2022-12-22,2342,-77000,0,-1000,-78000,0,-1000
2022-12-23,2342,-72000,0,-4000,-76000,-4000,0
2022-12-26,2342,-246000,0,0,-246000,0,0
2022-12-27,2342,70000,0,0,70000,0,0
2022-12-28,2342,-114000,0,0,-114000,2000,-2000
2022-12-29,2342,41000,0,-2000,39000,0,-2000
2022-12-30,2342,-175000,0,0,-175000,0,0
2023-01-03,2342,45000,0,33000,78000,33000,0
2023-01-04,2342,23000,0,76000,99000,76000,0
2023-01-05,2342,-107000,0,10000,-97000,10000,0
2023-01-06,2342,81000,0,-14308,66692,1000,-15308
2023-01-09,2342,55000,0,0,55000,0,0
2023-01-10,2342,-38000,0,10000,-28000,10000,0
2023-01-11,2342,-33000,0,0,-33000,0,0
2023-01-12,2342,-399000,0,-1000,-400000,-1000,0
2023-01-13,2342,-129000,0,0,-129000,0,0
2023-01-16,2342,17000,0,0,17000,0,0
2023-01-17,2342,-56000,0,0,-56000,0,0
2023-01-30,2342,87000,0,-12000,75000,-12000,0
2023-01-31,2342,315000,0,0,315000,0,0
2023-02-01,2342,435000,0,0,435000,0,0
2023-02-02,2342,428000,0,0,428000,0,0
2023-02-03,2342,512000,0,0,512000,0,0
2023-02-06,2342,206000,0,-9000,197000,-9000,0
2023-02-07,2342,-50000,0,0,-50000,0,0
2023-02-08,2342,69000,0,0,69000,0,0
2023-02-09,2342,32000,0,0,32000,0,0
2023-02-10,2342,169000,0,0,169000,0,0
2023-02-13,2342,104000,0,-1000,103000,-1000,0
2023-02-14,2342,257000,0,-5000,252000,-5000,0
2023-02-15,2342,452000,0,-1000,451000,-1000,0
2023-02-16,2342,14000,0,0,14000,0,0
2023-02-17,2342,199000,0,0,199000,0,0
2023-02-20,2342,-111000,0,0,-111000,0,0
2023-02-21,2342,517000,0,-8000,509000,-8000,0
2023-02-22,2342,-257000,0,-10000,-267000,-10000,0
2023-02-23,2342,-166055,0,0,-166055,0,0
2023-02-24,2342,-203000,0,2000,-201000,2000,0
2023-03-01,2342,167000,0,-11000,156000,-11000,0
2023-03-02,2342,-208000,0,-6000,-214000,-6000,0
2023-03-03,2342,-125000,0,0,-125000,0,0
2023-03-06,2342,-85000,0,0,-85000,0,0
2023-03-07,2342,48000,0,1000,49000,1000,0
2023-03-08,2342,536000,0,0,536000,0,0
2023-03-09,2342,14000,0,1000,15000,1000,0
2023-03-10,2342,-424000,0,-30000,-454000,-30000,0
2023-03-13,2342,-413000,0,-36000,-449000,-36000,0
2023-03-14,2342,-297000,0,-40000,-337000,-40000,0
2023-03-15,2342,-163000,0,-2000,-165000,-2000,0
2023-03-16,2342,-228000,0,-2000,-230000,-2000,0
2023-03-17,2342,1000,0,-22000,-21000,-22000,0
2023-03-20,2342,73000,0,-3000,70000,-3000,0
2023-03-21,2342,320000,0,0,320000,0,0
2023-03-22,2342,236000,0,0,236000,0,0
2023-03-23,2342,1259000,0,-6000,1253000,-6000,0
2023-03-24,2342,-907000,0,-4000,-911000,-4000,0
2023-03-27,2342,-188000,0,22000,-166000,22000,0
2023-03-28,2342,-3522000,20000,-36000,-3538000,-36000,0
2023-03-29,2342,-578000,15000,-1000,-564000,-1000,0
2023-03-30,2342,-673000,0,0,-673000,0,0
2023-03-31,2342,-108000,0,-5000,-113000,-5000,0
2023-04-06,2342,-1063000,0,-117000,-1180000,-117000,0
2023-04-07,2342,314000,0,0,314000,0,0
2023-04-10,2342,-138000,0,0,-138000,0,0
2023-04-11,2342,312000,0,0,312000,0,0
2023-04-12,2342,192000,0,17000,209000,0,17000
2023-04-13,2342,-87000,0,395,-86605,0,395
2023-04-14,2342,-356000,0,15380,-340620,0,15380
2023-04-17,2342,312000,0,12000,324000,0,12000
2023-04-18,2342,-402000,0,10904,-391096,0,10904
2023-04-19,2342,-534000,0,132216,-401784,37000,95216
2023-04-20,2342,-922000,0,136998,-785002,14000,122998
2023-04-21,2342,-997000,33000,-214133,-1178133,-47000,-167133
2023-04-24,2342,-215000,32000,-6017,-189017,0,-6017
2023-04-25,2342,379000,-2000,-8924,368076,-1000,-7924
2023-04-26,2342,595000,2000,-979,596021,2000,-2979
2023-04-27,2342,-350000,-2000,0,-352000,0,0
2023-04-28,2342,-367000,0,-1000,-368000,0,-1000
2023-05-02,2342,45000,0,1000,46000,1000,0
2023-05-03,2342,-130000,0,-750,-130750,0,-750
2023-05-04,2342,-94000,0,-2031,-96031,-2000,-31
2023-05-05,2342,-77000,0,-20000,-97000,0,-20000
2023-05-08,2342,-190000,0,0,-190000,0,0
2023-05-09,2342,20000,0,-720,19280,0,-720
2023-05-10,2342,-128000,0,0,-128000,0,0
2023-05-11,2342,-201000,0,-865,-201865,0,-865
2023-05-12,2342,171000,0,0,171000,0,0
2023-05-15,2342,1000,0,4000,5000,4000,0
2023-05-16,2342,85000,0,14000,99000,14000,0
2023-05-17,2342,-28000,0,67000,39000,67000,0
2023-05-18,2342,-92000,-2000,14000,-80000,14000,0
2023-05-19,2342,-149000,-1000,-8624,-158624,1000,-9624
2023-05-22,2342,208000,0,0,208000,0,0
2023-05-23,2342,-22000,-2000,0,-24000,0,0
2023-05-24,2342,-8000,-1000,-5,-9005,0,-5
2023-05-25,2342,-188000,-2000,-3000,-193000,-3000,0
2023-05-26,2342,-524000,-2000,6000,-520000,-1000,7000
2023-05-29,2342,77000,0,19000,96000,0,19000
2023-05-30,2342,26000,-1000,4000,29000,1000,3000
2023-05-31,2342,191000,0,4000,195000,4000,0
2023-06-01,2342,-19000,0,-3000,-22000,-3000,0
2023-06-02,2342,-178000,-3000,584,-180416,584,0
2023-06-05,2342,61000,0,0,61000,0,0
2023-06-06,2342,-149000,0,0,-149000,1000,-1000
2023-06-07,2342,308000,0,1000,309000,1000,0
2023-06-08,2342,-22000,0,0,-22000,0,0
2023-06-09,2342,158141,-2000,1000,157141,1000,0
2023-06-12,2342,175000,0,-1000,174000,-1000,0
2023-06-13,2342,166000,32000,1000,199000,1000,0
2023-06-14,2342,109000,-2000,0,107000,0,0
2023-06-15,2342,-24000,0,0,-24000,0,0
2023-06-16,2342,-131000,-1000,18723,-113277,12000,6723
2023-06-19,2342,81000,0,1000,82000,1000,0
2023-06-20,2342,-48000,0,31000,-17000,0,31000
2023-06-21,2342,40000,0,0,40000,0,0
2023-06-26,2342,-229000,0,583,-228417,0,583
2023-06-27,2342,-252000,0,-86,-252086,0,-86
2023-06-28,2342,32000,0,0,32000,0,0
2023-06-29,2342,74000,0,0,74000,0,0
2023-06-30,2342,121000,-2000,1999,120999,0,1999
2023-07-03,2342,182000,-1000,5000,186000,0,5000
2023-07-04,2342,219723,0,30000,249723,16000,14000
2023-07-05,2342,148632,-15000,-1000,132632,-1000,0
2023-07-06,2342,67000,0,-10000,57000,-10000,0
2023-07-07,2342,-166000,0,-15149,-181149,-15000,-149
2023-07-10,2342,113000,0,21642,134642,-2000,23642
2023-07-11,2342,529000,-2000,69000,596000,0,69000
2023-07-12,2342,-560000,-3000,0,-563000,0,0
2023-07-13,2342,-99000,0,-1264,-100264,0,-1264
2023-07-14,2342,5000,2000,0,7000,0,0
2023-07-17,2342,389000,1000,-1450,388550,-1000,-450
2023-07-18,2342,-236999,-29000,-176,-266175,0,-176
2023-07-19,2342,148000,-30000,-2000,116000,-2000,0
2023-07-20,2342,170000,-32000,3000,141000,3000,0
2023-07-21,2342,-147000,0,0,-147000,0,0
2023-07-24,2342,-209000,0,0,-209000,0,0
2023-07-25,2342,230000,0,4000,234000,4000,0
2023-07-26,2342,-107000,0,0,-107000,0,0
2023-07-27,2342,290000,0,0,290000,0,0
2023-07-28,2342,30000,0,0,30000,0,0
2023-07-31,2342,115000,0,-104,114896,0,-104
2023-08-01,2342,-45000,0,0,-45000,0,0
2023-08-02,2342,-23000,0,-1486,-24486,0,-1486
2023-08-04,2342,-13000,0,-5000,-18000,0,-5000
2023-08-07,2342,11000,0,-6000,5000,0,-6000
2023-08-08,2342,-42000,0,-9186,-51186,-3000,-6186
2023-08-09,2342,-262000,0,-35000,-297000,0,-35000
2023-08-10,2342,-352000,0,-22976,-374976,0,-22976
2023-08-11,2342,-293000,0,-68212,-361212,0,-68212
2023-08-14,2342,419000,0,-7016,411984,0,-7016
2023-08-15,2342,-50000,0,0,-50000,0,0
2023-08-16,2342,69000,0,0,69000,0,0
2023-08-17,2342,58000,0,-1011,56989,-1000,-11
2023-08-18,2342,-107000,0,-5091,-112091,-2000,-3091
2023-08-21,2342,10000,0,-3000,7000,0,-3000
2023-08-22,2342,-32000,0,0,-32000,0,0
2023-08-23,2342,262000,0,0,262000,0,0
2023-08-24,2342,11000,0,-1000,10000,-1000,0
2023-08-25,2342,-31000,0,-1000,-32000,-1000,0
2023-08-28,2342,27000,0,0,27000,0,0
2023-08-29,2342,86000,0,0,86000,0,0
2023-08-30,2342,211000,0,0,211000,0,0
2023-08-31,2342,-32000,0,1,-31999,1,0
2023-09-01,2342,153000,0,-1,152999,-1,0
2023-09-04,2342,-32000,0,0,-32000,0,0
2023-09-05,2342,48000,0,8000,56000,0,8000
2023-09-06,2342,51000,0,12000,63000,0,12000
2023-09-07,2342,202000,0,-3000,199000,-3000,0
2023-09-08,2342,-102000,0,-12000,-114000,-1000,-11000
2023-09-11,2342,-43000,0,-2000,-45000,-2000,0
2023-09-12,2342,29000,0,-4000,25000,0,-4000
2023-09-13,2342,45000,0,4000,49000,4000,0
2023-09-14,2342,-26000,0,-1000,-27000,0,-1000
2023-09-15,2342,73000,0,0,73000,0,0
2023-09-18,2342,20000,0,0,20000,0,0
2023-09-19,2342,-165000,0,-2000,-167000,-2000,0
2023-09-20,2342,-50000,0,-4000,-54000,-4000,0
2023-09-21,2342,-109000,0,-18000,-127000,-5000,-13000
2023-09-22,2342,31000,0,-7000,24000,-1000,-6000
2023-09-25,2342,6000,0,0,6000,0,0
2023-09-26,2342,-17000,0,-5000,-22000,-5000,0
2023-09-27,2342,-7000,0,0,-7000,0,0
2023-09-28,2342,-88000,0,0,-88000,0,0
2023-10-02,2342,119000,0,1,119001,0,1
2023-10-03,2342,61000,0,0,61000,0,0
2023-10-04,2342,-21000,0,-2000,-23000,0,-2000
2023-10-05,2342,96000,0,0,96000,0,0
2023-10-06,2342,112000,0,0,112000,0,0
2023-10-11,2342,-23000,0,6531,-16469,0,6531
2023-10-12,2342,76000,0,-2000,74000,0,-2000
2023-10-13,2342,48000,0,0,48000,0,0
2023-10-16,2342,-21000,0,1000,-20000,1000,0
2023-10-17,2342,94000,0,0,94000,0,0
2023-10-18,2342,-144000,0,0,-144000,0,0
2023-10-19,2342,-35988,0,-675,-36663,0,-675
2023-10-20,2342,62000,0,-562,61438,0,-562
2023-10-23,2342,93000,0,-2510,90490,0,-2510
2023-10-24,2342,-29000,0,4753,-24247,5000,-247
2023-10-25,2342,176000,0,0,176000,0,0
2023-10-26,2342,-49000,0,1000,-48000,1000,0
2023-10-27,2342,-68000,0,-306,-68306,0,-306
2023-10-30,2342,99000,0,-5000,94000,-5000,0
2023-10-31,2342,-125000,0,2319,-122681,3000,-681
2023-11-01,2342,18000,0,-2000,16000,-2000,0
2023-11-02,2342,76000,0,0,76000,0,0
2023-11-03,2342,43001,0,0,43001,0,0
2023-11-06,2342,111000,0,0,111000,0,0
2023-11-07,2342,1000,0,0,1000,0,0
2023-11-08,2342,-10000,0,0,-10000,0,0
2023-11-09,2342,-18012,0,0,-18012,0,0
2023-11-10,2342,-8000,0,0,-8000,0,0
2023-11-13,2342,0,0,-10000,-10000,3000,-13000
2023-11-14,2342,36000,0,1000,37000,1000,0
2023-11-15,2342,173000,0,9000,182000,9000,0
2023-11-16,2342,-21000,0,0,-21000,0,0
2023-11-17,2342,78000,0,-1000,77000,-1000,0
2023-11-20,2342,7000,0,-1000,6000,-1000,0
2023-11-21,2342,-167000,0,0,-167000,0,0
2023-11-22,2342,34000,0,0,34000,0,0
2023-11-23,2342,79000,0,0,79000,0,0
2023-11-24,2342,-8000,0,-2000,-10000,0,-2000
2023-11-27,2342,14000,0,0,14000,0,0
2023-11-28,2342,160000,0,3000,163000,3000,0
2023-11-29,2342,7000,0,0,7000,0,0
2023-11-30,2342,81000,0,-7000,74000,-8000,1000
2023-12-01,2342,-111000,0,1000,-110000,1000,0
2023-12-04,2342,75000,0,-1000,74000,-1000,0
2023-12-05,2342,-74000,0,-13,-74013,0,-13
2023-12-06,2342,-22000,0,-353,-22353,0,-353
2023-12-07,2342,-35000,0,-4000,-39000,-4000,0
2023-12-08,2342,4000,0,-22770,-18770,-1000,-21770
2023-12-11,2342,-33000,0,1000,-32000,1000,0
2023-12-12,2342,-68000,0,0,-68000,0,0
2023-12-13,2342,3000,0,0,3000,0,0
2023-12-14,2342,66000,0,-1000,65000,-1000,0
2023-12-15,2342,53000,0,0,53000,0,0
2023-12-18,2342,-10000,0,0,-10000,0,0
2023-12-19,2342,-225000,0,0,-225000,0,0
2023-12-20,2342,24000,0,0,24000,0,0
2023-12-21,2342,22000,0,-3000,19000,-3000,0
2023-12-22,2342,-48000,0,0,-48000,0,0
2023-12-25,2342,-11000,0,0,-11000,0,0
2023-12-26,2342,202000,0,0,202000,0,0
2023-12-27,2342,132000,0,1000,133000,1000,0
2023-12-28,2342,163000,0,8000,171000,0,8000
2023-12-29,2342,-79000,0,1000,-78000,1000,0
2024-01-02,2342,-29000,0,-3000,-32000,-3000,0
2024-01-03,2342,-188000,0,0,-188000,0,0
2024-01-04,2342,-263000,0,0,-263000,0,0
2024-01-05,2342,-148000,0,0,-148000,0,0
2024-01-08,2342,-33000,0,0,-33000,0,0
2024-01-09,2342,-150000,0,0,-150000,0,0
2024-01-10,2342,-172000,0,-13000,-185000,0,-13000
2024-01-11,2342,-22000,0,1000,-21000,1000,0
2024-01-12,2342,-7000,0,0,-7000,0,0
2024-01-15,2342,32000,0,0,32000,0,0
2024-01-16,2342,-224000,0,-4000,-228000,-4000,0
2024-01-17,2342,-196000,0,-16000,-212000,-1000,-15000
2024-01-18,2342,-207000,0,0,-207000,0,0
2024-01-19,2342,-24000,0,0,-24000,0,0
2024-01-22,2342,55000,0,0,55000,0,0
2024-01-23,2342,93999,0,0,93999,0,0
2024-01-24,2342,30000,0,0,30000,0,0
2024-01-25,2342,-41000,0,0,-41000,0,0
2024-01-26,2342,-114000,0,0,-114000,0,0
2024-01-29,2342,6000,0,0,6000,0,0
2024-01-30,2342,-80000,0,0,-80000,0,0
2024-01-31,2342,106000,0,0,106000,0,0
2024-02-01,2342,-75000,0,0,-75000,0,0
2024-02-02,2342,-45000,0,-2000,-47000,0,-2000
2024-02-05,2342,28000,0,0,28000,0,0
2024-02-15,2342,91000,0,0,91000,0,0
2024-02-16,2342,56000,0,0,56000,0,0
2024-02-19,2342,73000,0,0,73000,0,0
2024-02-20,2342,-58000,0,0,-58000,0,0
2024-02-21,2342,101000,0,0,101000,0,0
2024-02-22,2342,71001,0,4000,75001,4000,0
2024-02-23,2342,-50000,0,0,-50000,0,0
2024-02-26,2342,159000,0,1000,160000,1000,0
2024-02-27,2342,-91000,0,0,-91000,0,0
2024-02-29,2342,0,0,0,0,0,0
2024-03-01,2342,-17000,0,0,-17000,0,0
2024-03-04,2342,-10000,0,-1000,-11000,0,-1000
2024-03-05,2342,-49000,0,-1000,-50000,-1000,0
2024-03-06,2342,-42000,0,0,-42000,0,0
2024-03-07,2342,-46000,0,0,-46000,0,0
2024-03-08,2342,130000,0,-1000,129000,-1000,0
2024-03-11,2342,-323000,0,-1000,-324000,-1000,0
2024-03-12,2342,75001,0,3000,78001,3000,0
2024-03-13,2342,-176000,0,0,-176000,0,0
2024-03-14,2342,-22000,0,-3000,-25000,-3000,0
2024-03-15,2342,28000,0,5000,33000,5000,0
2024-03-18,2342,-45000,0,0,-45000,0,0
2024-03-19,2342,65001,0,-5000,60001,-5000,0
2024-03-20,2342,-51000,0,-2000,-53000,-2000,0
2024-03-21,2342,-36000,0,0,-36000,0,0
2024-03-22,2342,-71000,0,0,-71000,0,0
2024-03-25,2342,-11000,0,0,-11000,0,0
2024-03-26,2342,-465000,0,0,-465000,0,0
2024-03-27,2342,-11000,0,-1000,-12000,-1000,0
2024-03-28,2342,48000,0,0,48000,0,0
2024-03-29,2342,-8000,0,0,-8000,0,0
2024-04-01,2342,75000,0,0,75000,0,0
2024-04-02,2342,-62000,0,0,-62000,0,0
2024-04-03,2342,-14000,0,0,-14000,0,0
2024-04-08,2342,-80000,0,0,-80000,0,0
2024-04-09,2342,36000,0,0,36000,0,0
2024-04-10,2342,125000,0,0,125000,0,0
2024-04-11,2342,-111000,0,1000,-110000,1000,0
2024-04-12,2342,17000,0,-1000,16000,-1000,0
2024-04-15,2342,-85222,0,0,-85222,0,0
2024-04-16,2342,-177000,0,0,-177000,0,0
2024-04-17,2342,-232000,0,-269,-232269,-269,0
2024-04-18,2342,38000,0,0,38000,0,0
2024-04-19,2342,-216000,0,-3000,-219000,-3000,0
2024-04-22,2342,56000,0,2000,58000,2000,0
2024-04-23,2342,1000,0,2000,3000,2000,0
2024-04-24,2342,96000,0,3000,99000,3000,0
2024-04-25,2342,73000,0,-1000,72000,-1000,0
2024-04-26,2342,-5000,0,0,-5000,0,0
2024-04-29,2342,71000,0,0,71000,0,0
2024-04-30,2342,89000,0,0,89000,0,0
2024-05-02,2342,79000,0,0,79000,0,0
2024-05-03,2342,31000,0,0,31000,0,0
2024-05-06,2342,74000,0,1000,75000,1000,0
2024-05-07,2342,10000,0,0,10000,0,0
2024-05-08,2342,113000,0,1000,114000,1000,0
2024-05-09,2342,12000,0,-6000,6000,-6000,0
2024-05-10,2342,77000,0,0,77000,0,0
2024-05-13,2342,67628,0,0,67628,0,0
2024-05-14,2342,100000,0,6000,106000,6000,0
2024-05-15,2342,-64000,0,2000,-62000,2000,0
2024-05-16,2342,35000,0,0,35000,0,0
2024-05-17,2342,58000,0,-2000,56000,-2000,0
2024-05-20,2342,108000,0,1000,109000,1000,0
2024-05-21,2342,56000,0,13000,69000,13000,0
2024-05-22,2342,8000,0,0,8000,0,0
2024-05-23,2342,30000,0,1000,31000,1000,0
2024-05-24,2342,114999,0,-4000,110999,-4000,0
2024-05-27,2342,20000,0,0,20000,0,0
2024-05-28,2342,401000,0,1000,402000,1000,0
2024-05-29,2342,12000,0,1000,13000,1000,0
2024-05-30,2342,63000,0,-1000,62000,-1000,0
2024-05-31,2342,20000,0,3000,23000,3000,0
2024-06-03,2342,86000,0,3000,89000,3000,0
2024-06-04,2342,99000,0,0,99000,0,0
2024-06-05,2342,-23000,0,0,-23000,0,0
2024-06-06,2342,79000,0,4000,83000,4000,0
2024-06-07,2342,185000,0,1000,186000,1000,0
2024-06-11,2342,122000,0,0,122000,0,0
2024-06-12,2342,-93000,0,0,-93000,0,0
2024-06-13,2342,221000,0,0,221000,0,0
2024-06-14,2342,65000,0,-2000,63000,-2000,0
2024-06-17,2342,196000,0,-4000,192000,-4000,0
2024-06-18,2342,16000,0,1000,17000,1000,0
2024-06-19,2342,-29000,0,-2000,-31000,-2000,0
2024-06-20,2342,367000,0,0,367000,0,0
2024-06-21,2342,133000,0,0,133000,0,0
2024-06-24,2342,-170000,0,0,-170000,0,0
2024-06-25,2342,132000,0,4000,136000,4000,0
2024-06-26,2342,-16000,0,3000,-13000,3000,0
2024-06-27,2342,-68000,0,34000,-34000,34000,0
2024-06-28,2342,85000,0,3000,88000,3000,0
2024-07-01,2342,-9000,0,5000,-4000,5000,0
2024-07-02,2342,27000,0,0,27000,0,0
2024-07-03,2342,136000,0,1000,137000,1000,0
2024-07-04,2342,244000,0,1000,245000,1000,0
2024-07-05,2342,255000,0,0,255000,0,0
2024-07-08,2342,-88000,0,0,-88000,0,0
2024-07-09,2342,-91000,0,-18000,-109000,-18000,0
2024-07-10,2342,135000,0,0,135000,0,0
2024-07-11,2342,198000,0,-1000,197000,-1000,0
2024-07-12,2342,267000,0,0,267000,0,0
2024-07-15,2342,-253000,0,-5000,-258000,-5000,0
2024-07-16,2342,76000,0,-4000,72000,-4000,0
2024-07-17,2342,284000,0,-2000,282000,-2000,0
2024-07-18,2342,-194000,0,0,-194000,0,0
2024-07-19,2342,-386000,0,-11000,-397000,-11000,0
2024-07-22,2342,-18000,0,1000,-17000,1000,0
2024-07-23,2342,123000,0,0,123000,0,0
2024-07-26,2342,-3000,0,-1000,-4000,-1000,0
2024-07-29,2342,-61000,0,21000,-40000,21000,0
2024-07-30,2342,91000,0,-10000,81000,-10000,0
2024-07-31,2342,-45000,0,0,-45000,0,0
2024-08-01,2342,484372,0,0,484372,0,0
2024-08-02,2342,-256000,0,-1000,-257000,-1000,0
2024-08-05,2342,-544000,0,-12000,-556000,-12000,0
2024-08-06,2342,-58000,0,-12000,-70000,-12000,0
2024-08-07,2342,79000,0,0,79000,0,0
2024-08-08,2342,-22000,0,0,-22000,0,0
2024-08-09,2342,157000,0,-1000,156000,-1000,0
2024-08-12,2342,85515,0,0,85515,0,0
2024-08-13,2342,-15000,0,0,-15000,0,0
2024-08-14,2342,56000,0,7000,63000,7000,0
2024-08-15,2342,16000,0,1000,17000,1000,0
2024-08-16,2342,10000,0,1000,11000,1000,0
2024-08-19,2342,60000,0,0,60000,0,0
2024-08-20,2342,123000,0,0,123000,0,0
2024-08-21,2342,-30970,0,0,-30970,0,0
2024-08-22,2342,181000,0,-3000,178000,-3000,0
2024-08-23,2342,20000,0,-1000,19000,-1000,0
2024-08-26,2342,318000,0,-1000,317000,-1000,0
2024-08-27,2342,95000,0,-1000,94000,-1000,0
2024-08-28,2342,33000,0,3000,36000,3000,0
2024-08-29,2342,104000,0,-3000,101000,-3000,0
2024-08-30,2342,149000,0,0,149000,0,0
2024-09-02,2342,97000,0,3000,100000,3000,0
2024-09-03,2342,92000,0,3000,95000,3000,0
2024-09-04,2342,-25999,0,-2000,-27999,-2000,0
2024-09-05,2342,229000,0,-6000,223000,-6000,0
2024-09-06,2342,31000,0,-1000,30000,-1000,0
2024-09-09,2342,142000,0,3000,145000,3000,0
2024-09-10,2342,13000,0,0,13000,0,0
2024-09-11,2342,28000,0,3000,31000,3000,0
2024-09-12,2342,2000,0,13000,15000,13000,0
2024-09-13,2342,226000,0,1000,227000,1000,0
2024-09-16,2342,191000,0,0,191000,0,0
2024-09-18,2342,43000,0,0,43000,0,0
2024-09-19,2342,119000,0,2000,121000,2000,0
2024-09-20,2342,504000,0,0,504000,0,0
2024-09-23,2342,150000,0,-9000,141000,-9000,0
2024-09-24,2342,15000,0,2001,17001,2001,0
2024-09-25,2342,290000,0,999,290999,999,0
2024-09-26,2342,143000,0,10000,153000,10000,0
2024-09-27,2342,722000,0,0,722000,0,0
2024-09-30,2342,9657,0,0,9657,0,0
2024-10-01,2342,-160000,0,7000,-153000,7000,0
2024-10-04,2342,89000,0,6000,95000,6000,0
2024-10-07,2342,-190000,0,18240,-171760,18240,0
2024-10-08,2342,28000,0,-2000,26000,-2000,0
2024-10-09,2342,-60000,0,0,-60000,0,0
2024-10-11,2342,270035,0,-16000,254035,-16000,0
2024-10-14,2342,44000,0,0,44000,0,0
2024-10-15,2342,694015,0,-9000,685015,-9000,0
2024-10-16,2342,150000,0,0,150000,0,0
2024-10-17,2342,-20000,0,-1000,-21000,-1000,0
2024-10-18,2342,-16000,0,7000,-9000,7000,0
2024-10-21,2342,128950,0,4000,132950,4000,0
2024-10-22,2342,188000,0,25000,213000,25000,0
2024-10-23,2342,8000,0,-2000,6000,-2000,0
2024-10-24,2342,205000,0,-20000,185000,-20000,0
2024-10-25,2342,-31000,0,-1000,-32000,-1000,0
2024-10-28,2342,280000,0,5000,285000,5000,0
2024-10-29,2342,-34000,0,10000,-24000,10000,0
2024-10-30,2342,-58000,0,0,-58000,0,0
2024-11-01,2342,-56000,0,-1000,-57000,-1000,0
2024-11-04,2342,-12000,0,0,-12000,0,0
2024-11-05,2342,5000,0,-1000,4000,-1000,0
2024-11-06,2342,-34000,0,2000,-32000,2000,0
2024-11-07,2342,74000,0,4000,78000,4000,0
2024-11-08,2342,-98887,0,0,-98887,0,0
2024-11-11,2342,403000,0,-8000,395000,-8000,0
2024-11-12,2342,11001,0,-48000,-36999,-48000,0
2024-11-13,2342,-6000,0,-3000,-9000,-3000,0
2024-11-14,2342,-124000,0,-4000,-128000,-4000,0
2024-11-15,2342,522000,0,-2000,520000,-2000,0
2024-11-18,2342,-253000,0,0,-253000,0,0
2024-11-19,2342,11000,0,2000,13000,2000,0
2024-11-20,2342,95000,0,8000,103000,8000,0
2024-11-21,2342,222000,0,9000,231000,9000,0
2024-11-22,2342,461000,0,-6000,455000,-6000,0
2024-11-25,2342,299000,0,4000,303000,4000,0
2024-11-26,2342,119000,0,0,119000,0,0
2024-11-27,2342,23000,0,0,23000,0,0
2024-11-28,2342,105000,0,-6000,99000,-6000,0
2024-11-29,2342,147000,0,-1000,146000,-1000,0
2024-12-02,2342,50000,0,0,50000,0,0
2024-12-03,2342,337000,0,-4000,333000,-4000,0
2024-12-04,2342,228000,0,19000,247000,19000,0
2024-12-05,2342,161000,0,20000,181000,20000,0
2024-12-06,2342,607000,0,16000,623000,16000,0
2024-12-09,2342,-38999,0,19000,-19999,19000,0
2024-12-10,2342,-92000,0,20000,-72000,20000,0
2024-12-11,2342,257000,0,0,257000,0,0
2024-12-12,2342,-189000,0,4000,-185000,4000,0
2024-12-13,2342,-283000,0,-3000,-286000,-3000,0
2024-12-16,2342,-271000,0,1000,-270000,1000,0
2024-12-17,2342,8000,0,-2000,6000,-2000,0
2024-12-18,2342,-73000,0,1000,-72000,1000,0
2024-12-19,2342,-295000,0,2000,-293000,2000,0
2024-12-20,2342,-191000,0,-2000,-193000,-2000,0
2024-12-23,2342,-51000,0,8000,-43000,8000,0
2024-12-24,2342,65000,0,-1000,64000,-1000,0
2024-12-25,2342,34000,0,0,34000,0,0
2024-12-26,2342,-32000,0,-3000,-35000,-3000,0
2024-12-27,2342,48000,0,0,48000,0,0
2024-12-30,2342,-88000,0,0,-88000,0,0
2024-12-31,2342,-52000,0,0,-52000,0,0
2025-01-02,2342,-184000,0,23000,-161000,23000,0
2025-01-03,2342,-240000,0,-4000,-244000,-4000,0
2025-01-06,2342,-75000,0,-7000,-82000,-7000,0
2025-01-07,2342,-38000,0,0,-38000,0,0
2025-01-08,2342,-19000,0,0,-19000,0,0
2025-01-09,2342,-109000,0,-4000,-113000,-4000,0
2025-01-10,2342,-12905,0,-3000,-15905,-3000,0
2025-01-13,2342,-39000,0,-11000,-50000,-11000,0
2025-01-14,2342,12000,0,0,12000,0,0
2025-01-15,2342,78001,0,0,78001,0,0
2025-01-16,2342,30000,0,0,30000,0,0
2025-01-17,2342,52000,0,0,52000,0,0
2025-01-20,2342,78000,0,0,78000,0,0
2025-01-21,2342,-19000,0,0,-19000,0,0
2025-01-22,2342,-24000,0,0,-24000,0,0
2025-02-03,2342,-39000,0,3000,-36000,3000,0
2025-02-04,2342,50000,0,-19000,31000,-19000,0
2025-02-05,2342,30000,0,-16000,14000,-16000,0
2025-02-06,2342,117000,0,-20000,97000,-20000,0
2025-02-07,2342,-1000,0,-24000,-25000,-24000,0
2025-02-10,2342,9000,0,-20240,-11240,-20240,0
2025-02-11,2342,-15000,0,-3000,-18000,-3000,0
2025-02-12,2342,22000,0,0,22000,0,0
2025-02-13,2342,161000,0,23000,184000,23000,0
2025-02-14,2342,208000,0,6000,214000,6000,0
2025-02-17,2342,62000,0,11000,73000,11000,0
2025-02-18,2342,71000,0,0,71000,0,0
2025-02-19,2342,164000,0,-12000,152000,-12000,0
2025-02-20,2342,-48000,0,0,-48000,0,0
2025-02-21,2342,73000,0,0,73000,0,0
2025-02-24,2342,13000,0,3000,16000,3000,0
2025-02-25,2342,-6000,0,5000,-1000,5000,0
2025-02-26,2342,-8000,0,0,-8000,0,0
2025-02-27,2342,-75000,0,14000,-61000,14000,0
2025-03-03,2342,-97000,0,-18000,-115000,-18000,0
2025-03-04,2342,-104000,0,-7000,-111000,-7000,0
2025-03-05,2342,13000,0,-8000,5000,-8000,0
2025-03-06,2342,-43000,0,0,-43000,0,0
2025-03-07,2342,-62999,0,0,-62999,0,0
2025-03-10,2342,-31000,0,-1000,-32000,-1000,0
2025-03-11,2342,-73000,0,-8000,-81000,-8000,0
2025-03-12,2342,-32000,0,-11000,-43000,-11000,0
2025-03-13,2342,-92000,0,2000,-90000,2000,0
2025-03-14,2342,44000,0,0,44000,0,0
2025-03-17,2342,-22000,0,1000,-21000,1000,0
2025-03-18,2342,-58000,0,19000,-39000,19000,0
2025-03-19,2342,-7000,0,7000,0,7000,0
2025-03-20,2342,134000,0,-2000,132000,-2000,0
2025-03-21,2342,-81000,0,-5000,-86000,-5000,0
2025-03-24,2342,25000,0,-12000,13000,-12000,0
2025-03-25,2342,60000,0,0,60000,0,0
2025-03-26,2342,123000,0,0,123000,0,0
2025-03-27,2342,35000,0,12000,47000,12000,0
2025-03-28,2342,-206000,0,0,-206000,0,0
2025-03-31,2342,-490000,0,-5000,-495000,-5000,0
2025-04-01,2342,-83000,0,5000,-78000,5000,0
2025-04-02,2342,7000,0,-4000,3000,-4000,0
2025-04-07,2342,1000,0,0,1000,0,0
2025-04-08,2342,-107000,0,-1000,-108000,-1000,0
2025-04-09,2342,-80000,0,-1000,-81000,-1000,0
2025-04-10,2342,7000,0,0,7000,0,0
2025-04-11,2342,-37944,0,-7000,-44944,-7000,0
2025-04-14,2342,-43026,0,-1000,-44026,-1000,0
2025-04-15,2342,30070,0,-1000,29070,-1000,0
2025-04-16,2342,-93100,0,1000,-92100,1000,0
2025-04-17,2342,37000,0,0,37000,0,0
2025-04-18,2342,-6635,0,3000,-3635,3000,0
2025-04-21,2342,-34365,0,0,-34365,0,0
2025-04-22,2342,10058,0,0,10058,0,0
2025-04-23,2342,7942,0,0,7942,0,0
2025-04-24,2342,53210,0,-4000,49210,-4000,0
2025-04-25,2342,792,0,10000,10792,10000,0
2025-04-28,2342,112121,0,-8000,104121,-8000,0
2025-04-29,2342,-21033,0,26000,4967,26000,0
2025-04-30,2342,-21085,0,-9000,-30085,-9000,0
2025-05-02,2342,27065,0,7000,34065,7000,0
2025-05-05,2342,-44571,0,0,-44571,0,0
2025-05-06,2342,-2377,0,0,-2377,0,0
2025-05-07,2342,-17121,0,0,-17121,0,0
2025-05-08,2342,81094,0,7000,88094,7000,0
2025-05-09,2342,-5708,0,-10000,-15708,-10000,0
2025-05-12,2342,72886,0,-16000,56886,-16000,0
2025-05-13,2342,59727,0,-1273,58454,-1273,0
2025-05-14,2342,38430,0,3000,41430,3000,0
2025-05-15,2342,-96980,0,0,-96980,0,0
2025-05-16,2342,12600,0,0,12600,0,0
2025-05-19,2342,-69000,0,-4000,-73000,-4000,0
2025-05-20,2342,-7381,0,0,-7381,0,0
2025-05-21,2342,1400,0,-2000,-600,-2000,0
2025-05-22,2342,-759994,0,-4000,-763994,-4000,0
2025-05-23,2342,-89624,0,-4000,-93624,-4000,0
2025-05-26,2342,-102001,0,-4000,-106001,-4000,0
2025-05-27,2342,-116925,0,-1000,-117925,-1000,0
2025-05-28,2342,-42310,0,-1000,-43310,-1000,0
2025-05-29,2342,-37989,0,0,-37989,0,0
2025-06-02,2342,-57011,0,2000,-55011,2000,0
2025-06-03,2342,-27270,0,2000,-25270,2000,0
2025-06-04,2342,-13242,0,0,-13242,0,0
2025-06-05,2342,-49483,0,1000,-48483,1000,0
2025-06-06,2342,41995,0,0,41995,0,0
2025-06-09,2342,-90000,0,0,-90000,0,0
2025-06-10,2342,5000,0,15000,20000,15000,0
2025-06-11,2342,61032,0,-3000,58032,-3000,0
2025-06-12,2342,6089,0,0,6089,0,0
2025-06-13,2342,-163121,0,0,-163121,0,0
2025-06-16,2342,-9962,0,0,-9962,0,0
2025-06-17,2342,34000,0,0,34000,0,0
2025-06-18,2342,30000,0,1000,31000,1000,0
2025-06-19,2342,-136000,0,-3000,-139000,-3000,0
2025-06-20,2342,-52759,0,-3000,-55759,-3000,0
2025-06-23,2342,-40000,0,-3000,-43000,-3000,0
2025-06-24,2342,47000,0,0,47000,0,0
2025-06-25,2342,-42000,0,0,-42000,0,0
2025-06-26,2342,-16000,0,-8000,-24000,-8000,0
2025-06-27,2342,58400,0,-18000,40400,-18000,0
2025-06-30,2342,-26000,0,-2000,-28000,-2000,0
2025-07-01,2342,13000,0,0,13000,0,0
2025-07-02,2342,5000,0,0,5000,0,0
2025-07-03,2342,54000,0,19000,73000,19000,0
2025-07-04,2342,-104000,0,0,-104000,0,0
2025-07-07,2342,-20000,0,-1000,-21000,-1000,0
2025-07-08,2342,-76000,0,2000,-74000,2000,0
2025-07-09,2342,-18000,0,-10000,-28000,-10000,0
2025-07-10,2342,-2000,0,4000,2000,4000,0
2025-07-11,2342,24000,0,0,24000,0,0
2025-07-14,2342,-82000,0,0,-82000,0,0
2025-07-15,2342,40000,0,0,40000,0,0
2025-07-16,2342,34000,0,-8000,26000,-8000,0
2025-07-17,2342,-83000,0,3181,-79819,3181,0
2025-07-18,2342,-29000,0,-3181,-32181,-3181,0
2025-07-21,2342,12037,0,0,12037,0,0
2025-07-22,2342,-130000,0,0,-130000,0,0
2025-07-23,2342,54000,0,0,54000,0,0
2025-07-24,2342,-6000,0,0,-6000,0,0
2025-07-25,2342,-6000,0,0,-6000,0,0
2025-07-28,2342,-22000,0,-53,-22053,-53,0
2025-07-29,2342,-42000,0,-674,-42674,-674,0
2025-07-30,2342,12000,0,0,12000,0,0
2025-07-31,2342,-218000,0,0,-218000,0,0
2025-08-01,2342,-54000,0,-5000,-59000,-5000,0
2025-08-04,2342,0,0,0,0,0,0
2025-08-05,2342,3000,0,0,3000,0,0
2025-08-06,2342,-329000,0,-1993,-330993,-1993,0
2025-08-07,2342,-93000,0,-7,-93007,-7,0
2025-08-08,2342,-76000,0,0,-76000,0,0
2025-08-11,2342,-147000,0,0,-147000,0,0
2025-08-12,2342,74000,0,0,74000,0,0
2025-08-13,2342,62000,0,1000,63000,1000,0
2025-08-14,2342,185000,0,0,185000,0,0
2025-08-15,2342,83000,0,0,83000,0,0
2025-08-18,2342,104000,0,0,104000,0,0
2025-08-19,2342,-11000,0,0,-11000,0,0
2025-08-20,2342,-351762,0,-18000,-369762,-18000,0
2025-08-21,2342,108000,0,-1000,107000,-1000,0
2025-08-22,2342,-115000,0,0,-115000,0,0
2025-08-25,2342,8049,0,2000,10049,2000,0
2025-08-26,2342,-16000,0,0,-16000,0,0
2025-08-27,2342,88000,0,6000,94000,6000,0
2025-08-28,2342,-77000,0,0,-77000,0,0
2025-08-29,2342,-139950,0,0,-139950,0,0
2025-09-01,2342,-123000,0,1000,-122000,1000,0
2025-09-02,2342,-82000,0,-4000,-86000,-4000,0
2025-09-03,2342,-279000,0,-4203,-283203,-4203,0
2025-09-04,2342,-602000,0,-5797,-607797,-5797,0
2025-09-05,2342,-275000,0,0,-275000,0,0
2025-09-08,2342,-637000,0,2000,-635000,2000,0
2025-09-09,2342,-642843,0,0,-642843,0,0
2025-09-10,2342,-243000,0,0,-243000,0,0
2025-09-11,2342,-455000,0,0,-455000,0,0
2025-09-12,2342,469000,0,15870,484870,15870,0
2025-09-15,2342,-2540000,0,-14259,-2554259,-14259,0
2025-09-16,2342,-258000,0,5563,-252437,5563,0
2025-09-17,2342,-107350,0,3986,-103364,3986,0
2025-09-18,2342,96095,0,-33067,63028,-33067,0
2025-09-19,2342,-284550,0,63907,-220643,43907,20000
2025-09-22,2342,-133000,0,0,-133000,0,0
2025-09-23,2342,38030,0,3000,41030,3000,0
2025-09-24,2342,-70000,0,249000,179000,6000,243000
2025-09-25,2342,-14000,0,-69000,-83000,-1000,-68000
2025-09-26,2342,57010,0,3000,60010,3000,0
2025-09-30,2342,2016,0,0,2016,0,0
2025-10-01,2342,1000,0,62000,63000,0,62000
2025-10-02,2342,33000,0,-59000,-26000,-3000,-56000
2025-10-03,2342,51000,0,0,51000,0,0
2025-10-07,2342,4000,0,-95000,-91000,0,-95000
2025-10-08,2342,-18000,0,66000,48000,0,66000
2025-10-09,2342,-111000,0,-152000,-263000,0,-152000
2025-10-13,2342,-1068000,0,-538,-1068538,-538,0
2025-10-14,2342,328999,0,538,329537,538,0
2025-10-15,2342,-399100,0,-2686,-401786,-2686,0
2025-10-16,2342,-39900,0,-3967,-43867,-3967,0
2025-10-17,2342,-453000,0,-2357,-455357,-2357,0
2025-10-20,2342,-131000,0,1007,-129993,1007,0
2025-10-21,2342,1285000,0,41958,1326958,41958,0
2025-10-22,2342,-194000,0,-4464,-198464,-4464,0
2025-10-23,2342,-494000,0,-31491,-525491,-31491,0
2025-10-27,2342,-678000,0,2011,-675989,2011,0
2025-10-28,2342,8000,0,74194,82194,74194,0
2025-10-29,2342,-939083,0,-69806,-1008889,-69806,0
2025-10-30,2342,-16018,0,-1001,-17019,-1001,0
2025-10-31,2342,3000,0,1438,4438,1438,0
2025-11-03,2342,-59000,0,-1575,-60575,-1575,0
2025-11-04,2342,847000,0,0,847000,0,0
2025-11-05,2342,-306000,0,-1,-306001,-1,0
2025-11-06,2342,-242000,0,-2344,-244344,-2344,0
2025-11-07,2342,284000,0,1898,285898,1898,0
2025-11-10,2342,-306000,0,-2686,-308686,-2686,0
2025-11-11,2342,-153000,0,-183,-153183,-183,0
2025-11-12,2342,379000,0,8275,387275,8275,0
2025-11-13,2342,-321000,0,4711,-316289,4711,0
2025-11-14,2342,-81901,0,2251,-79650,2251,0
2025-11-17,2342,-114876,0,634,-114242,634,0
2025-11-18,2342,391000,0,-1145,389855,-1145,0
2025-11-19,2342,120000,0,1438,121438,1438,0
2025-11-20,2342,105000,0,30000,135000,0,30000
2025-11-21,2342,124488,0,-2754,121734,-2754,0
2025-11-24,2342,147000,0,4545,151545,4545,0
2025-11-25,2342,-46000,0,-18,-46018,-18,0
2025-11-26,2342,-261000,0,1008,-259992,1008,0
2025-11-27,2342,317000,0,0,317000,0,0
2025-11-28,2342,-141000,0,-5338,-146338,-5338,0
2025-12-01,2342,-479000,0,-2045,-481045,-2045,0
2025-12-02,2342,-84000,0,-5060,-89060,-5060,0
2025-12-03,2342,134100,0,0,134100,0,0
2025-12-04,2342,287050,0,0,287050,0,0
2025-12-05,2342,64300,0,6000,70300,6000,0
2025-12-08,2342,573000,0,5859,578859,5859,0
2025-12-09,2342,66010,0,3000,69010,3000,0
2025-12-10,2342,-309000,0,-4329,-313329,-4329,0
2025-12-11,2342,103010,0,680,103690,680,0
2025-12-12,2342,287110,0,0,287110,0,0
2025-12-15,2342,110040,0,1000,111040,1000,0
2025-12-16,2342,-147000,0,2195,-144805,2195,0
2025-12-17,2342,-737000,0,806,-736194,806,0
2025-12-18,2342,-209000,0,-1000,-210000,-1000,0
2025-12-19,2342,-286000,0,1915,-284085,1915,0
2025-12-22,2342,677000,0,0,677000,0,0
2025-12-23,2342,-179000,0,2000,-177000,2000,0
2025-12-24,2342,-220970,0,-1590,-222560,-1590,0
2025-12-26,2342,318000,0,-68,317932,-68,0
2025-12-29,2342,-81500,0,1000,-80500,1000,0
2025-12-30,2342,166000,0,-3009,162991,-3009,0
2025-12-31,2342,-417369,0,238,-417131,238,0
2026-01-02,2342,535000,0,-1302,533698,-1302,0
2026-01-05,2342,-305060,0,-24,-305084,-24,0
2026-01-06,2342,-435590,0,14859,-420731,14859,0
2026-01-07,2342,381550,0,80922,462472,80922,0
2026-01-08,2342,-105000,0,-92844,-197844,-92844,0
2026-01-09,2342,185000,0,-3870,181130,-3870,0
2026-01-12,2342,-799000,0,2357,-796643,2357,0
2026-01-13,2342,614000,0,4852,618852,4852,0
2026-01-14,2342,60000,0,-2440,57560,-2440,0
2026-01-15,2342,-383000,0,6843,-376157,6843,0
2026-01-16,2342,520763,0,-957,519806,-957,0
2026-01-19,2342,355000,0,-4430,350570,-4430,0
2026-01-20,2342,-150050,0,-1287,-151337,-1287,0
2026-01-21,2342,1175600,0,157890,1333490,92890,65000
2026-01-22,2342,-1783755,0,-158540,-1942295,-93540,-65000
2026-01-23,2342,309400,0,-3231,306169,-3231,0
2026-01-26,2342,888000,0,2993,890993,2993,0
2026-01-27,2342,14000,0,-416,13584,-416,0
2026-01-28,2342,-371000,0,344,-370656,344,0
2026-01-29,2342,182000,0,-2931,179069,-2931,0
2026-01-30,2342,528000,0,698,528698,698,0
2026-02-02,2342,550000,0,-2229,547771,-2229,0
2026-02-03,2342,-235000,0,698,-234302,698,0
2026-02-04,2342,34000,0,1069,35069,1069,0
2026-02-05,2342,-140000,0,-854,-140854,-854,0
2026-02-06,2342,-218059,0,326,-217733,326,0
2026-02-09,2342,-10000,0,-90,-10090,-90,0
2026-02-10,2342,20000,0,3510,23510,3510,0
2026-02-11,2342,-119000,0,1360,-117640,1360,0
2026-02-23,2342,302000,0,-51,301949,-51,0
2026-02-24,2342,208000,0,321,208321,321,0
2026-02-25,2342,-359000,0,69,-358931,69,0
2026-02-26,2342,154753,0,144,154897,144,0
2026-03-02,2342,-141000,0,4000,-137000,4000,0
2026-03-03,2342,-160000,0,-781,-160781,-781,0
2026-03-04,2342,-120000,0,-320,-120320,-320,0
2026-03-05,2342,473001,0,-445,472556,-445,0
2026-03-06,2342,-160000,0,204,-159796,204,0
2026-03-09,2342,19000,0,-4315,14685,-4315,0
2026-03-10,2342,175001,0,2173,177174,2173,0
2026-03-11,2342,469000,0,-2000,467000,-2000,0
2026-03-12,2342,-80541,0,853,-79688,853,0
2026-03-13,2342,96541,0,-1433,95108,-1433,0
2026-03-16,2342,268192,0,-1633,266559,-1633,0
2026-03-17,2342,187000,0,2022,189022,2022,0
2026-03-18,2342,74000,0,1537,75537,1537,0
2026-03-19,2342,76729,0,-943,75786,-943,0
2026-03-20,2342,24000,0,-1417,22583,-1417,0
2026-03-23,2342,266000,0,-2167,263833,-2167,0
2026-03-24,2342,23000,0,-197,22803,-197,0
2026-03-25,2342,-226000,0,-6292,-232292,-6292,0
2026-03-26,2342,-103000,0,-1495,-104495,-1495,0
2026-03-27,2342,-327000,0,-274,-327274,-274,0
2026-03-30,2342,-219000,0,-2248,-221248,-2248,0
2026-03-31,2342,-321000,0,2548,-318452,2548,0
2026-04-01,2342,-142000,0,2059,-139941,2059,0
2026-04-02,2342,-324000,0,-1791,-325791,-1791,0
2026-04-07,2342,-37000,0,-29,-37029,-29,0
2026-04-08,2342,67000,0,2000,69000,2000,0
2026-04-09,2342,-32000,0,-173,-32173,-173,0
2026-04-10,2342,-73965,0,570,-73395,570,0
2026-04-13,2342,-204999,0,-240,-205239,-240,0
2026-04-14,2342,207000,0,2000,209000,2000,0
2026-04-15,2342,162001,0,0,162001,0,0
2026-04-16,2342,319000,0,0,319000,0,0
2026-04-17,2342,151392,0,1000,152392,1000,0
2026-04-20,2342,304000,0,8000,312000,8000,0
2026-04-21,2342,684862,0,3999,688861,3999,0
2026-04-22,2342,574103,0,530,574633,530,0
2026-04-23,2342,-145000,0,-278,-145278,-278,0
2026-04-24,2342,-318000,0,2000,-316000,2000,0
2026-04-27,2342,-165000,0,-1972,-166972,-1972,0
2026-04-28,2342,101245,0,-1964,99281,-1964,0
2026-04-29,2342,490000,0,1000,491000,1000,0
2026-04-30,2342,377000,0,1,377001,1,0
2026-05-04,2342,1428000,0,2688,1430688,2688,0
2026-05-05,2342,553000,0,51272,604272,51272,0
2026-05-06,2342,1393826,0,-47520,1346306,-47520,0
2026-05-07,2342,739042,0,66883,805925,66883,0
2026-05-08,2342,-761345,0,-68035,-829380,-68035,0
2026-05-11,2342,-532967,0,-3000,-535967,-3000,0
2026-05-12,2342,1895057,0,1911,1896968,1911,0
2026-05-13,2342,-4139925,0,4089,-4135836,4089,0
2026-05-14,2342,913899,0,-9705,904194,-9705,0
2026-05-15,2342,363124,0,7705,370829,7705,0
2026-05-18,2342,1079000,0,-3822,1075178,-3822,0
2026-05-19,2342,675183,0,1822,677005,1822,0
2026-05-20,2342,17337,0,-2000,15337,-2000,0
2026-05-21,2342,302418,0,-13099,289319,-13099,0
2026-05-22,2342,166911,0,-773,166138,-773,0
2026-05-25,2342,998830,0,21451,1020281,21451,0
2026-05-26,2342,-1186360,0,-11467,-1197827,-11467,0
2026-05-27,2342,546018,0,792,546810,792,0
2026-05-28,2342,254710,0,-2003,252707,-2003,0
2026-05-29,2342,-562975,0,-639,-563614,-639,0
2026-06-01,2342,-731149,0,1639,-729510,1639,0
2026-06-02,2342,207323,0,0,207323,0,0
2026-06-03,2342,3844178,0,58185,3902363,58185,0
2026-06-04,2342,795701,0,-57608,738093,-57608,0
2026-06-05,2342,-2335967,0,-1632,-2337599,-1632,0
2026-06-08,2342,-38275,0,3000,-35275,3000,0
2026-06-09,2342,128688,0,715,129403,715,0
2026-06-10,2342,-2119000,0,-4715,-2123715,-4715,0
2026-06-11,2342,-854584,0,0,-854584,0,0
2026-06-12,2342,802262,0,887,803149,887,0
2026-06-15,2342,927600,0,6166,933766,6166,0
2026-06-16,2342,3390995,0,62321,3453316,62321,0
2026-06-17,2342,-2107319,0,-67220,-2174539,-67220,0
2026-06-18,2342,-2381750,0,168922,-2212828,168922,0
2026-06-22,2342,-3471896,0,-116913,-3588809,-116913,0
2026-06-23,2342,343531,0,-51955,291576,-51955,0
2026-06-24,2342,598099,0,4263,602362,4263,0
2026-06-25,2342,17750,0,70,17820,70,0
2026-06-26,2342,407925,0,136697,544622,2697,134000
2026-06-29,2342,544000,0,-27000,517000,0,-27000
2026-06-30,2342,144000,0,-19000,125000,-1000,-18000
2026-07-01,2342,-58000,0,-9430,-67430,-1430,-8000
2026-07-02,2342,92250,0,-406,91844,-1406,1000
2026-07-03,2342,13000,0,35737,48737,35737,0
2026-07-06,2342,173020,0,-7002,166018,-2,-7000
2026-07-07,2342,45760,0,-33131,12629,-30131,-3000
2026-07-08,2342,-320085,0,-69005,-389090,2995,-72000
2026-07-09,2342,-665932,0,-1847,-667779,-1847,0
2026-07-13,2342,317700,0,4605,322305,4605,0
2026-07-14,2342,-1046250,0,-7326,-1053576,-7326,0
2026-07-15,2342,47998,0,-1821,46177,-1821,0
2026-07-16,2342,12900,0,502,13402,502,0
2026-07-17,2342,230369,0,26896,257265,26896,0
2026-07-20,2342,602340,0,-18372,583968,-18372,0
2026-07-21,2342,-340148,0,-1415,-341563,-1415,0
2026-07-22,2342,-290201,0,14597,-275604,14597,0
2026-07-23,2342,-359575,0,1753,-357822,1753,0
2026-07-24,2342,-47956,0,9,-47947,9,0
2026-07-27,2342,-221800,0,1197,-220603,1197,0
2026-07-28,2342,370682,0,73042,443724,73042,0
2026-07-29,2342,427025,0,-6782,420243,-6782,0
2026-07-30,2342,-246241,0,-62359,-308600,-62359,0
2026-07-31,2342,-280778,0,76000,-204778,76000,0
2026-08-03,2342,358454,0,-92901,265553,-92901,0
2026-08-04,2342,144256,0,-3027,141229,-3027,0
2026-08-05,2342,-390574,0,-615,-391189,-615,0
2026-08-06,2342,121110,0,-429,120681,-429,0
2026-08-07,2342,-146040,0,-680,-146720,-680,0
2026-08-10,2342,-77851,0,68,-77783,68,0
2026-08-11,2342,-114248,0,1505,-112743,1505,0
2026-08-12,2342,240960,0,310,241270,-1816,2126
2026-08-13,2342,267043,0,2602,269645,543,2059
2026-08-14,2342,287733,0,-4224,283509,-550,-3674
2026-08-17,2342,346665,0,5144,351809,2668,2476
2026-08-18,2342,-80120,0,-2732,-82852,-564,-2168
2026-08-19,2342,-1793876,0,1300,-1792576,747,553
2026-08-20,2342,-428433,0,-225,-428658,-197,-28
2026-08-21,2342,-54659,0,141,-54518,0,141
2026-08-24,2342,120539,0,727,121266,52,675
2026-08-25,2342,-135469,0,-121,-135590,-143,22
2026-08-26,2342,1506890,0,15349,1522239,8000,7349
2026-08-27,2342,-814865,0,-12737,-827602,-6000,-6737
2026-08-28,2342,591291,0,4285,595576,0,4285
2026-08-31,2342,-281975,0,885,-281090,0,885
2026-09-01,2342,1179690,0,5567,1185257,1000,4567
2026-09-02,2342,-721346,0,-4275,-725621,-435,-3840
2026-09-03,2342,237524,0,4039,241563,2990,1049
2026-09-04,2342,-90948,0,-4619,-95567,-2689,-1930
2026-09-07,2342,-362029,0,-4754,-366783,541,-5295
2026-09-08,2342,-709945,0,-1005,-710950,-800,-205
2026-09-09,2342,11006,0,816,11822,-43,859
2026-09-10,2342,204310,0,-893,203417,671,-1564
2026-09-11,2342,-474922,0,-849,-475771,-386,-463
2026-09-14,2342,835911,0,2143,838054,208,1935
2026-09-15,2342,-1779759,0,-604,-1780363,-488,-116
2026-09-16,2342,1674726,0,8366,1683092,3000,5366
2026-09-17,2342,-10262,0,8445,-1817,2000,6445
2026-09-18,2342,533248,0,3317,536565,0,3317
2026-09-21,2342,69006,0,2014,71020,1000,1014
2026-09-22,2342,1212867,0,15615,1228482,571,15044
2026-09-23,2342,-29060,0,67777,38717,50246,17531
2026-09-24,2342,-6140842,0,-16512,-6157354,-51972,35460
2026-09-29,2342,-479327,0,145670,-333657,85941,59729
2026-09-30,2342,338050,0,-80160,257890,-85788,5628
2026-10-01,2342,345342,0,-3577,341765,612,-4189
2026-10-02,2342,3039768,0,9292,3049060,-530,9822
2026-10-05,2342,-1637331,0,-34170,-1671501,761,-34931
2026-10-06,2342,968834,0,9271,978105,0,9271
2026-10-07,2342,1006480,0,3816,1010296,449,3367
2026-10-08,2342,-37386,0,-5677,-43063,-84,-5593
