date,stock_id,foreign,trust,dealer,total,dealer_self,dealer_hedge
2015-01-05,2615,913000,0,-115000,798000,-116000,1000
2015-01-06,2615,1055000,0,669000,1724000,208000,461000
2015-01-07,2615,3607575,585000,208000,4400575,-62000,270000
2015-01-08,2615,3956038,936000,349000,5241038,-85000,434000
2015-01-09,2615,-393800,921000,-209000,318200,133000,-342000
2015-01-12,2615,-1088804,0,630000,-458804,450000,180000
2015-01-13,2615,1490880,276000,-148000,1618880,-294000,146000
2015-01-14,2615,273000,0,172000,445000,295000,-123000
2015-01-15,2615,1944000,-200000,-305000,1439000,151000,-456000
2015-01-16,2615,4782455,-20000,926965,5689420,253000,673965
2015-01-19,2615,506800,-600000,-404000,-497200,354000,-758000
2015-01-20,2615,1735000,-300000,149000,1584000,159000,-10000
2015-01-21,2615,493009,0,-30000,463009,71000,-101000
2015-01-22,2615,3298737,50000,-660000,2688737,-657000,-3000
2015-01-23,2615,-79991,-182000,27000,-234991,61000,-34000
2015-01-26,2615,-150000,0,139000,-11000,21000,118000
2015-01-27,2615,-935000,0,10000,-925000,22000,-12000
2015-01-28,2615,1933000,-1212000,-464000,257000,-408000,-56000
2015-01-29,2615,2652000,-1606000,-267000,779000,-170000,-97000
2015-01-30,2615,3946715,-1507000,0,2439715,50000,-50000
2015-02-02,2615,2114624,0,-268000,1846624,-85000,-183000
2015-02-03,2615,792000,-300000,66000,558000,27000,39000
2015-02-04,2615,-742730,-278000,153000,-867730,80000,73000
2015-02-05,2615,416000,-33000,-78000,305000,-30000,-48000
2015-02-06,2615,-418000,50000,-55000,-423000,-47000,-8000
2015-02-09,2615,2087000,0,142000,2229000,148000,-6000
2015-02-10,2615,1651000,132000,171000,1954000,223000,-52000
2015-02-11,2615,-31551,480000,154000,602449,104000,50000
2015-02-12,2615,330018,1180000,-123000,1387018,-92000,-31000
2015-02-13,2615,3008000,760000,148000,3916000,208000,-60000
2015-02-24,2615,4159410,80000,569000,4808410,284000,285000
2015-02-25,2615,2376000,3000,-35000,2344000,-258000,223000
2015-02-26,2615,7919353,-10000,-917000,6992353,-1032000,115000
2015-03-02,2615,6147534,-975000,345000,5517534,33000,312000
2015-03-03,2615,-443602,-2000,-252000,-697602,6000,-258000
2015-03-04,2615,-12747,-105000,-61000,-178747,-41000,-20000
2015-03-05,2615,269305,-3000,-177000,89305,-44000,-133000
2015-03-06,2615,-152127,132000,0,-20127,-6000,6000
2015-03-09,2615,287000,-19000,49000,317000,12000,37000
2015-03-10,2615,-766040,-15000,153000,-628040,-17000,170000
2015-03-11,2615,4249000,-7000,-9000,4233000,-8000,-1000
2015-03-12,2615,-1074000,2726,247000,-824274,171000,76000
2015-03-13,2615,140000,700000,-156000,684000,12000,-168000
2015-03-16,2615,2488628,2145000,987000,5620628,181000,806000
2015-03-17,2615,-2036896,389000,-74105,-1722001,102000,-176105
2015-03-18,2615,4097611,0,-297000,3800611,-25000,-272000
2015-03-19,2615,-784976,25000,-70000,-829976,30000,-100000
2015-03-20,2615,-64238,-5000,-118000,-187238,-30000,-88000
2015-03-23,2615,-295658,-2000,54000,-243658,80000,-26000
2015-03-24,2615,1833000,-2000,-108000,1723000,9000,-117000
2015-03-25,2615,2298492,-1000,-34000,2263492,24000,-58000
2015-03-26,2615,1717438,-2538000,-91000,-911562,-164000,73000
2015-03-27,2615,3224738,-550000,-321000,2353738,-216000,-105000
2015-03-30,2615,238646,0,-7000,231646,-74000,67000
2015-03-31,2615,1533000,0,1559000,3092000,199000,1360000
2015-04-01,2615,-933000,0,-1213000,-2146000,75000,-1288000
2015-04-02,2615,-306000,-208000,-182000,-696000,-2000,-180000
2015-04-07,2615,-238000,-60000,-21000,-319000,14000,-35000
2015-04-08,2615,77335,-170000,-61000,-153665,-16000,-45000
2015-04-09,2615,308066,-56000,12000,264066,45000,-33000
2015-04-10,2615,-281356,-111000,9000,-383356,5000,4000
2015-04-13,2615,1905489,-153000,-34000,1718489,-4000,-30000
2015-04-14,2615,2090484,0,-52000,2038484,-55000,3000
2015-04-15,2615,-552000,-125000,6000,-671000,-4000,10000
2015-04-16,2615,-74000,-68000,-84000,-226000,-124000,40000
2015-04-17,2615,294688,-700000,-71000,-476312,1000,-72000
2015-04-20,2615,44053,-82000,-123000,-160947,-124000,1000
2015-04-21,2615,-1082200,0,-49000,-1131200,4000,-53000
2015-04-22,2615,989000,-40000,-99000,850000,-89000,-10000
2015-04-23,2615,1094177,-589000,59000,564177,22000,37000
2015-04-24,2615,867747,-1540000,-176000,-848253,-65000,-111000
2015-04-27,2615,-72418,-2824000,26000,-2870418,44000,-18000
2015-04-28,2615,2682780,-806000,-62000,1814780,46000,-108000
2015-04-29,2615,1666000,-485000,124000,1305000,138000,-14000
2015-04-30,2615,905225,-1000,-86000,818225,10000,-96000
2015-05-04,2615,552000,94000,-8000,638000,-14000,6000
2015-05-05,2615,-1166000,0,-79000,-1245000,0,-79000
2015-05-06,2615,239000,-280000,74000,33000,26000,48000
2015-05-07,2615,-757431,0,-12000,-769431,1000,-13000
2015-05-08,2615,-721417,0,1000,-720417,-39000,40000
2015-05-11,2615,473000,1000,-57000,417000,31000,-88000
2015-05-12,2615,-752000,0,31000,-721000,39000,-8000
2015-05-13,2615,-847245,-342000,-58000,-1247245,12000,-70000
2015-05-14,2615,-1932290,-189000,-235000,-2356290,3000,-238000
2015-05-15,2615,-876265,-212000,-202000,-1290265,-135000,-67000
2015-05-18,2615,1793000,-336000,71000,1528000,9000,62000
2015-05-19,2615,-297000,0,9000,-288000,-19000,28000
2015-05-20,2615,-1519000,0,-85000,-1604000,-75000,-10000
2015-05-21,2615,-1653791,0,-177000,-1830791,-97000,-80000
2015-05-22,2615,1601620,-400000,42000,1243620,-10000,52000
2015-05-25,2615,79295,0,12000,91295,-12000,24000
2015-05-26,2615,-109665,0,-27000,-136665,-1000,-26000
2015-05-27,2615,862000,0,-29000,833000,-44000,15000
2015-05-28,2615,-3006,65000,-7000,54994,-5000,-2000
2015-05-29,2615,-3025210,-12000,-77000,-3114210,0,-77000
2015-06-01,2615,1861250,-49000,231000,2043250,7000,224000
2015-06-02,2615,-901271,-406000,267000,-1040271,-108000,375000
2015-06-03,2615,-1801705,0,-162000,-1963705,92000,-254000
2015-06-04,2615,491300,117250,-142000,466550,-3000,-139000
2015-06-05,2615,825050,-42000,99000,882050,0,99000
2015-06-08,2615,1107406,-400000,-140000,567406,-167000,27000
2015-06-09,2615,399167,-2000,-62000,335167,0,-62000
2015-06-10,2615,-49153,0,69000,19847,3000,66000
2015-06-11,2615,-3097000,-392000,113000,-3376000,70000,43000
2015-06-12,2615,-3312570,-300000,103000,-3509570,91000,12000
2015-06-15,2615,869000,-636000,-114000,119000,31000,-145000
2015-06-16,2615,-18000,0,74000,56000,0,74000
2015-06-17,2615,108000,-440000,57000,-275000,0,57000
2015-06-18,2615,1135568,-2000,277000,1410568,-31000,308000
2015-06-22,2615,-1482935,16000,-105000,-1571935,0,-105000
2015-06-23,2615,959226,0,20000,979226,62000,-42000
2015-06-24,2615,-354200,0,-90000,-444200,2000,-92000
2015-06-25,2615,-2164508,45000,39000,-2080508,5000,34000
2015-06-26,2615,-490698,0,38000,-452698,-8000,46000
2015-06-29,2615,1936000,-1243000,-141000,552000,-22000,-119000
2015-06-30,2615,250824,0,75000,325824,0,75000
2015-07-01,2615,-1001000,0,-82000,-1083000,-20000,-62000
2015-07-02,2615,29441,577000,366000,972441,2000,364000
2015-07-03,2615,-1836000,0,237000,-1599000,-20000,257000
2015-07-06,2615,-447095,0,-133000,-580095,-134000,1000
2015-07-07,2615,-1776900,0,239000,-1537900,1000,238000
2015-07-08,2615,1198300,0,-104000,1094300,31000,-135000
2015-07-09,2615,360000,1000,-73000,288000,24000,-97000
2015-07-13,2615,871475,0,695000,1566475,21000,674000
2015-07-14,2615,-275800,0,-240000,-515800,93000,-333000
2015-07-15,2615,-744224,131000,-39000,-652224,19000,-58000
2015-07-16,2615,136200,0,-264000,-127800,5000,-269000
2015-07-17,2615,11200,-11000,-50000,-49800,6000,-56000
2015-07-20,2615,69916,0,40000,109916,0,40000
2015-07-21,2615,509780,0,-56000,453780,-27000,-29000
2015-07-22,2615,223889,0,73000,296889,89000,-16000
2015-07-23,2615,-802000,0,31000,-771000,34000,-3000
2015-07-24,2615,-137000,5000,-5000,-137000,8000,-13000
2015-07-27,2615,2679868,0,505000,3184868,141000,364000
2015-07-28,2615,260560,18000,-117000,161560,134000,-251000
2015-07-29,2615,-373412,1000,-72000,-444412,-1000,-71000
2015-07-30,2615,1506204,0,-49000,1457204,-15000,-34000
2015-07-31,2615,5132775,1000,203000,5336775,-42000,245000
2015-08-03,2615,-2494400,8000,208000,-2278400,-42000,250000
2015-08-04,2615,1422824,0,-32000,1390824,105000,-137000
2015-08-05,2615,-548132,0,-6000,-554132,84000,-90000
2015-08-06,2615,133582,-6000,317000,444582,-55000,372000
2015-08-07,2615,-2458000,0,-97000,-2555000,-10000,-87000
2015-08-10,2615,378000,1000,-90000,289000,-64000,-26000
2015-08-11,2615,831868,0,-256000,575868,-145000,-111000
2015-08-12,2615,952000,0,23000,975000,85000,-62000
2015-08-13,2615,50284,0,20000,70284,0,20000
2015-08-14,2615,2166000,-833000,-176000,1157000,-102000,-74000
2015-08-17,2615,-687169,-169000,-40000,-896169,-26000,-14000
2015-08-18,2615,492934,0,-77000,415934,-88000,11000
2015-08-19,2615,1404439,1000,-3000,1402439,-20000,17000
2015-08-20,2615,2484274,-120000,-27000,2337274,-22000,-5000
2015-08-21,2615,-321389,-199000,57000,-463389,30000,27000
2015-08-24,2615,519890,0,-141000,378890,-54000,-87000
2015-08-25,2615,2582155,4587,13000,2599742,19000,-6000
2015-08-26,2615,2129152,0,19000,2148152,-11000,30000
2015-08-27,2615,-603000,0,38000,-565000,-45000,83000
2015-08-28,2615,1008000,1000,-107000,902000,-19000,-88000
2015-08-31,2615,653940,-31000,-273000,349940,-52000,-221000
2015-09-01,2615,-2028053,-48000,-87000,-2163053,-31000,-56000
2015-09-02,2615,1770166,0,4000,1774166,-23000,27000
2015-09-03,2615,1024000,3000,-20000,1007000,-59000,39000
2015-09-04,2615,198973,-1000,-47000,150973,-1000,-46000
2015-09-07,2615,-248582,1000,-5000,-252582,-5000,0
2015-09-08,2615,-865450,1000,42000,-822450,-1000,43000
2015-09-09,2615,2005659,0,29000,2034659,8000,21000
2015-09-10,2615,745983,0,-7000,738983,2000,-9000
2015-09-11,2615,-3154000,1000,154000,-2999000,0,154000
2015-09-14,2615,-16000,1000,-88000,-103000,-25000,-63000
2015-09-15,2615,-761000,0,1000,-760000,1000,0
2015-09-16,2615,607182,0,89000,696182,0,89000
2015-09-17,2615,-238288,0,101000,-137288,18000,83000
2015-09-18,2615,-1959,-3000,-44000,-48959,0,-44000
2015-09-21,2615,-545448,-271000,-99000,-915448,-25000,-74000
2015-09-22,2615,1284000,-997,122000,1405003,0,122000
2015-09-23,2615,-2650725,0,-114000,-2764725,0,-114000
2015-09-24,2615,-172332,0,66000,-106332,72000,-6000
2015-09-25,2615,-1244051,0,32000,-1212051,0,32000
2015-09-30,2615,-526040,0,-15000,-541040,13000,-28000
2015-10-01,2615,2543851,1000,10000,2554851,-76000,86000
2015-10-02,2615,-1050459,10000,111000,-929459,142000,-31000
2015-10-05,2615,49530,0,-79000,-29470,-4000,-75000
2015-10-06,2615,1125000,0,-18000,1107000,0,-18000
2015-10-07,2615,401000,0,-10000,391000,-6000,-4000
2015-10-08,2615,1001000,0,10000,1011000,4000,6000
2015-10-12,2615,227843,0,29000,256843,15000,14000
2015-10-13,2615,-2104298,0,-42000,-2146298,-20000,-22000
2015-10-14,2615,573000,0,262000,835000,11000,251000
2015-10-15,2615,-120000,0,-73000,-193000,9000,-82000
2015-10-16,2615,-1917473,1000,33000,-1883473,102000,-69000
2015-10-19,2615,1249000,0,4000,1253000,-10000,14000
2015-10-20,2615,138000,0,-23000,115000,0,-23000
2015-10-21,2615,136000,0,-61000,75000,0,-61000
2015-10-22,2615,182131,0,-12000,170131,2000,-14000
2015-10-23,2615,-1510000,-1200000,16000,-2694000,42000,-26000
2015-10-26,2615,-1116000,-267000,37000,-1346000,0,37000
2015-10-27,2615,-979000,0,-24000,-1003000,5000,-29000
2015-10-28,2615,-1570748,0,-7000,-1577748,0,-7000
2015-10-29,2615,-245762,0,-4000,-249762,0,-4000
2015-10-30,2615,360000,0,-16000,344000,-35000,19000
2015-11-02,2615,50000,0,-158000,-108000,-141000,-17000
2015-11-03,2615,-1133858,0,-13000,-1146858,0,-13000
2015-11-04,2615,-1402000,14000,8000,-1380000,0,8000
2015-11-05,2615,-1400000,0,-41000,-1441000,-40000,-1000
2015-11-06,2615,-3970000,0,45000,-3925000,62000,-17000
2015-11-09,2615,-519000,0,39000,-480000,0,39000
2015-11-10,2615,-1459000,0,81000,-1378000,0,81000
2015-11-11,2615,-1343000,0,-153000,-1496000,3000,-156000
2015-11-12,2615,-853000,0,25000,-828000,0,25000
2015-11-13,2615,-3499000,0,3000,-3496000,-75000,78000
2015-11-16,2615,-4980470,0,93000,-4887470,83000,10000
2015-11-17,2615,-6863000,0,96000,-6767000,55000,41000
2015-11-18,2615,-4871000,0,78000,-4793000,-30000,108000
2015-11-19,2615,-5528000,0,31000,-5497000,0,31000
2015-11-20,2615,-10590998,0,174000,-10416998,21000,153000
2015-11-23,2615,-8553049,0,213000,-8340049,0,213000
2015-11-24,2615,-6159900,0,-169000,-6328900,0,-169000
2015-11-25,2615,-9456000,0,97000,-9359000,3000,94000
2015-11-26,2615,712127,0,462000,1174127,401000,61000
2015-11-27,2615,-2038633,0,-107000,-2145633,-483000,376000
2015-11-30,2615,-13150021,-13921,863000,-12300942,603000,260000
2015-12-01,2615,-3944316,-904,19643,-3925577,-5000,24643
2015-12-02,2615,-3065000,0,-87000,-3152000,-14000,-73000
2015-12-03,2615,-2570199,0,-71000,-2641199,-13000,-58000
2015-12-04,2615,-9707000,0,99000,-9608000,11000,88000
2015-12-07,2615,-3697612,0,-283000,-3980612,-61000,-222000
2015-12-08,2615,-9305000,0,113000,-9192000,20000,93000
2015-12-09,2615,-6438000,0,842000,-5596000,-31000,873000
2015-12-10,2615,-6339600,0,-577000,-6916600,0,-577000
2015-12-11,2615,-3810259,0,-336000,-4146259,-6000,-330000
2015-12-14,2615,-2852000,1401,50000,-2800599,0,50000
2015-12-15,2615,-4768332,0,-49000,-4817332,0,-49000
2015-12-16,2615,-2060301,-2000,1051000,-1011301,-264000,1315000
2015-12-17,2615,-5047000,0,-661000,-5708000,60000,-721000
2015-12-18,2615,-6512618,1000,326000,-6185618,197000,129000
2015-12-21,2615,-700000,0,888000,188000,-50000,938000
2015-12-22,2615,-3406947,0,-625000,-4031947,192000,-817000
2015-12-23,2615,-3694690,0,193000,-3501690,80000,113000
2015-12-24,2615,2079000,0,2210000,4289000,-80000,2290000
2015-12-25,2615,-257000,0,-1968000,-2225000,-295000,-1673000
2015-12-28,2615,-978000,82000,-523000,-1419000,430000,-953000
2015-12-29,2615,-4060326,2081000,-284000,-2263326,4000,-288000
2015-12-30,2615,-9627284,800000,1522000,-7305284,-50000,1572000
2015-12-31,2615,1984000,0,-1164000,820000,-196000,-968000
2016-01-04,2615,-669900,95000,-287000,-861900,-33000,-254000
2016-01-05,2615,-3917100,-2000,-18000,-3937100,35000,-53000
2016-01-06,2615,-4010666,0,1535000,-2475666,-81000,1616000
2016-01-07,2615,-4806000,0,-1340000,-6146000,-50000,-1290000
2016-01-08,2615,-3477000,0,-433000,-3910000,-387000,-46000
2016-01-11,2615,-262000,-137000,-482000,-881000,-140000,-342000
2016-01-12,2615,223000,0,558000,781000,-25000,583000
2016-01-13,2615,4549000,160000,830000,5539000,-10000,840000
2016-01-14,2615,-426000,0,245000,-181000,130000,115000
2016-01-15,2615,-2532761,-17000,-1065000,-3614761,-80000,-985000
2016-01-18,2615,3717000,637000,1492000,5846000,120000,1372000
2016-01-19,2615,-3807613,88000,-745000,-4464613,46000,-791000
2016-01-20,2615,-4621000,-17000,-674000,-5312000,-46000,-628000
2016-01-21,2615,-2912653,0,449000,-2463653,743000,-294000
2016-01-22,2615,-3259346,0,116000,-3143346,133000,-17000
2016-01-25,2615,231000,-600000,-50000,-419000,0,-50000
2016-01-26,2615,-1163000,0,394000,-769000,0,394000
2016-01-27,2615,-1505551,0,-239000,-1744551,0,-239000
2016-01-28,2615,948000,82000,-170000,860000,0,-170000
2016-01-29,2615,51000,0,-204000,-153000,-482000,278000
2016-01-30,2615,-1000,21000,1008000,1028000,229000,779000
2016-02-01,2615,609000,0,-608000,1000,-126000,-482000
2016-02-02,2615,369834,0,96000,465834,126000,-30000
2016-02-03,2615,1960795,0,-344000,1616795,150000,-494000
2016-02-15,2615,1217000,182,1000000,2217182,245000,755000
2016-02-16,2615,140900,0,-228000,-87100,68000,-296000
2016-02-17,2615,1403123,-400000,-318000,685123,-212000,-106000
2016-02-18,2615,1530000,0,473000,2003000,444000,29000
2016-02-19,2615,-156000,-1791000,183000,-1764000,30000,153000
2016-02-22,2615,-940000,0,521000,-419000,-214000,735000
2016-02-23,2615,635449,0,-458000,177449,-10000,-448000
2016-02-24,2615,74000,0,94000,168000,129000,-35000
2016-02-25,2615,-2644000,0,-183000,-2827000,-37000,-146000
2016-02-26,2615,1459347,0,63000,1522347,-200000,263000
2016-03-01,2615,242287,0,-286000,-43713,0,-286000
2016-03-02,2615,1029000,-11528,2807000,3824472,265000,2542000
2016-03-03,2615,-2361000,0,196000,-2165000,1512000,-1316000
2016-03-04,2615,1076000,0,-154000,922000,427000,-581000
2016-03-07,2615,-1023000,0,398000,-625000,492000,-94000
2016-03-08,2615,-1132000,116000,1949000,933000,-70000,2019000
2016-03-09,2615,-654309,0,-2324000,-2978309,-416000,-1908000
2016-03-10,2615,2385000,0,166000,2551000,306000,-140000
2016-03-11,2615,-1804000,500000,-237000,-1541000,-65000,-172000
2016-03-14,2615,3354000,568000,-2281000,1641000,-1710000,-571000
2016-03-15,2615,-1263000,0,-839000,-2102000,-248000,-591000
2016-03-16,2615,1008000,0,-159000,849000,-899000,740000
2016-03-17,2615,1087000,0,-412000,675000,0,-412000
2016-03-18,2615,1782220,0,118000,1900220,15000,103000
2016-03-21,2615,-3182000,-290000,-112000,-3584000,14000,-126000
2016-03-22,2615,-510551,0,-362000,-872551,-8000,-354000
2016-03-23,2615,-2177900,-173000,25000,-2325900,0,25000
2016-03-24,2615,297000,0,436000,733000,0,436000
2016-03-25,2615,-1086000,0,-433000,-1519000,-72000,-361000
2016-03-28,2615,26000,0,332000,358000,-75000,407000
2016-03-29,2615,418000,0,-443000,-25000,-80000,-363000
2016-03-30,2615,-146000,-82000,82000,-146000,0,82000
2016-03-31,2615,-915000,0,-97472,-1012472,3000,-100472
2016-04-01,2615,-539000,0,-337000,-876000,0,-337000
2016-04-06,2615,-1632000,0,-70000,-1702000,-24000,-46000
2016-04-07,2615,-662000,0,41000,-621000,-4000,45000
2016-04-08,2615,-1472500,-357000,120000,-1709500,-232000,352000
2016-04-11,2615,-849000,0,-294000,-1143000,0,-294000
2016-04-12,2615,-601482,-1000,7000,-595482,200000,-193000
2016-04-13,2615,-1597000,0,491000,-1106000,36000,455000
2016-04-14,2615,-217500,0,222000,4500,0,222000
2016-04-15,2615,2216600,-153000,657000,2720600,24000,633000
2016-04-18,2615,-1247000,0,-75000,-1322000,0,-75000
2016-04-19,2615,-801599,0,-314000,-1115599,64000,-378000
2016-04-20,2615,-974341,-1000,15000,-960341,44000,-29000
2016-04-21,2615,-1752000,0,-316000,-2068000,100000,-416000
2016-04-22,2615,-605000,0,-255000,-860000,50000,-305000
2016-04-25,2615,-802132,-1000,-186000,-989132,0,-186000
2016-04-26,2615,-692066,0,208000,-484066,3000,205000
2016-04-27,2615,-519000,0,-80000,-599000,2000,-82000
2016-04-28,2615,-463547,0,-30000,-493547,-5000,-25000
2016-04-29,2615,923000,0,-348000,575000,0,-348000
2016-05-03,2615,-1156000,0,-111000,-1267000,112000,-223000
2016-05-04,2615,653000,0,701000,1354000,750000,-49000
2016-05-05,2615,-59000,0,76000,17000,-21000,97000
2016-05-06,2615,-198000,0,-31000,-229000,0,-31000
2016-05-09,2615,-381000,0,70000,-311000,0,70000
2016-05-10,2615,-195000,-728,-51000,-246728,0,-51000
2016-05-11,2615,-796000,0,-15000,-811000,50000,-65000
2016-05-12,2615,-593400,0,-19000,-612400,150000,-169000
2016-05-13,2615,-970533,0,0,-970533,100000,-100000
2016-05-16,2615,780801,0,296000,1076801,198000,98000
2016-05-17,2615,-261066,0,-127000,-388066,-5000,-122000
2016-05-18,2615,-699000,0,71000,-628000,0,71000
2016-05-19,2615,3000,0,-95000,-92000,0,-95000
2016-05-20,2615,-178743,0,217000,38257,0,217000
2016-05-23,2615,759467,0,-206000,553467,-7000,-199000
2016-05-24,2615,-231000,0,-1000,-232000,-6000,5000
2016-05-25,2615,-162000,0,527000,365000,475000,52000
2016-05-26,2615,-129000,0,78000,-51000,80000,-2000
2016-05-27,2615,162000,0,136000,298000,155000,-19000
2016-05-30,2615,-252000,0,18000,-234000,34000,-16000
2016-05-31,2615,-458000,0,0,-458000,0,0
2016-06-01,2615,-42000,0,397000,355000,52000,345000
2016-06-02,2615,-1228000,0,188000,-1040000,380000,-192000
2016-06-03,2615,-762000,0,-62000,-824000,0,-62000
2016-06-04,2615,0,0,-19000,-19000,0,-19000
2016-06-06,2615,-474000,0,155000,-319000,-45000,200000
2016-06-07,2615,207600,0,-247000,-39400,0,-247000
2016-06-08,2615,-30000,0,146000,116000,-6000,152000
2016-06-13,2615,-475000,0,-159000,-634000,-4000,-155000
2016-06-14,2615,-279000,0,-138000,-417000,-98000,-40000
2016-06-15,2615,352000,0,-886000,-534000,-805000,-81000
2016-06-16,2615,-420000,0,-67000,-487000,0,-67000
2016-06-17,2615,-384000,4000,-57000,-437000,-56000,-1000
2016-06-20,2615,-133000,-120000,50000,-203000,49000,1000
2016-06-21,2615,-21000,0,0,-21000,0,0
2016-06-22,2615,-61556,0,161000,99444,-22000,183000
2016-06-23,2615,-47556,0,-102000,-149556,-9000,-93000
2016-06-24,2615,-746000,-35000,68000,-713000,96000,-28000
2016-06-27,2615,37000,-35000,4000,6000,50000,-46000
2016-06-28,2615,-125000,0,51000,-74000,52000,-1000
2016-06-29,2615,-64000,0,68000,4000,76000,-8000
2016-06-30,2615,447300,0,1253000,1700300,80000,1173000
2016-07-01,2615,-134000,0,-853000,-987000,40000,-893000
2016-07-04,2615,-26000,367000,850000,1191000,393000,457000
2016-07-05,2615,-97000,0,-266000,-363000,290000,-556000
2016-07-06,2615,-224431,0,-586000,-810431,-501000,-85000
2016-07-07,2615,-384000,0,533000,149000,375000,158000
2016-07-11,2615,-79772,0,196000,116228,173000,23000
2016-07-12,2615,17136,0,330000,347136,0,330000
2016-07-13,2615,-94000,0,-206000,-300000,130000,-336000
2016-07-14,2615,134000,0,2070000,2204000,930000,1140000
2016-07-15,2615,121000,0,2362000,2483000,1014000,1348000
2016-07-18,2615,-102000,0,-1959000,-2061000,-161000,-1798000
2016-07-19,2615,-210000,-1000,-459000,-670000,-161000,-298000
2016-07-20,2615,-639406,-1000,-518000,-1158406,-440000,-78000
2016-07-21,2615,-81000,-3000,-158000,-242000,-620000,462000
2016-07-22,2615,-1434000,-2000,-571000,-2007000,0,-571000
2016-07-25,2615,-323000,0,-904000,-1227000,-807000,-97000
2016-07-26,2615,-433000,0,-228000,-661000,-175000,-53000
2016-07-27,2615,13434,0,-201000,-187566,-168000,-33000
2016-07-28,2615,63717,0,-98000,-34283,-38000,-60000
2016-07-29,2615,-387000,-2171,-6000,-395171,0,-6000
2016-08-01,2615,-304849,0,-70000,-374849,0,-70000
2016-08-02,2615,-55000,0,-31000,-86000,-113000,82000
2016-08-03,2615,-151000,-1000,15000,-137000,-18000,33000
2016-08-04,2615,191000,0,-299000,-108000,-271000,-28000
2016-08-05,2615,-278000,-1000,-118000,-397000,-3000,-115000
2016-08-08,2615,46000,-1000,-44000,1000,-44000,0
2016-08-09,2615,-517088,0,42000,-475088,12000,30000
2016-08-10,2615,198450,-95000,-86000,17450,-66000,-20000
2016-08-11,2615,787000,0,-159000,628000,-164000,5000
2016-08-12,2615,196912,-2000,-62000,132912,18000,-80000
2016-08-15,2615,102868,0,-128000,-25132,0,-128000
2016-08-16,2615,-445000,-1000,-18000,-464000,-9000,-9000
2016-08-17,2615,706619,0,33000,739619,6000,27000
2016-08-18,2615,192000,0,-86000,106000,-21000,-65000
2016-08-19,2615,-842065,1000,1000,-840065,63000,-62000
2016-08-22,2615,-575000,-278000,69000,-784000,-6000,75000
2016-08-23,2615,-996566,0,-37000,-1033566,0,-37000
2016-08-24,2615,-189556,-1000,35000,-155556,0,35000
2016-08-25,2615,-957000,-1000,270000,-688000,-7000,277000
2016-08-26,2615,-915854,-790000,-273000,-1978854,0,-273000
2016-08-29,2615,-237000,0,-27000,-264000,-13000,-14000
2016-08-30,2615,-715000,-171000,43000,-843000,-19000,62000
2016-08-31,2615,-657000,-345000,837000,-165000,512000,325000
2016-09-01,2615,-704414,0,462000,-242414,10000,452000
2016-09-02,2615,8043000,0,23000,8066000,395000,-372000
2016-09-05,2615,784000,0,-310000,474000,-4000,-306000
2016-09-06,2615,1656000,0,-277000,1379000,-255000,-22000
2016-09-07,2615,17296884,0,-363000,16933884,-286000,-77000
2016-09-08,2615,1516826,-3000,372000,1885826,-8000,380000
2016-09-09,2615,180000,576000,-355000,401000,-63000,-292000
2016-09-10,2615,0,0,-50000,-50000,-12000,-38000
2016-09-12,2615,72000,0,56000,128000,0,56000
2016-09-13,2615,-585000,0,27000,-558000,0,27000
2016-09-14,2615,96898,0,-1044000,-947102,-1071000,27000
2016-09-19,2615,402496,0,-88000,314496,-39000,-49000
2016-09-20,2615,311964,0,-50000,261964,0,-50000
2016-09-21,2615,-292000,-37000,-50000,-379000,-6000,-44000
2016-09-22,2615,-167000,0,112000,-55000,0,112000
2016-09-23,2615,-1047000,0,201000,-846000,156000,45000
2016-09-26,2615,405949,0,38000,443949,75000,-37000
2016-09-29,2615,-493000,0,-36000,-529000,0,-36000
2016-09-30,2615,-180174,1634,-438000,-616540,-347000,-91000
2016-10-03,2615,-478098,0,-12000,-490098,-1000,-11000
2016-10-04,2615,-247831,0,11000,-236831,-6000,17000
2016-10-05,2615,29000,0,-91000,-62000,-6000,-85000
2016-10-06,2615,-30000,0,34000,4000,-21000,55000
2016-10-07,2615,-565000,0,79000,-486000,0,79000
2016-10-11,2615,-486000,0,-335000,-821000,-237000,-98000
2016-10-12,2615,-220000,0,38000,-182000,7000,31000
2016-10-13,2615,26623,0,-141000,-114377,-10000,-131000
2016-10-14,2615,-166000,0,21000,-145000,21000,0
2016-10-17,2615,-243000,0,55000,-188000,0,55000
2016-10-18,2615,-75700,0,18000,-57700,-5000,23000
2016-10-19,2615,-758000,0,-57000,-815000,-39000,-18000
2016-10-20,2615,-361000,5000,21000,-335000,-26000,47000
2016-10-21,2615,-825000,3000,9000,-813000,56000,-47000
2016-10-24,2615,-38000,0,49000,11000,0,49000
2016-10-25,2615,8000,0,37000,45000,0,37000
2016-10-26,2615,-550000,0,-57000,-607000,0,-57000
2016-10-27,2615,-731000,0,95000,-636000,0,95000
2016-10-28,2615,-675000,0,-59000,-734000,0,-59000
2016-10-31,2615,-641000,0,74000,-567000,-9000,83000
2016-11-01,2615,-617000,0,-98000,-715000,10000,-108000
2016-11-02,2615,-483000,-88627,-10000,-581627,79000,-89000
2016-11-03,2615,-558000,1000,70000,-487000,26000,44000
2016-11-04,2615,-1046000,-287000,78000,-1255000,0,78000
2016-11-07,2615,-382000,-200000,32000,-550000,16000,16000
2016-11-08,2615,7000,0,-88000,-81000,0,-88000
2016-11-09,2615,-851000,0,-229000,-1080000,-136000,-93000
2016-11-10,2615,-379000,0,40000,-339000,3000,37000
2016-11-11,2615,2686000,0,248000,2934000,-26000,274000
2016-11-14,2615,14802143,0,745000,15547143,106000,639000
2016-11-15,2615,-416000,800000,-206000,178000,27000,-233000
2016-11-16,2615,196000,250000,187000,633000,299000,-112000
2016-11-17,2615,631000,0,385000,1016000,-31000,416000
2016-11-18,2615,-219666,89000,457000,326334,203000,254000
2016-11-21,2615,134000,0,-64000,70000,27000,-91000
2016-11-22,2615,619000,2000,133000,754000,133000,0
2016-11-23,2615,-182000,0,-127000,-309000,-125000,-2000
2016-11-24,2615,250000,0,-77000,173000,-3000,-74000
2016-11-25,2615,1162000,-1050000,-132000,-20000,-7000,-125000
2016-11-28,2615,695000,0,83000,778000,-57000,140000
2016-11-29,2615,982000,5000,273000,1260000,13000,260000
2016-11-30,2615,-319000,0,-383000,-702000,-14000,-369000
2016-12-01,2615,404000,0,-216000,188000,40000,-256000
2016-12-02,2615,565000,0,-395000,170000,-305000,-90000
2016-12-05,2615,-488000,0,-181000,-669000,-206000,25000
2016-12-06,2615,117000,0,-4000,113000,10000,-14000
2016-12-07,2615,369080,0,-10000,359080,-3000,-7000
2016-12-08,2615,-24600,0,-128000,-152600,0,-128000
2016-12-09,2615,190078,0,-122749,67329,2000,-124749
2016-12-12,2615,515000,0,2000,517000,32000,-30000
2016-12-13,2615,568000,0,-135000,433000,-90000,-45000
2016-12-14,2615,61000,0,-114000,-53000,-49000,-65000
2016-12-15,2615,165746,0,-58000,107746,-26000,-32000
2016-12-16,2615,514961,-1000,-1000,512961,-1000,0
2016-12-19,2615,392000,0,20000,412000,0,20000
2016-12-20,2615,95000,0,37000,132000,37000,0
2016-12-21,2615,-54000,0,-30000,-84000,11000,-41000
2016-12-22,2615,172000,0,60000,232000,0,60000
2016-12-23,2615,134000,-89000,-74000,-29000,-9000,-65000
2016-12-26,2615,-236000,0,10000,-226000,0,10000
2016-12-27,2615,36000,0,-20000,16000,0,-20000
2016-12-28,2615,-59291,0,2000,-57291,2000,0
2016-12-29,2615,3462,0,0,3462,0,0
2016-12-30,2615,762800,0,6000,768800,5000,1000
2017-01-03,2615,331000,0,132000,463000,0,132000
2017-01-04,2615,162000,0,-114000,48000,2000,-116000
2017-01-05,2615,321000,-3000,-1000,317000,-1000,0
2017-01-06,2615,5000,-15000,-24000,-34000,-4000,-20000
2017-01-09,2615,572000,0,-6000,566000,-6000,0
2017-01-10,2615,1101000,0,202000,1303000,202000,0
2017-01-11,2615,3180000,0,383000,3563000,433000,-50000
2017-01-12,2615,356000,0,22000,378000,70000,-48000
2017-01-13,2615,317301,82000,115000,514301,145000,-30000
2017-01-16,2615,-358000,0,65000,-293000,110000,-45000
2017-01-17,2615,410530,0,69000,479530,69000,0
2017-01-18,2615,1184464,0,204000,1388464,134000,70000
2017-01-19,2615,-153336,69000,372000,287664,459000,-87000
2017-01-20,2615,-150000,619000,-106000,363000,-106000,0
2017-01-23,2615,-122000,252768,-145000,-14232,-90000,-55000
2017-01-24,2615,81000,0,-78000,3000,-20000,-58000
2017-02-02,2615,1137014,0,-5000,1132014,5000,-10000
2017-02-03,2615,-426000,3000,-120000,-543000,-125000,5000
2017-02-06,2615,-11000,0,-280000,-291000,-270000,-10000
2017-02-07,2615,56000,0,-125000,-69000,-125000,0
2017-02-08,2615,-2262000,0,-414000,-2676000,-379000,-35000
2017-02-09,2615,-405408,0,36000,-369408,36000,0
2017-02-10,2615,436761,1112000,340000,1888761,370000,-30000
2017-02-13,2615,1809000,1236000,120000,3165000,103000,17000
2017-02-14,2615,840000,1421000,-617000,1644000,-608000,-9000
2017-02-15,2615,3457000,451000,611000,4519000,500000,111000
2017-02-16,2615,616000,310000,-179000,747000,-119000,-60000
2017-02-17,2615,-169000,0,80000,-89000,80000,0
2017-02-18,2615,0,0,125000,125000,125000,0
2017-02-20,2615,-324000,131000,-204000,-397000,-195000,-9000
2017-02-21,2615,-392000,186000,-16000,-222000,4000,-20000
2017-02-22,2615,977000,0,-64000,913000,-64000,0
2017-02-23,2615,5343000,0,-1658000,3685000,-1668000,10000
2017-02-24,2615,284000,538000,477000,1299000,500000,-23000
2017-03-01,2615,1173000,308000,579000,2060000,549000,30000
2017-03-02,2615,677000,0,129000,806000,180000,-51000
2017-03-03,2615,-31700,0,0,-31700,0,0
2017-03-06,2615,462091,0,-38000,424091,0,-38000
2017-03-07,2615,-220000,686000,4000,470000,4000,0
2017-03-08,2615,572009,0,75000,647009,75000,0
2017-03-09,2615,-648000,0,191000,-457000,191000,0
2017-03-10,2615,-88000,0,110000,22000,110000,0
2017-03-13,2615,-425000,0,80000,-345000,80000,0
2017-03-14,2615,107000,-376000,0,-269000,0,0
2017-03-15,2615,-614000,0,-27000,-641000,-27000,0
2017-03-16,2615,-135000,0,-76000,-211000,-76000,0
2017-03-17,2615,-443418,141000,-207000,-509418,-207000,0
2017-03-20,2615,-139000,-501000,-390000,-1030000,-390000,0
2017-03-21,2615,647000,-313000,-151000,183000,-151000,0
2017-03-22,2615,88000,0,-67000,21000,-67000,0
2017-03-23,2615,-117311,-445000,0,-562311,0,0
2017-03-24,2615,-83000,0,-250000,-333000,-250000,0
2017-03-27,2615,363000,0,-57000,306000,-57000,0
2017-03-28,2615,911000,0,63000,974000,63000,0
2017-03-29,2615,147000,0,163000,310000,163000,0
2017-03-30,2615,39000,0,0,39000,0,0
2017-03-31,2615,-749859,0,0,-749859,0,0
2017-04-05,2615,245616,0,47000,292616,47000,0
2017-04-06,2615,676000,0,0,676000,5000,-5000
2017-04-07,2615,459000,-90000,-10000,359000,-10000,0
2017-04-10,2615,-152000,0,2000,-150000,2000,0
2017-04-11,2615,-184000,0,0,-184000,0,0
2017-04-12,2615,43000,0,-1000,42000,-1000,0
2017-04-13,2615,373000,0,-1000,372000,-1000,0
2017-04-14,2615,-76000,87000,0,11000,0,0
2017-04-17,2615,-162000,0,5000,-157000,5000,0
2017-04-18,2615,-93000,0,-1000,-94000,-1000,0
2017-04-19,2615,-1545000,-321000,-7000,-1873000,-7000,0
2017-04-20,2615,-685000,-382000,-1000,-1068000,-1000,0
2017-04-21,2615,94000,-88000,2000,8000,2000,0
2017-04-24,2615,-23000,-697000,2000,-718000,2000,0
2017-04-25,2615,461000,-130503,6000,336497,6000,0
2017-04-26,2615,-158000,0,11000,-147000,11000,0
2017-04-27,2615,55000,0,0,55000,0,0
2017-04-28,2615,-142000,-300000,0,-442000,0,0
2017-05-02,2615,773000,0,7000,780000,7000,0
2017-05-03,2615,-53000,0,0,-53000,0,0
2017-05-04,2615,404000,0,1000,405000,1000,0
2017-05-05,2615,45000,0,-12000,33000,-12000,0
2017-05-08,2615,468000,-236000,0,232000,0,0
2017-05-09,2615,38000,0,0,38000,0,0
2017-05-10,2615,585000,0,-1000,584000,-1000,0
2017-05-11,2615,-24000,-200000,0,-224000,0,0
2017-05-12,2615,-92000,-116000,0,-208000,0,0
2017-05-15,2615,-45000,87000,-5000,37000,0,-5000
2017-05-16,2615,-98000,256000,-17000,141000,-11000,-6000
2017-05-17,2615,-17200,0,0,-17200,0,0
2017-05-18,2615,-302000,-3000,0,-305000,0,0
2017-05-19,2615,101000,0,0,101000,0,0
2017-05-22,2615,301000,0,0,301000,0,0
2017-05-23,2615,132000,0,-4000,128000,-4000,0
2017-05-24,2615,333000,0,-17000,316000,-17000,0
2017-05-25,2615,417000,-2000,27000,442000,27000,0
2017-05-26,2615,263000,-12000,-128000,123000,-128000,0
2017-05-31,2615,-175000,0,7000,-168000,7000,0
2017-06-01,2615,28000,0,-10000,18000,-10000,0
2017-06-02,2615,69000,-8000,0,61000,0,0
2017-06-03,2615,0,-3000,0,-3000,0,0
2017-06-05,2615,-86000,-13000,0,-99000,0,0
2017-06-06,2615,113000,-16000,2000,99000,2000,0
2017-06-07,2615,-60000,-3000,-4000,-67000,-4000,0
2017-06-08,2615,-196000,0,0,-196000,0,0
2017-06-09,2615,307000,-4000,0,303000,0,0
2017-06-12,2615,-169000,0,-79000,-248000,-79000,0
2017-06-13,2615,49000,0,0,49000,0,0
2017-06-14,2615,-265000,0,0,-265000,0,0
2017-06-15,2615,-33000,0,19000,-14000,19000,0
2017-06-16,2615,235429,-5000,29000,259429,29000,0
2017-06-19,2615,-67000,-255000,0,-322000,0,0
2017-06-20,2615,-166000,-5000,67000,-104000,67000,0
2017-06-21,2615,875000,0,96000,971000,96000,0
2017-06-22,2615,616000,0,-18000,598000,2000,-20000
2017-06-23,2615,4000,-2000,0,2000,0,0
2017-06-26,2615,935000,-3000,126000,1058000,126000,0
2017-06-27,2615,78000,-3000,48000,123000,53000,-5000
2017-06-28,2615,706000,0,60000,766000,60000,0
2017-06-29,2615,461000,-1000,50000,510000,50000,0
2017-06-30,2615,260000,153000,0,413000,0,0
2017-07-03,2615,1050000,194000,-6000,1238000,-6000,0
2017-07-04,2615,1078171,530000,1210000,2818171,1210000,0
2017-07-05,2615,-497000,275000,189000,-33000,189000,0
2017-07-06,2615,73000,337000,-49000,361000,-49000,0
2017-07-07,2615,550836,0,-51000,499836,-51000,0
2017-07-10,2615,990874,-2000,-65000,923874,-65000,0
2017-07-11,2615,423000,0,-223000,200000,-223000,0
2017-07-12,2615,1178000,-813000,-370000,-5000,-370000,0
2017-07-13,2615,-8000,-329000,-265000,-602000,-265000,0
2017-07-14,2615,452273,-355000,-8000,89273,-3000,-5000
2017-07-17,2615,902000,219,-39000,863219,-39000,0
2017-07-18,2615,1417000,-269000,-9000,1139000,-9000,0
2017-07-19,2615,876000,-350000,97000,623000,97000,0
2017-07-20,2615,520000,-170000,0,350000,0,0
2017-07-21,2615,729158,-454000,0,275158,0,0
2017-07-24,2615,171536,0,-5000,166536,-5000,0
2017-07-25,2615,-59000,0,-5000,-64000,0,-5000
2017-07-26,2615,117000,-414000,-171000,-468000,-166000,-5000
2017-07-27,2615,295000,-351000,0,-56000,0,0
2017-07-28,2615,103000,0,0,103000,0,0
2017-07-31,2615,-119000,-350000,-32000,-501000,-32000,0
2017-08-01,2615,2232605,-300000,0,1932605,0,0
2017-08-02,2615,484000,0,0,484000,0,0
2017-08-03,2615,269000,0,-5000,264000,0,-5000
2017-08-04,2615,645000,0,-28000,617000,-23000,-5000
2017-08-07,2615,472000,0,0,472000,0,0
2017-08-08,2615,221377,0,-12000,209377,-12000,0
2017-08-09,2615,-183000,0,-92000,-275000,-92000,0
2017-08-10,2615,536792,0,0,536792,0,0
2017-08-11,2615,-380000,1000,0,-379000,0,0
2017-08-14,2615,521000,0,0,521000,0,0
2017-08-15,2615,495000,0,1160000,1655000,1160000,0
2017-08-16,2615,777000,130000,10000,917000,10000,0
2017-08-17,2615,-741333,0,-418000,-1159333,-418000,0
2017-08-18,2615,1241000,78000,13000,1332000,13000,0
2017-08-21,2615,-1125000,200000,-343000,-1268000,-343000,0
2017-08-22,2615,627000,0,-876000,-249000,-876000,0
2017-08-23,2615,1315000,41000,-163000,1193000,-163000,0
2017-08-24,2615,1669000,41000,12000,1722000,12000,0
2017-08-25,2615,2474000,2703000,-230000,4947000,-225000,-5000
2017-08-28,2615,-412466,367000,-226000,-271466,-226000,0
2017-08-29,2615,138000,69000,10000,217000,10000,0
2017-08-30,2615,294000,0,194000,488000,194000,0
2017-08-31,2615,435000,141000,100000,676000,100000,0
2017-09-01,2615,-758000,0,50000,-708000,50000,0
2017-09-04,2615,-1386000,-200000,40000,-1546000,40000,0
2017-09-05,2615,-734000,0,-53170,-787170,-50000,-3170
2017-09-06,2615,1821553,0,-31000,1790553,-31000,0
2017-09-07,2615,188000,0,27000,215000,27000,0
2017-09-08,2615,-694156,-5000,-32000,-731156,-32000,0
2017-09-11,2615,-1641000,0,-83000,-1724000,-83000,0
2017-09-12,2615,-1485423,0,-141000,-1626423,-141000,0
2017-09-13,2615,809105,0,5000,814105,5000,0
2017-09-14,2615,567000,0,11000,578000,11000,0
2017-09-15,2615,-2739690,-181000,-281000,-3201690,-281000,0
2017-09-18,2615,-338000,-1674000,-127000,-2139000,-127000,0
2017-09-19,2615,-1321577,-180000,0,-1501577,0,0
2017-09-20,2615,-1617000,0,14000,-1603000,14000,0
2017-09-21,2615,-1913000,0,0,-1913000,0,0
2017-09-22,2615,44900,-74000,-11000,-40100,-11000,0
2017-09-25,2615,-884000,0,10000,-874000,10000,0
2017-09-26,2615,-89000,0,83000,-6000,83000,0
2017-09-27,2615,182000,0,-119000,63000,-119000,0
2017-09-28,2615,-1387953,0,-25000,-1412953,-25000,0
2017-09-29,2615,613000,74000,-60000,627000,-60000,0
2017-09-30,2615,0,0,52000,52000,52000,0
2017-10-02,2615,-639000,0,-12000,-651000,-12000,0
2017-10-03,2615,-996000,292439,4000,-699561,4000,0
2017-10-05,2615,-909000,274000,0,-635000,0,0
2017-10-06,2615,-853000,26000,0,-827000,0,0
2017-10-11,2615,-1080053,0,-10000,-1090053,-21000,11000
2017-10-12,2615,-328079,0,3000,-325079,0,3000
2017-10-13,2615,-8000,0,126000,118000,0,126000
2017-10-16,2615,-953000,0,-29000,-982000,0,-29000
2017-10-17,2615,-188591,0,-97000,-285591,0,-97000
2017-10-18,2615,-813000,0,0,-813000,0,0
2017-10-19,2615,126000,-4000,-4000,118000,-4000,0
2017-10-20,2615,-3565000,0,33000,-3532000,-57000,90000
2017-10-23,2615,1376000,0,60000,1436000,76000,-16000
2017-10-24,2615,287000,0,312000,599000,100000,212000
2017-10-25,2615,1299000,-580000,-185000,534000,-100000,-85000
2017-10-26,2615,-145000,0,-16000,-161000,-17000,1000
2017-10-27,2615,174000,-668000,-110000,-604000,-83000,-27000
2017-10-30,2615,224168,0,-60000,164168,-53000,-7000
2017-10-31,2615,88169,0,8000,96169,8000,0
2017-11-01,2615,783167,-259000,-19000,505167,2000,-21000
2017-11-02,2615,301165,-164000,7000,144165,0,7000
2017-11-03,2615,815000,0,-12000,803000,5000,-17000
2017-11-06,2615,454170,0,14000,468170,0,14000
2017-11-07,2615,460168,0,19000,479168,12000,7000
2017-11-08,2615,264168,-664000,1000,-398832,0,1000
2017-11-09,2615,92168,0,7000,99168,1000,6000
2017-11-10,2615,48168,0,-25000,23168,0,-25000
2017-11-13,2615,13168,0,-6000,7168,0,-6000
2017-11-14,2615,287168,0,19000,306168,-19000,38000
2017-11-15,2615,1095168,-523000,-36000,536168,-3000,-33000
2017-11-16,2615,337168,0,-13000,324168,-10000,-3000
2017-11-17,2615,810084,0,-16000,794084,-50000,34000
2017-11-20,2615,805000,0,-20000,785000,0,-20000
2017-11-21,2615,969000,0,82000,1051000,63000,19000
2017-11-22,2615,1615571,0,207000,1822571,150000,57000
2017-11-23,2615,767000,0,-62000,705000,0,-62000
2017-11-24,2615,1945000,0,904000,2849000,82000,822000
2017-11-27,2615,424000,0,-139000,285000,25000,-164000
2017-11-28,2615,266799,0,50000,316799,0,50000
2017-11-29,2615,154000,0,-117000,37000,0,-117000
2017-11-30,2615,339634,0,98000,437634,118000,-20000
2017-12-01,2615,2299000,0,17000,2316000,0,17000
2017-12-04,2615,920000,0,1061000,1981000,91000,970000
2017-12-05,2615,2450000,0,-609000,1841000,73000,-682000
2017-12-06,2615,-191000,0,-47000,-238000,6000,-53000
2017-12-07,2615,890000,0,31000,921000,1000,30000
2017-12-08,2615,383000,69000,-4000,448000,0,-4000
2017-12-11,2615,-254000,0,31000,-223000,-60000,91000
2017-12-12,2615,-1269000,0,-114000,-1383000,-53000,-61000
2017-12-13,2615,837695,0,63000,900695,0,63000
2017-12-14,2615,7000,0,228000,235000,85000,143000
2017-12-15,2615,205000,-2000,-22000,181000,0,-22000
2017-12-18,2615,-57000,0,-12000,-69000,-9000,-3000
2017-12-19,2615,-511000,0,-52000,-563000,-58000,6000
2017-12-20,2615,-405000,0,290000,-115000,-59000,349000
2017-12-21,2615,-999000,0,-21000,-1020000,1000,-22000
2017-12-22,2615,-29000,0,-5000,-34000,0,-5000
2017-12-25,2615,-77000,0,7000,-70000,-3000,10000
2017-12-26,2615,113000,15259,-171000,-42741,-56000,-115000
2017-12-27,2615,350000,20000,50000,420000,0,50000
2017-12-28,2615,-257000,23000,-30000,-264000,-13000,-17000
2017-12-29,2615,-37000,0,2000,-35000,2000,0
2018-01-02,2615,-1682000,0,990000,-692000,157000,833000
2018-01-03,2615,-1059000,0,-302000,-1361000,-60000,-242000
2018-01-04,2615,-668000,0,-8000,-676000,-1000,-7000
2018-01-05,2615,-502416,-69000,31000,-540416,0,31000
2018-01-08,2615,230000,0,-27000,203000,-20000,-7000
2018-01-09,2615,445000,0,334000,779000,-11000,345000
2018-01-10,2615,181000,0,-52000,129000,0,-52000
2018-01-11,2615,-162000,0,-10000,-172000,0,-10000
2018-01-12,2615,218000,69000,23000,310000,1000,22000
2018-01-15,2615,431000,0,154000,585000,0,154000
2018-01-16,2615,-169000,0,-39000,-208000,-23000,-16000
2018-01-17,2615,1007000,0,20000,1027000,-4000,24000
2018-01-18,2615,-57000,0,50000,-7000,2000,48000
2018-01-19,2615,3000,0,-131000,-128000,-62000,-69000
2018-01-22,2615,-13000,0,-72000,-85000,16000,-88000
2018-01-23,2615,350000,0,-208000,142000,15000,-223000
2018-01-24,2615,655000,0,69000,724000,1000,68000
2018-01-25,2615,69000,0,50000,119000,7000,43000
2018-01-26,2615,316000,-69000,4000,251000,1000,3000
2018-01-29,2615,179000,0,1000,180000,0,1000
2018-01-30,2615,183000,0,-9000,174000,0,-9000
2018-01-31,2615,-337000,0,99000,-238000,121000,-22000
2018-02-01,2615,394000,0,-725000,-331000,-3000,-722000
2018-02-02,2615,-233000,0,-58000,-291000,-8000,-50000
2018-02-05,2615,536000,0,-130000,406000,12000,-142000
2018-02-06,2615,-311000,0,-480000,-791000,-136000,-344000
2018-02-07,2615,-81000,0,-8000,-89000,-9000,1000
2018-02-08,2615,127000,0,-62000,65000,0,-62000
2018-02-09,2615,123000,0,-13000,110000,0,-13000
2018-02-12,2615,-570000,0,-54000,-624000,-44000,-10000
2018-02-21,2615,567000,0,73000,640000,0,73000
2018-02-22,2615,-124000,0,8000,-116000,-10000,18000
2018-02-23,2615,-345000,0,13000,-332000,0,13000
2018-02-26,2615,-309000,0,-26000,-335000,0,-26000
2018-02-27,2615,396000,0,2000,398000,0,2000
2018-03-01,2615,173000,0,-11000,162000,0,-11000
2018-03-02,2615,-187000,0,-15000,-202000,-13000,-2000
2018-03-05,2615,-448000,0,-115000,-563000,-21000,-94000
2018-03-06,2615,-253000,0,-2000,-255000,0,-2000
2018-03-07,2615,248000,0,-70000,178000,0,-70000
2018-03-08,2615,-628000,0,0,-628000,0,0
2018-03-09,2615,-197000,0,32000,-165000,0,32000
2018-03-12,2615,-1294000,0,-38000,-1332000,-34000,-4000
2018-03-13,2615,-1129000,0,14000,-1115000,14000,0
2018-03-14,2615,-240000,0,106000,-134000,106000,0
2018-03-15,2615,-2185000,0,3000,-2182000,3000,0
2018-03-16,2615,1400727,2000,-24000,1378727,-164000,140000
2018-03-19,2615,-61000,-6000,11000,-56000,2000,9000
2018-03-20,2615,496000,0,-31000,465000,26000,-57000
2018-03-21,2615,166000,0,19000,185000,19000,0
2018-03-22,2615,-306000,0,26000,-280000,0,26000
2018-03-23,2615,3000,0,-234000,-231000,-58000,-176000
2018-03-26,2615,-340000,0,2000,-338000,0,2000
2018-03-27,2615,113000,1746,3000,117746,3000,0
2018-03-28,2615,-394000,0,-71000,-465000,-71000,0
2018-03-29,2615,-178000,0,-35000,-213000,-25000,-10000
2018-03-30,2615,-537000,0,35000,-502000,5000,30000
2018-03-31,2615,0,0,-19000,-19000,1000,-20000
2018-04-02,2615,-220000,0,0,-220000,0,0
2018-04-03,2615,-18000,0,-2000,-20000,0,-2000
2018-04-09,2615,-985459,0,-59000,-1044459,0,-59000
2018-04-10,2615,-797000,0,-29000,-826000,0,-29000
2018-04-11,2615,-1550000,0,65000,-1485000,151000,-86000
2018-04-12,2615,-608000,0,-100000,-708000,0,-100000
2018-04-13,2615,-1459000,0,-41000,-1500000,-19000,-22000
2018-04-16,2615,313563,0,-40000,273563,0,-40000
2018-04-17,2615,-138000,4000,-62000,-196000,-62000,0
2018-04-18,2615,-444000,-4000,-33000,-481000,0,-33000
2018-04-19,2615,133000,0,-10000,123000,-10000,0
2018-04-20,2615,47000,-42000,11000,16000,11000,0
2018-04-23,2615,28000,-48000,-7000,-27000,-7000,0
2018-04-24,2615,-188000,0,-7000,-195000,3000,-10000
2018-04-25,2615,-89000,-12000,-20000,-121000,0,-20000
2018-04-26,2615,49000,0,0,49000,0,0
2018-04-27,2615,-379000,0,-9000,-388000,-9000,0
2018-04-30,2615,-123000,0,0,-123000,0,0
2018-05-02,2615,-442000,0,0,-442000,0,0
2018-05-03,2615,-262000,0,-3000,-265000,-3000,0
2018-05-04,2615,-411000,0,-4000,-415000,0,-4000
2018-05-07,2615,-25000,0,-33000,-58000,0,-33000
2018-05-08,2615,17000,0,0,17000,0,0
2018-05-09,2615,-237000,0,-10000,-247000,0,-10000
2018-05-10,2615,-679000,0,-17000,-696000,-17000,0
2018-05-11,2615,-552000,0,-8000,-560000,-1000,-7000
2018-05-14,2615,-137000,0,-89000,-226000,-2000,-87000
2018-05-15,2615,-211000,0,20000,-191000,20000,0
2018-05-16,2615,1073000,0,-98000,975000,-43000,-55000
2018-05-17,2615,538000,0,2000,540000,0,2000
2018-05-18,2615,113000,0,-1000,112000,-1000,0
2018-05-21,2615,179000,0,0,179000,0,0
2018-05-22,2615,-176000,0,0,-176000,0,0
2018-05-23,2615,-948000,-4200,0,-952200,0,0
2018-05-24,2615,138000,0,-2000,136000,-2000,0
2018-05-25,2615,-38000,0,-14000,-52000,0,-14000
2018-05-28,2615,-96000,0,0,-96000,0,0
2018-05-29,2615,-223563,0,0,-223563,0,0
2018-05-30,2615,-216000,0,-93000,-309000,-66000,-27000
2018-05-31,2615,-55000,0,0,-55000,0,0
2018-06-01,2615,71000,0,0,71000,0,0
2018-06-04,2615,-36000,0,0,-36000,0,0
2018-06-05,2615,-100000,0,0,-100000,0,0
2018-06-06,2615,262000,0,177000,439000,177000,0
2018-06-07,2615,-64000,0,0,-64000,0,0
2018-06-08,2615,168000,0,0,168000,0,0
2018-06-11,2615,-48000,0,0,-48000,0,0
2018-06-12,2615,670000,0,-20000,650000,0,-20000
2018-06-13,2615,243000,0,-3000,240000,0,-3000
2018-06-14,2615,83000,0,0,83000,0,0
2018-06-15,2615,-292300,2000,49000,-241300,49000,0
2018-06-19,2615,456000,0,-5000,451000,0,-5000
2018-06-20,2615,414000,1383,166000,581383,166000,0
2018-06-21,2615,76000,0,0,76000,0,0
2018-06-22,2615,202000,0,0,202000,0,0
2018-06-25,2615,561000,0,0,561000,0,0
2018-06-26,2615,742000,0,20000,762000,20000,0
2018-06-27,2615,75317,0,-5000,70317,-5000,0
2018-06-28,2615,949000,0,17000,966000,17000,0
2018-06-29,2615,659000,-7000,29000,681000,29000,0
2018-07-02,2615,573000,-8000,0,565000,0,0
2018-07-03,2615,462000,-7000,14000,469000,17000,-3000
2018-07-04,2615,367000,0,87000,454000,87000,0
2018-07-05,2615,122000,0,0,122000,0,0
2018-07-06,2615,555000,0,5000,560000,0,5000
2018-07-09,2615,654000,0,0,654000,0,0
2018-07-10,2615,479000,0,0,479000,0,0
2018-07-11,2615,289000,0,-101000,188000,-101000,0
2018-07-12,2615,634000,0,-2000,632000,-2000,0
2018-07-13,2615,1191000,0,153000,1344000,153000,0
2018-07-16,2615,1058000,0,-164000,894000,-164000,0
2018-07-17,2615,1020703,263000,0,1283703,0,0
2018-07-18,2615,176000,0,180000,356000,180000,0
2018-07-19,2615,178000,0,0,178000,0,0
2018-07-20,2615,433000,0,0,433000,0,0
2018-07-23,2615,335281,0,0,335281,0,0
2018-07-24,2615,41000,0,0,41000,0,0
2018-07-25,2615,-531351,0,-5000,-536351,0,-5000
2018-07-26,2615,1058183,0,-1000,1057183,-1000,0
2018-07-27,2615,-58000,0,0,-58000,0,0
2018-07-30,2615,-148000,0,-1000,-149000,-1000,0
2018-07-31,2615,-264000,0,0,-264000,0,0
2018-08-01,2615,35000,0,0,35000,0,0
2018-08-02,2615,623643,0,-4000,619643,-4000,0
2018-08-03,2615,-148000,0,0,-148000,0,0
2018-08-06,2615,-211000,0,0,-211000,0,0
2018-08-07,2615,-307000,0,0,-307000,0,0
2018-08-08,2615,-85000,0,0,-85000,0,0
2018-08-09,2615,107000,0,0,107000,0,0
2018-08-10,2615,304000,0,0,304000,0,0
2018-08-13,2615,490000,0,11000,501000,11000,0
2018-08-14,2615,146000,0,0,146000,0,0
2018-08-15,2615,402000,0,0,402000,0,0
2018-08-16,2615,-174000,0,0,-174000,0,0
2018-08-17,2615,2138000,0,0,2138000,0,0
2018-08-20,2615,2231812,0,-174000,2057812,-24000,-150000
2018-08-21,2615,257000,0,165000,422000,165000,0
2018-08-22,2615,-255000,0,71000,-184000,71000,0
2018-08-23,2615,-6786,0,-10000,-16786,-10000,0
2018-08-24,2615,-548000,0,-1000,-549000,-1000,0
2018-08-27,2615,395000,0,0,395000,0,0
2018-08-28,2615,-403000,0,0,-403000,0,0
2018-08-29,2615,-21585,0,-88000,-109585,-88000,0
2018-08-30,2615,-94000,0,0,-94000,0,0
2018-08-31,2615,249475,0,0,249475,0,0
2018-09-03,2615,154000,0,-9000,145000,-9000,0
2018-09-04,2615,-179000,0,0,-179000,0,0
2018-09-05,2615,75000,0,-165000,-90000,-165000,0
2018-09-06,2615,525000,0,0,525000,0,0
2018-09-07,2615,719000,4826,0,723826,0,0
2018-09-10,2615,964000,0,0,964000,0,0
2018-09-11,2615,957000,0,1000,958000,1000,0
2018-09-12,2615,-114400,0,140000,25600,140000,0
2018-09-13,2615,637000,0,5000,642000,0,5000
2018-09-14,2615,-63000,0,1000,-62000,1000,0
2018-09-17,2615,125422,13000,0,138422,0,0
2018-09-18,2615,519000,0,0,519000,0,0
2018-09-19,2615,327000,0,13000,340000,13000,0
2018-09-20,2615,-116000,0,0,-116000,0,0
2018-09-21,2615,76481,1000,0,77481,0,0
2018-09-25,2615,-271895,0,-80000,-351895,-80000,0
2018-09-26,2615,-177000,0,-321000,-498000,-321000,0
2018-09-27,2615,-365294,0,-2000,-367294,-2000,0
2018-09-28,2615,-614081,0,15000,-599081,15000,0
2018-10-01,2615,39000,0,-16000,23000,-16000,0
2018-10-02,2615,-236000,0,-41000,-277000,-41000,0
2018-10-03,2615,-292978,1000,-22000,-313978,-22000,0
2018-10-04,2615,-440602,0,0,-440602,0,0
2018-10-05,2615,-368000,3414,34000,-330586,34000,0
2018-10-08,2615,-348265,3000,42000,-303265,42000,0
2018-10-09,2615,-38985,0,11000,-27985,11000,0
2018-10-11,2615,255000,6000,-206000,55000,-206000,0
2018-10-12,2615,244000,0,-1000,243000,-1000,0
2018-10-15,2615,-120275,0,-14000,-134275,-14000,0
2018-10-16,2615,-366805,2000,-66000,-430805,-66000,0
2018-10-17,2615,-278222,0,-49000,-327222,-49000,0
2018-10-18,2615,367011,1000,16000,384011,16000,0
2018-10-19,2615,31000,69000,26000,126000,26000,0
2018-10-22,2615,653000,1000,-179000,475000,-179000,0
2018-10-23,2615,48000,1000,-61000,-12000,-61000,0
2018-10-24,2615,40000,1000,-21000,20000,-21000,0
2018-10-25,2615,-47000,3000,0,-44000,0,0
2018-10-26,2615,-153000,4000,4000,-145000,4000,0
2018-10-29,2615,-197000,0,0,-197000,0,0
2018-10-30,2615,-323000,0,6000,-317000,6000,0
2018-10-31,2615,-444080,0,111000,-333080,111000,0
2018-11-01,2615,-60000,0,-10000,-70000,-10000,0
2018-11-02,2615,27000,-51443,0,-24443,0,0
2018-11-05,2615,35000,0,-72000,-37000,-72000,0
2018-11-06,2615,4000,0,0,4000,0,0
2018-11-07,2615,-137000,9000,-105000,-233000,-105000,0
2018-11-08,2615,-59000,1000,0,-58000,0,0
2018-11-09,2615,-110000,1000,0,-109000,0,0
2018-11-12,2615,-51000,0,0,-51000,0,0
2018-11-13,2615,-91000,0,0,-91000,0,0
2018-11-14,2615,-285442,1000,0,-284442,0,0
2018-11-15,2615,55000,1000,0,56000,0,0
2018-11-16,2615,130000,0,0,130000,0,0
2018-11-19,2615,22000,2000,0,24000,0,0
2018-11-20,2615,-1000,3000,5000,7000,5000,0
2018-11-21,2615,74000,2000,0,76000,0,0
2018-11-22,2615,133000,0,0,133000,0,0
2018-11-23,2615,57000,0,-5000,52000,-5000,0
2018-11-26,2615,167500,0,0,167500,0,0
2018-11-27,2615,35000,0,-10000,25000,-10000,0
2018-11-28,2615,-8000,-9000,153000,136000,153000,0
2018-11-29,2615,79000,4000,0,83000,0,0
2018-11-30,2615,158429,0,25000,183429,25000,0
2018-12-03,2615,181000,5000,0,186000,0,0
2018-12-04,2615,-250000,0,0,-250000,0,0
2018-12-05,2615,17000,0,-143000,-126000,-143000,0
2018-12-06,2615,-98047,5000,-34000,-127047,-34000,0
2018-12-07,2615,155000,4000,-3000,156000,-3000,0
2018-12-10,2615,-32000,0,0,-32000,0,0
2018-12-11,2615,105759,2000,0,107759,0,0
2018-12-12,2615,154000,0,110000,264000,110000,0
2018-12-13,2615,55000,-966,0,54034,0,0
2018-12-14,2615,28000,0,-112000,-84000,-112000,0
2018-12-17,2615,-29929,0,0,-29929,0,0
2018-12-18,2615,-56000,0,0,-56000,0,0
2018-12-19,2615,69000,0,2000,71000,2000,0
2018-12-20,2615,200000,0,-22000,178000,-22000,0
2018-12-21,2615,-190000,-4000,17000,-177000,17000,0
2018-12-22,2615,0,1000,-22000,-21000,-22000,0
2018-12-24,2615,-41000,0,0,-41000,0,0
2018-12-25,2615,-96000,-2531,-53000,-151531,-58000,5000
2018-12-26,2615,24000,0,-111000,-87000,-111000,0
2018-12-27,2615,-20000,0,0,-20000,0,0
2018-12-28,2615,-264700,0,-19000,-283700,-19000,0
2019-01-02,2615,-21000,4000,-165000,-182000,-165000,0
2019-01-03,2615,-14000,0,3000,-11000,3000,0
2019-01-04,2615,81934,2000,12000,95934,12000,0
2019-01-07,2615,0,0,0,0,0,0
2019-01-08,2615,-78000,0,0,-78000,0,0
2019-01-09,2615,188000,0,247000,435000,247000,0
2019-01-10,2615,-113000,0,0,-113000,0,0
2019-01-11,2615,89000,0,0,89000,0,0
2019-01-14,2615,-84354,0,-9000,-93354,-9000,0
2019-01-15,2615,5000,0,9000,14000,9000,0
2019-01-16,2615,-87935,0,0,-87935,0,0
2019-01-17,2615,-77000,0,-6000,-83000,-6000,0
2019-01-18,2615,-6000,0,0,-6000,0,0
2019-01-21,2615,-38000,0,-3000,-41000,-3000,0
2019-01-22,2615,-41000,0,0,-41000,0,0
2019-01-23,2615,-126000,-6000,-26000,-158000,-26000,0
2019-01-24,2615,-195687,0,2000,-193687,2000,0
2019-01-25,2615,-62000,0,0,-62000,0,0
2019-01-28,2615,-9000,0,0,-9000,0,0
2019-01-29,2615,-56800,0,4000,-52800,4000,0
2019-01-30,2615,-214200,0,-81000,-295200,-81000,0
2019-02-11,2615,-17966,0,0,-17966,0,0
2019-02-12,2615,293000,0,0,293000,0,0
2019-02-13,2615,335000,2000,0,337000,0,0
2019-02-14,2615,652000,0,0,652000,0,0
2019-02-15,2615,329000,0,0,329000,0,0
2019-02-18,2615,720000,0,-40000,680000,-40000,0
2019-02-19,2615,152000,0,-27000,125000,-27000,0
2019-02-20,2615,232000,0,0,232000,0,0
2019-02-21,2615,-60000,0,0,-60000,0,0
2019-02-22,2615,-126000,0,0,-126000,0,0
2019-02-25,2615,462000,0,0,462000,0,0
2019-02-26,2615,146000,0,0,146000,0,0
2019-02-27,2615,-212042,0,19000,-193042,19000,0
2019-03-04,2615,-42000,0,-4000,-46000,-4000,0
2019-03-05,2615,57748,0,-37000,20748,-37000,0
2019-03-06,2615,-115000,0,-106000,-221000,-106000,0
2019-03-07,2615,-92000,0,-6000,-98000,-6000,0
2019-03-08,2615,-5000,0,-5000,-10000,-5000,0
2019-03-11,2615,-51000,0,-2000,-53000,-2000,0
2019-03-12,2615,-98327,0,-1000,-99327,-1000,0
2019-03-13,2615,-241437,0,0,-241437,0,0
2019-03-14,2615,-3000,0,0,-3000,0,0
2019-03-15,2615,-6000,-2000,0,-8000,0,0
2019-03-18,2615,202000,0,0,202000,0,0
2019-03-19,2615,55000,0,0,55000,0,0
2019-03-20,2615,303244,0,0,303244,0,0
2019-03-21,2615,-83000,0,0,-83000,0,0
2019-03-22,2615,148000,0,0,148000,0,0
2019-03-25,2615,100000,-2000,0,98000,0,0
2019-03-26,2615,-52000,0,0,-52000,0,0
2019-03-27,2615,-40000,0,-15000,-55000,-15000,0
2019-03-28,2615,-41592,0,0,-41592,0,0
2019-03-29,2615,-99320,0,22999,-76321,22999,0
2019-04-01,2615,80000,1194,3000,84194,3000,0
2019-04-02,2615,345000,-2000,0,343000,0,0
2019-04-03,2615,554000,0,35000,589000,35000,0
2019-04-08,2615,440000,0,-801,439199,-801,0
2019-04-09,2615,284000,6000,26802,316802,26802,0
2019-04-10,2615,-120000,0,242000,122000,242000,0
2019-04-11,2615,169000,-2000,0,167000,0,0
2019-04-12,2615,-33000,-1000,0,-34000,0,0
2019-04-15,2615,-51000,0,0,-51000,0,0
2019-04-16,2615,-21956,0,-5000,-26956,0,-5000
2019-04-17,2615,156000,0,0,156000,0,0
2019-04-18,2615,-497000,-2000,0,-499000,0,0
2019-04-19,2615,-77000,0,0,-77000,0,0
2019-04-22,2615,-41000,-500,0,-41500,0,0
2019-04-23,2615,-85000,0,0,-85000,0,0
2019-04-24,2615,39014,0,-74000,-34986,-74000,0
2019-04-25,2615,-74000,0,0,-74000,0,0
2019-04-26,2615,-46000,0,0,-46000,0,0
2019-04-29,2615,-37587,-2000,0,-39587,0,0
2019-04-30,2615,-149697,-1000,0,-150697,0,0
2019-05-02,2615,106000,-2000,-99000,5000,-99000,0
2019-05-03,2615,244000,0,0,244000,0,0
2019-05-06,2615,-111000,0,0,-111000,0,0
2019-05-07,2615,-44000,0,0,-44000,0,0
2019-05-08,2615,68000,10000,93000,171000,93000,0
2019-05-09,2615,47000,0,0,47000,0,0
2019-05-10,2615,-41000,0,25000,-16000,25000,0
2019-05-13,2615,-141979,0,93000,-48979,93000,0
2019-05-14,2615,-101000,0,295000,194000,295000,0
2019-05-15,2615,-31557,0,309000,277443,309000,0
2019-05-16,2615,195000,0,100000,295000,100000,0
2019-05-17,2615,376000,2000,2000,380000,2000,0
2019-05-20,2615,202000,0,464277,666277,464277,0
2019-05-21,2615,1285000,0,92000,1377000,92000,0
2019-05-22,2615,582000,0,157000,739000,157000,0
2019-05-23,2615,477745,0,60000,537745,60000,0
2019-05-24,2615,805000,1000,28000,834000,28000,0
2019-05-27,2615,2246000,0,-3000,2243000,-3000,0
2019-05-28,2615,1269054,1000,124000,1394054,124000,0
2019-05-29,2615,1724000,0,184000,1908000,184000,0
2019-05-30,2615,1885986,0,198723,2084709,198723,0
2019-05-31,2615,6664,57000,88000,151664,88000,0
2019-06-03,2615,363000,0,194000,557000,194000,0
2019-06-04,2615,1284000,0,19000,1303000,19000,0
2019-06-05,2615,456000,0,-113000,343000,-113000,0
2019-06-06,2615,906000,0,-43000,863000,-43000,0
2019-06-10,2615,1237000,0,0,1237000,0,0
2019-06-11,2615,63000,0,0,63000,0,0
2019-06-12,2615,384000,5259,48000,437259,48000,0
2019-06-13,2615,1580000,5261,139000,1724261,139000,0
2019-06-14,2615,535010,0,143000,678010,143000,0
2019-06-17,2615,143600,5088,12000,160688,12000,0
2019-06-18,2615,813650,4000,-57000,760650,-57000,0
2019-06-19,2615,438202,0,262000,700202,262000,0
2019-06-20,2615,617000,3000,-19000,601000,-19000,0
2019-06-21,2615,1200200,1000,-14000,1187200,-14000,0
2019-06-24,2615,1473000,-7532,3000,1468468,3000,0
2019-06-25,2615,1186000,0,8000,1194000,8000,0
2019-06-26,2615,328730,6000,20000,354730,20000,0
2019-06-27,2615,629000,0,-60000,569000,-60000,0
2019-06-28,2615,236448,0,-38000,198448,-38000,0
2019-07-01,2615,297000,0,13000,310000,13000,0
2019-07-02,2615,1302000,0,112000,1414000,112000,0
2019-07-03,2615,1178000,0,-81000,1097000,-81000,0
2019-07-04,2615,388000,0,15000,403000,15000,0
2019-07-05,2615,599000,0,-4000,595000,-4000,0
2019-07-08,2615,387000,0,-26000,361000,-26000,0
2019-07-09,2615,968000,0,-4001,963999,-4001,0
2019-07-10,2615,889000,0,260000,1149000,260000,0
2019-07-11,2615,38000,2000,398000,438000,398000,0
2019-07-12,2615,594000,-1000,-170000,423000,-170000,0
2019-07-15,2615,-402000,0,-17000,-419000,-17000,0
2019-07-16,2615,270000,9000,-8000,271000,-3000,-5000
2019-07-17,2615,47000,-4000,-2000,41000,-2000,0
2019-07-18,2615,201000,0,0,201000,0,0
2019-07-19,2615,-170000,0,-1000,-171000,-1000,0
2019-07-22,2615,-234000,511000,-30000,247000,-30000,0
2019-07-23,2615,243000,1389000,-7000,1625000,-7000,0
2019-07-24,2615,522000,1598000,-227000,1893000,-227000,0
2019-07-25,2615,-576000,6457000,-751000,5130000,-751000,0
2019-07-26,2615,-239000,2188000,-268000,1681000,-297000,29000
2019-07-29,2615,-1196000,500000,-107000,-803000,-107000,0
2019-07-30,2615,955000,0,195001,1150001,195001,0
2019-07-31,2615,48160,1000,217000,266160,217000,0
2019-08-01,2615,-39000,200000,50000,211000,50000,0
2019-08-02,2615,-364000,2723000,-60000,2299000,-60000,0
2019-08-05,2615,-751000,308000,-26000,-469000,-26000,0
2019-08-06,2615,-256000,54000,64000,-138000,64000,0
2019-08-07,2615,-1175000,-143000,89000,-1229000,89000,0
2019-08-08,2615,501000,2000,-13000,490000,-13000,0
2019-08-12,2615,-1994000,0,74000,-1920000,74000,0
2019-08-13,2615,1235000,-7479,15000,1242521,15000,0
2019-08-14,2615,435000,101000,18000,554000,18000,0
2019-08-15,2615,-1437000,-398000,-27000,-1862000,-27000,0
2019-08-16,2615,-564613,-401000,27000,-938613,27000,0
2019-08-19,2615,-575000,-1078000,-125000,-1778000,-111000,-14000
2019-08-20,2615,-76442,-374000,224000,-226442,224000,0
2019-08-21,2615,-1567000,300000,-78000,-1345000,-78000,0
2019-08-22,2615,-1441636,-815000,118000,-2138636,118000,0
2019-08-23,2615,-137605,4000,54000,-79605,54000,0
2019-08-26,2615,-936065,7000,39000,-890065,39000,0
2019-08-27,2615,-958000,27000,-44000,-975000,-44000,0
2019-08-28,2615,-393000,6000,53000,-334000,53000,0
2019-08-29,2615,147000,-532000,-129000,-514000,-124000,-5000
2019-08-30,2615,-951196,0,400000,-551196,400000,0
2019-09-02,2615,60635,206000,420000,686635,425000,-5000
2019-09-03,2615,382000,1031000,-307000,1106000,-307000,0
2019-09-04,2615,-2166665,321000,19000,-1826665,19000,0
2019-09-05,2615,-577802,80000,324000,-173802,324000,0
2019-09-06,2615,-73235,38000,35000,-235,40000,-5000
2019-09-09,2615,-44000,6000,0,-38000,0,0
2019-09-10,2615,-849000,-194000,241000,-802000,241000,0
2019-09-11,2615,-604000,-632000,-38000,-1274000,-38000,0
2019-09-12,2615,-3000,-18000,-34000,-55000,-34000,0
2019-09-16,2615,-481213,3196,85000,-393017,85000,0
2019-09-17,2615,-215000,-8000,3000,-220000,3000,0
2019-09-18,2615,355305,4000,-201000,158305,-201000,0
2019-09-19,2615,-223413,18000,0,-205413,0,0
2019-09-20,2615,-987000,42000,51000,-894000,51000,0
2019-09-23,2615,-400000,0,-3000,-403000,-3000,0
2019-09-24,2615,-413829,1000,0,-412829,0,0
2019-09-25,2615,-473650,62000,-129000,-540650,-129000,0
2019-09-26,2615,-925271,26000,0,-899271,0,0
2019-09-27,2615,27000,28000,-23000,32000,0,-23000
2019-10-01,2615,-249061,1000,26000,-222061,26000,0
2019-10-02,2615,-133000,0,0,-133000,0,0
2019-10-03,2615,-619000,0,50000,-569000,50000,0
2019-10-04,2615,-562000,0,-122000,-684000,-122000,0
2019-10-07,2615,562000,0,-580000,-18000,-580000,0
2019-10-08,2615,-288000,-970,-37000,-325970,-37000,0
2019-10-09,2615,-241907,-924,-850000,-1092831,-850000,0
2019-10-14,2615,35090,-90000,20000,-34910,20000,0
2019-10-15,2615,-5000,-120000,40000,-85000,40000,0
2019-10-16,2615,162020,-11772,-309000,-158752,-309000,0
2019-10-17,2615,-642347,5945,10000,-626402,10000,0
2019-10-18,2615,557497,130078,-1000,686575,-1000,0
2019-10-21,2615,127000,47,151000,278047,151000,0
2019-10-22,2615,-213000,-69991,230000,-52991,230000,0
2019-10-23,2615,-396710,-180000,-74000,-650710,-74000,0
2019-10-24,2615,-219858,0,260000,40142,260000,0
2019-10-25,2615,-614000,4431,184000,-425569,184000,0
2019-10-28,2615,-390000,0,255000,-135000,255000,0
2019-10-29,2615,-240120,0,270000,29880,270000,0
2019-10-30,2615,79296,0,-91000,-11704,-91000,0
2019-10-31,2615,-121051,-100000,-19000,-240051,-19000,0
2019-11-01,2615,-158814,3000,18000,-137814,18000,0
2019-11-04,2615,50000,0,170000,220000,170000,0
2019-11-05,2615,113000,-397000,135000,-149000,135000,0
2019-11-06,2615,105176,-500000,161000,-233824,161000,0
2019-11-07,2615,-282000,-309000,120000,-471000,120000,0
2019-11-08,2615,-84000,2000,30000,-52000,30000,0
2019-11-11,2615,-536000,0,-18000,-554000,-18000,0
2019-11-12,2615,-13930,16000,60000,62070,60000,0
2019-11-13,2615,-18000,-300000,50000,-268000,50000,0
2019-11-14,2615,-372000,2000,10000,-360000,10000,0
2019-11-15,2615,27000,0,31000,58000,31000,0
2019-11-18,2615,-75000,-35000,40000,-70000,40000,0
2019-11-19,2615,-117000,-8000,-5000,-130000,-5000,0
2019-11-20,2615,24000,12000,0,36000,0,0
2019-11-21,2615,-276000,29000,0,-247000,0,0
2019-11-22,2615,-41000,8000,0,-33000,0,0
2019-11-25,2615,13491,1000,0,14491,0,0
2019-11-26,2615,128000,8000,10000,146000,10000,0
2019-11-27,2615,75000,8000,86000,169000,86000,0
2019-11-28,2615,56000,0,0,56000,0,0
2019-11-29,2615,-499389,2000,56000,-441389,56000,0
2019-12-02,2615,-21669,7000,0,-14669,0,0
2019-12-03,2615,379000,2000,-5000,376000,-5000,0
2019-12-04,2615,-3000,3000,-8000,-8000,-8000,0
2019-12-05,2615,-126000,-273000,41000,-358000,41000,0
2019-12-06,2615,-31900,-120000,50000,-101900,50000,0
2019-12-09,2615,-22000,0,2000,-20000,2000,0
2019-12-10,2615,113000,1000,-12000,102000,-17000,5000
2019-12-11,2615,7659,-100000,4000,-88341,4000,0
2019-12-12,2615,-68398,-538000,-107000,-713398,-107000,0
2019-12-13,2615,-757735,-120000,-102000,-979735,-102000,0
2019-12-16,2615,216340,0,0,216340,0,0
2019-12-17,2615,269000,-204646,1000,65354,1000,0
2019-12-18,2615,1284741,-701000,-149000,434741,-149000,0
2019-12-19,2615,543610,-594000,-6000,-56390,-6000,0
2019-12-20,2615,459000,20000,-70000,409000,-70000,0
2019-12-23,2615,-207340,-350000,-35000,-592340,-35000,0
2019-12-24,2615,29000,0,0,29000,0,0
2019-12-25,2615,122000,0,192000,314000,192000,0
2019-12-26,2615,-16000,1000,0,-15000,0,0
2019-12-27,2615,-44000,-100000,3000,-141000,3000,0
2019-12-30,2615,4890,6000,6000,16890,6000,0
2019-12-31,2615,-169268,6000,69000,-94268,69000,0
2020-01-02,2615,267000,0,1000,268000,1000,0
2020-01-03,2615,408041,-520000,-16000,-127959,-16000,0
2020-01-06,2615,-275000,-437000,1000,-711000,1000,0
2020-01-07,2615,-85000,-459000,43000,-501000,43000,0
2020-01-08,2615,-180000,-492000,-367000,-1039000,-367000,0
2020-01-09,2615,196000,-278000,12000,-70000,12000,0
2020-01-10,2615,-268000,0,45000,-223000,45000,0
2020-01-13,2615,47000,-160000,-97000,-210000,-97000,0
2020-01-14,2615,-365962,0,-121000,-486962,-121000,0
2020-01-15,2615,-231000,-264000,-101000,-596000,-101000,0
2020-01-16,2615,-622000,4000,-7000,-625000,-7000,0
2020-01-17,2615,-209000,-239000,35000,-413000,35000,0
2020-01-20,2615,-52000,-289000,30000,-311000,30000,0
2020-01-30,2615,-1211889,-324000,25000,-1510889,25000,0
2020-01-31,2615,-953746,-142000,-20000,-1115746,-20000,0
2020-02-03,2615,-408000,15000,10000,-383000,10000,0
2020-02-04,2615,-518000,-400000,-7000,-925000,-7000,0
2020-02-05,2615,-12000,2000,-84000,-94000,-84000,0
2020-02-06,2615,155000,6000,-3000,158000,-3000,0
2020-02-07,2615,-214000,-399000,-2000,-615000,-2000,0
2020-02-10,2615,-291000,-500000,0,-791000,0,0
2020-02-11,2615,-310619,-130000,1000,-439619,1000,0
2020-02-12,2615,-318000,-400000,71000,-647000,71000,0
2020-02-13,2615,-238915,-420000,0,-658915,0,0
2020-02-14,2615,-50000,-420000,2000,-468000,2000,0
2020-02-17,2615,-94527,-170000,1000,-263527,1000,0
2020-02-18,2615,41000,-136000,-36000,-131000,-36000,0
2020-02-19,2615,-26820,2000,0,-24820,0,0
2020-02-20,2615,140667,1000,-9000,132667,-9000,0
2020-02-21,2615,-21000,-198000,0,-219000,0,0
2020-02-24,2615,-149000,-278000,-1000,-428000,-1000,0
2020-02-25,2615,-209000,-1000,0,-210000,0,0
2020-02-26,2615,20380,16000,-20000,16380,-20000,0
2020-02-27,2615,-339000,16000,1000,-322000,1000,0
2020-03-02,2615,-401918,13000,84000,-304918,84000,0
2020-03-03,2615,-258633,8000,22000,-228633,22000,0
2020-03-04,2615,-262622,15000,-85000,-332622,-85000,0
2020-03-05,2615,-238422,0,-3000,-241422,-3000,0
2020-03-06,2615,-609477,-198000,-127000,-934477,-127000,0
2020-03-09,2615,-807052,-171000,-77000,-1055052,-77000,0
2020-03-10,2615,50000,-398000,12000,-336000,12000,0
2020-03-11,2615,-55000,-300000,-275000,-630000,-275000,0
2020-03-12,2615,-682000,8000,-6000,-680000,-6000,0
2020-03-13,2615,-516000,-57000,-57000,-630000,-57000,0
2020-03-16,2615,-738271,0,-180000,-918271,-180000,0
2020-03-17,2615,230756,21000,-40000,211756,-40000,0
2020-03-18,2615,-329000,10000,-364000,-683000,-364000,0
2020-03-19,2615,367000,1000,-1688000,-1320000,-1688000,0
2020-03-20,2615,-196448,-13978,-906000,-1116426,-906000,0
2020-03-23,2615,-103000,2000,-3000,-104000,-3000,0
2020-03-24,2615,455784,0,-25000,430784,-25000,0
2020-03-25,2615,-38186,0,-37000,-75186,-37000,0
2020-03-26,2615,1031000,13195,-51000,993195,-51000,0
2020-03-27,2615,135000,0,-34000,101000,-34000,0
2020-03-30,2615,379076,0,-2000,377076,-2000,0
2020-03-31,2615,-299000,0,-53000,-352000,-53000,0
2020-04-01,2615,823000,1000,-4000,820000,-4000,0
2020-04-06,2615,-599044,4000,-5000,-600044,-5000,0
2020-04-07,2615,-90101,0,-5000,-95101,-5000,0
2020-04-08,2615,35000,0,-126000,-91000,-126000,0
2020-04-09,2615,281000,0,-3000,278000,-3000,0
2020-04-10,2615,310000,1000,-21000,290000,-21000,0
2020-04-13,2615,2445,-12265,-25000,-34820,-25000,0
2020-04-14,2615,382000,1000,0,383000,0,0
2020-04-15,2615,-209504,0,41000,-168504,41000,0
2020-04-16,2615,-518000,1000,-19000,-536000,-19000,0
2020-04-17,2615,461000,-1000,0,460000,0,0
2020-04-20,2615,-248910,2000,34000,-212910,34000,0
2020-04-21,2615,-1229000,-2000,-116000,-1347000,-116000,0
2020-04-22,2615,-103000,-1000,0,-104000,0,0
2020-04-23,2615,-90000,-2000,-42000,-134000,-42000,0
2020-04-24,2615,-214000,-2000,-5000,-221000,-5000,0
2020-04-27,2615,595000,3000,0,598000,0,0
2020-04-28,2615,-677000,0,0,-677000,0,0
2020-04-29,2615,1206000,0,-100000,1106000,-100000,0
2020-04-30,2615,747000,12000,15000,774000,15000,0
2020-05-04,2615,-904000,0,0,-904000,0,0
2020-05-05,2615,-535000,0,0,-535000,0,0
2020-05-06,2615,-383000,0,-84000,-467000,-84000,0
2020-05-07,2615,129000,0,14000,143000,14000,0
2020-05-08,2615,-166000,0,-1000,-167000,-1000,0
2020-05-11,2615,343000,0,0,343000,0,0
2020-05-12,2615,-738000,0,0,-738000,0,0
2020-05-13,2615,-369000,4000,0,-365000,0,0
2020-05-14,2615,-502000,0,0,-502000,0,0
2020-05-15,2615,-33000,0,-26000,-59000,-26000,0
2020-05-18,2615,197000,0,39000,236000,39000,0
2020-05-19,2615,149000,0,15000,164000,15000,0
2020-05-20,2615,-86000,0,-1000,-87000,-1000,0
2020-05-21,2615,-3000,0,0,-3000,0,0
2020-05-22,2615,-680000,290000,0,-390000,0,0
2020-05-25,2615,-68000,0,-19000,-87000,-19000,0
2020-05-26,2615,26000,307000,-7000,326000,-7000,0
2020-05-27,2615,-383000,204000,5000,-174000,0,5000
2020-05-28,2615,-1668000,200000,0,-1468000,0,0
2020-05-29,2615,209618,0,-51000,158618,-51000,0
2020-06-01,2615,149000,-2000,10000,157000,10000,0
2020-06-02,2615,106000,0,14000,120000,14000,0
2020-06-03,2615,501000,-2000,392000,891000,392000,0
2020-06-04,2615,-92000,0,-1000,-93000,-1000,0
2020-06-05,2615,189000,0,0,189000,0,0
2020-06-08,2615,700000,-6000,-1000,693000,-1000,0
2020-06-09,2615,47000,-1000,0,46000,0,0
2020-06-10,2615,141000,-4000,0,137000,0,0
2020-06-11,2615,-102000,-5000,-4000,-111000,-4000,0
2020-06-12,2615,125000,-5000,1000,121000,1000,0
2020-06-15,2615,-577000,0,-69000,-646000,-69000,0
2020-06-16,2615,351490,0,2000,353490,2000,0
2020-06-17,2615,-272000,0,-193000,-465000,-193000,0
2020-06-18,2615,-228000,0,-1000,-229000,-1000,0
2020-06-19,2615,-1371000,-6000,89000,-1288000,89000,0
2020-06-22,2615,-167000,-1000,1000,-167000,1000,0
2020-06-23,2615,-519000,0,-15000,-534000,-15000,0
2020-06-24,2615,-198000,-4000,-14000,-216000,-14000,0
2020-06-29,2615,-732000,-1000,-47000,-780000,-47000,0
2020-06-30,2615,-523000,50000,0,-473000,0,0
2020-07-01,2615,-93000,46000,-32000,-79000,-32000,0
2020-07-02,2615,-233000,47000,0,-186000,0,0
2020-07-03,2615,149550,44000,0,193550,0,0
2020-07-06,2615,-310000,38000,75000,-197000,75000,0
2020-07-07,2615,-872000,3279000,-69000,2338000,-69000,0
2020-07-08,2615,-2556669,2584000,90000,117331,90000,0
2020-07-09,2615,-480000,787000,-5000,302000,-5000,0
2020-07-10,2615,-427899,1667000,-6000,1233101,-6000,0
2020-07-13,2615,-1259000,1295000,7000,43000,7000,0
2020-07-14,2615,-365000,543000,0,178000,0,0
2020-07-15,2615,527000,352000,1000,880000,1000,0
2020-07-16,2615,422000,-575000,-28000,-181000,-28000,0
2020-07-17,2615,351000,7000,1000,359000,1000,0
2020-07-20,2615,-46000,-16000,0,-62000,0,0
2020-07-21,2615,48000,-4000,4000,48000,4000,0
2020-07-22,2615,-166000,0,-21000,-187000,-21000,0
2020-07-23,2615,-800000,-3000,-1000,-804000,-1000,0
2020-07-24,2615,-633000,372000,-25000,-286000,-25000,0
2020-07-27,2615,-464000,-5000,-5000,-474000,-5000,0
2020-07-28,2615,-776000,-3000,-189000,-968000,-194000,5000
2020-07-29,2615,-216300,0,-339000,-555300,-339000,0
2020-07-30,2615,-362000,-1000,-33000,-396000,0,-33000
2020-07-31,2615,-258000,0,12000,-246000,12000,0
2020-08-03,2615,-1008000,0,6000,-1002000,6000,0
2020-08-04,2615,-140000,0,20000,-120000,20000,0
2020-08-05,2615,-90000,0,-38000,-128000,-38000,0
2020-08-06,2615,-140000,0,-30000,-170000,-30000,0
2020-08-07,2615,-459000,0,181000,-278000,181000,0
2020-08-10,2615,413000,0,190000,603000,190000,0
2020-08-11,2615,60000,300000,-196000,164000,-196000,0
2020-08-12,2615,-322000,801000,-9000,470000,-9000,0
2020-08-13,2615,508000,600000,86000,1194000,86000,0
2020-08-14,2615,1021100,927000,-29000,1919100,-29000,0
2020-08-17,2615,-1039900,990000,34000,-15900,34000,0
2020-08-18,2615,2263000,2000000,-115000,4148000,-115000,0
2020-08-19,2615,-445000,2000000,276000,1831000,276000,0
2020-08-20,2615,449000,500000,201000,1150000,201000,0
2020-08-21,2615,586000,0,-20000,566000,-20000,0
2020-08-24,2615,1835000,-4761,-90000,1740239,-90000,0
2020-08-25,2615,-245000,3265000,135000,3155000,130000,5000
2020-08-26,2615,-191000,4437000,15000,4261000,15000,0
2020-08-27,2615,-842000,0,-336000,-1178000,-336000,0
2020-08-28,2615,111000,0,0,111000,0,0
2020-08-31,2615,-1351000,708000,217000,-426000,217000,0
2020-09-01,2615,796000,200000,-400000,596000,-400000,0
2020-09-02,2615,-458000,-800000,-18000,-1276000,-18000,0
2020-09-03,2615,-518000,2000,-24000,-540000,-24000,0
2020-09-04,2615,736000,-1750000,10000,-1004000,10000,0
2020-09-07,2615,1558000,-3835000,-32000,-2309000,-32000,0
2020-09-08,2615,464000,-1021000,28000,-529000,28000,0
2020-09-09,2615,1341245,100000,-34000,1407245,-34000,0
2020-09-10,2615,-483000,500000,-26000,-9000,-16000,-10000
2020-09-11,2615,-715000,930000,-26000,189000,-26000,0
2020-09-14,2615,735000,-238000,18000,515000,18000,0
2020-09-15,2615,536000,-1301765,60000,-705765,60000,0
2020-09-16,2615,1910000,1018000,-28000,2900000,-28000,0
2020-09-17,2615,-617000,372,69000,-547628,69000,0
2020-09-18,2615,490000,571000,197000,1258000,197000,0
2020-09-21,2615,719000,-299311,-164000,255689,-164000,0
2020-09-22,2615,-480000,-6000,-129000,-615000,-129000,0
2020-09-23,2615,424000,-571731,-283000,-430731,-267000,-16000
2020-09-24,2615,1085000,-250000,-106000,729000,-106000,0
2020-09-25,2615,3538000,81000,-216000,3403000,-216000,0
2020-09-28,2615,4658000,2388000,0,7046000,0,0
2020-09-29,2615,-1005500,-202000,10000,-1197500,10000,0
2020-09-30,2615,463000,-900000,121000,-316000,121000,0
2020-10-05,2615,48000,-600000,-145000,-697000,-145000,0
2020-10-06,2615,234000,-263000,0,-29000,0,0
2020-10-07,2615,-327000,732000,9000,414000,9000,0
2020-10-08,2615,-2157000,-601000,-1000,-2759000,-12000,11000
2020-10-12,2615,296658,-1049000,17000,-735342,1000,16000
2020-10-13,2615,948000,-1007000,591000,532000,-10000,601000
2020-10-14,2615,-948000,-511000,-290000,-1749000,-74000,-216000
2020-10-15,2615,-1046000,-133000,-54000,-1233000,48000,-102000
2020-10-16,2615,187000,-200000,116000,103000,107000,9000
2020-10-19,2615,533000,-539000,-103000,-109000,-79000,-24000
2020-10-20,2615,857537,143000,679000,1679537,-6000,685000
2020-10-21,2615,-1343000,-201000,-850000,-2394000,-251000,-599000
2020-10-22,2615,-429321,-1000,-17000,-447321,128000,-145000
2020-10-23,2615,234000,0,106000,340000,71000,35000
2020-10-26,2615,220000,747000,604200,1571200,-45000,649200
2020-10-27,2615,192000,-1000000,-299000,-1107000,82000,-381000
2020-10-28,2615,233000,-105000,-143000,-15000,-212900,69900
2020-10-29,2615,247000,-132000,99000,214000,45000,54000
2020-10-30,2615,-1195000,-150000,54000,-1291000,-39000,93000
2020-11-02,2615,829000,1761000,518477,3108477,-109939,628416
2020-11-03,2615,-321000,192000,-219902,-348902,214000,-433902
2020-11-04,2615,-1637000,-586000,-288155,-2511155,-40000,-248155
2020-11-05,2615,495000,227000,146000,868000,249000,-103000
2020-11-06,2615,533000,50000,431000,1014000,305000,126000
2020-11-09,2615,-653000,1078000,201000,626000,116000,85000
2020-11-10,2615,1277000,1138000,-340305,2074695,-484000,143695
2020-11-11,2615,2834000,212000,2617200,5663200,1765200,852000
2020-11-12,2615,-2334914,-1822000,-317361,-4474275,210639,-528000
2020-11-13,2615,-1137000,-1192000,-207000,-2536000,-75000,-132000
2020-11-16,2615,1629836,-593000,753000,1789836,894000,-141000
2020-11-17,2615,1203000,2289000,1006000,4498000,436000,570000
2020-11-18,2615,-936000,1458000,-1217000,-695000,-1173000,-44000
2020-11-19,2615,-1967000,-230000,80012,-2116988,726110,-646098
2020-11-20,2615,-375000,3000,-800110,-1172110,-862110,62000
2020-11-23,2615,-126000,1441000,179000,1494000,33000,146000
2020-11-24,2615,-788000,-1198000,-218000,-2204000,-58000,-160000
2020-11-25,2615,6818269,72000,1735400,8625669,1243400,492000
2020-11-26,2615,-3757735,-2906000,-1206256,-7869991,-1015256,-191000
2020-11-27,2615,676069,-190000,1221999,1708068,1062999,159000
2020-11-30,2615,86931,-2201000,143000,-1971069,452000,-309000
2020-12-01,2615,-2075864,-4387000,-224143,-6687007,-260143,36000
2020-12-02,2615,1294864,-2495000,-1707000,-2907136,-1863000,156000
2020-12-03,2615,221286,-1480000,1744000,485286,1656000,88000
2020-12-04,2615,2625000,-1202000,1383000,2806000,1237000,146000
2020-12-07,2615,803000,-1514000,-839000,-1550000,-944000,105000
2020-12-08,2615,2728000,90000,619000,3437000,87000,532000
2020-12-09,2615,-593931,7420000,-313900,6512169,-60900,-253000
2020-12-10,2615,-1024030,1851000,-184800,642170,-153800,-31000
2020-12-11,2615,720000,-10000,-283000,427000,-261000,-22000
2020-12-14,2615,2981030,-294000,582972,3270002,-17028,600000
2020-12-15,2615,-404069,1378000,-48000,925931,275000,-323000
2020-12-16,2615,3904000,0,97530,4001530,16530,81000
2020-12-17,2615,1482714,1565000,1922900,4970614,1871900,51000
2020-12-18,2615,-1245504,730000,1377108,861604,1101108,276000
2020-12-21,2615,5679500,2086000,-2016600,5748900,-2417600,401000
2020-12-22,2615,-6574000,1921000,-716710,-5369710,118290,-835000
2020-12-23,2615,-4270750,-592000,572000,-4290750,456000,116000
2020-12-24,2615,-3109000,1139000,-172400,-2142400,-150400,-22000
2020-12-25,2615,1175000,2247000,825865,4247865,309865,516000
2020-12-28,2615,4864020,-957000,-50728,3856292,16272,-67000
2020-12-29,2615,-7381000,690000,-1093937,-7784937,-259937,-834000
2020-12-30,2615,5031000,-319000,181375,4893375,-536625,718000
2020-12-31,2615,1559000,-1016000,1949725,2492725,1637725,312000
2021-01-04,2615,1708000,0,-1144018,563982,-1617018,473000
2021-01-05,2615,-8914020,-520000,-1761995,-11196015,-1440995,-321000
2021-01-06,2615,2580000,-835000,-1383467,361533,-1113467,-270000
2021-01-07,2615,1707000,-4495000,-575348,-3363348,-272348,-303000
2021-01-08,2615,692550,-7172000,650073,-5829377,-42927,693000
2021-01-11,2615,1511493,-771000,572608,1313101,1608,571000
2021-01-12,2615,-2306273,0,-329928,-2636201,-59928,-270000
2021-01-13,2615,446007,-1811000,-205953,-1570946,-307953,102000
2021-01-14,2615,-1051000,-1891000,341902,-2600098,-24098,366000
2021-01-15,2615,2694024,-144000,-1000000,1550024,-150000,-850000
2021-01-18,2615,6113000,-1204000,146251,5055251,70251,76000
2021-01-19,2615,-2648908,-1964010,-328440,-4941358,-77440,-251000
2021-01-20,2615,1878010,-858000,-195000,825010,-40000,-155000
2021-01-21,2615,584000,1238,312000,897238,45000,267000
2021-01-22,2615,4167700,0,207707,4375407,48707,159000
2021-01-25,2615,3054000,0,-56000,2998000,-30000,-26000
2021-01-26,2615,309000,0,-360000,-51000,-16000,-344000
2021-01-27,2615,592000,-10000,31000,613000,6000,25000
2021-01-28,2615,2099000,0,-1193000,906000,-1201000,8000
2021-01-29,2615,-2475000,0,-418739,-2893739,-113739,-305000
2021-02-01,2615,-167000,0,32646,-134354,14646,18000
2021-02-02,2615,1155800,-67000,148693,1237493,23693,125000
2021-02-03,2615,-422000,0,-73602,-495602,-3602,-70000
2021-02-04,2615,710661,4000,107943,822604,59943,48000
2021-02-05,2615,-5031000,1000,53799,-4976201,21799,32000
2021-02-17,2615,-3530000,0,401458,-3128542,100458,301000
2021-02-18,2615,-7906000,0,978100,-6927900,202100,776000
2021-02-19,2615,-3046000,0,138371,-2907629,-2629,141000
2021-02-22,2615,2597300,0,356119,2953419,-9881,366000
2021-02-23,2615,-8029300,0,755958,-7273342,104958,651000
2021-02-24,2615,-1426141,11000,-839733,-2254874,-358733,-481000
2021-02-25,2615,4523000,0,436259,4959259,-42741,479000
2021-02-26,2615,-1496000,3000,644893,-848107,89893,555000
2021-03-02,2615,-2666828,0,-575000,-3241828,50000,-625000
2021-03-03,2615,2809000,1000,585342,3395342,194342,391000
2021-03-04,2615,-2990000,1000,-371015,-3360015,-33015,-338000
2021-03-05,2615,-30473,4000,-51089,-77562,-89,-51000
2021-03-08,2615,-1379000,0,-122877,-1501877,-10877,-112000
2021-03-09,2615,3491000,2000,1142641,4635641,5871,1136770
2021-03-10,2615,-1004000,0,-374915,-1378915,-19915,-355000
2021-03-11,2615,-223000,0,-93213,-316213,58787,-152000
2021-03-12,2615,3331000,21000,403989,3755989,33989,370000
2021-03-15,2615,830000,0,1876284,2706284,1996284,-120000
2021-03-16,2615,63000,0,75878,138878,13878,62000
2021-03-17,2615,1103000,0,352754,1455754,-123621,476375
2021-03-18,2615,2741000,20000,933743,3694743,505604,428139
2021-03-19,2615,-1523898,28000,-1405903,-2901801,-1105903,-300000
2021-03-22,2615,5390000,0,966096,6356096,727577,238519
2021-03-23,2615,-6198100,118000,404868,-5675232,963868,-559000
2021-03-24,2615,-1006285,0,-207307,-1213592,-157641,-49666
2021-03-25,2615,287000,49000,-1062311,-726311,-337311,-725000
2021-03-26,2615,3656000,442000,-1604885,2493115,-2364885,760000
2021-03-29,2615,3339000,35562,634897,4009459,34897,600000
2021-03-30,2615,-2479000,0,1143075,-1335925,1482075,-339000
2021-03-31,2615,5947400,0,-361503,5585897,-1388503,1027000
2021-04-01,2615,-371000,0,213071,-157929,415498,-202427
2021-04-06,2615,2282000,-1668,67422,2347754,-135578,203000
2021-04-07,2615,2941577,68351,1713990,4723918,1026990,687000
2021-04-08,2615,2893000,193058,-1664241,1421817,-1041242,-622999
2021-04-09,2615,2279990,-188879,-322995,1768116,-43995,-279000
2021-04-12,2615,4275787,0,847897,5123684,1897,846000
2021-04-13,2615,3580757,940939,-630729,3890967,70271,-701000
2021-04-14,2615,-4251760,-10000,107375,-4154385,338375,-231000
2021-04-15,2615,4853456,-36479,528369,5345346,269369,259000
2021-04-16,2615,3151500,0,1336556,4488056,129556,1207000
2021-04-19,2615,78426,0,-184624,-106198,190376,-375000
2021-04-20,2615,-8078970,-532780,-217000,-8828750,145000,-362000
2021-04-21,2615,2292850,934000,259000,3485850,-22000,281000
2021-04-22,2615,-3704980,-22000,103406,-3623574,-19594,123000
2021-04-23,2615,3727500,-108000,-369000,3250500,-167000,-202000
2021-04-26,2615,3289000,1384000,38000,4711000,75000,-37000
2021-04-27,2615,-3199000,819000,-156807,-2536807,193,-157000
2021-04-28,2615,2797004,2132000,129911,5058915,-19089,149000
2021-04-29,2615,-162400,-1000,515000,351600,147000,368000
2021-05-03,2615,-1479910,750000,358401,-371509,-13599,372000
2021-05-04,2615,-2104000,-2813000,-941401,-5858401,-160401,-781000
2021-05-05,2615,2093000,-110000,145427,2128427,-524000,669427
2021-05-06,2615,-4827754,-318000,-1754000,-6899754,-336000,-1418000
2021-05-07,2615,1491550,507000,-624429,1374121,56571,-681000
2021-05-10,2615,1175011,0,1326733,2501744,638733,688000
2021-05-11,2615,-4597670,204000,-437000,-4830670,-61000,-376000
2021-05-12,2615,-9747970,-14000,-922259,-10684229,-471159,-451100
2021-05-13,2615,7304600,-209000,-934634,6160966,-399634,-535000
2021-05-14,2615,12527035,0,-492693,12034342,-121693,-371000
2021-05-17,2615,7190383,0,-562928,6627455,-65928,-497000
2021-05-18,2615,4405980,0,385142,4791122,72142,313000
2021-05-19,2615,-85870,1245000,676705,1835835,46705,630000
2021-05-20,2615,27923000,2000,-89840,27835160,-49840,-40000
2021-05-21,2615,3338990,-350000,-44000,2944990,16000,-60000
2021-05-24,2615,5817230,-67000,166171,5916401,-7829,174000
2021-05-25,2615,-8819195,-605000,-1148000,-10572195,0,-1148000
2021-05-26,2615,8215000,-2795000,397439,5817439,-18561,416000
2021-05-27,2615,-2902774,9000,487000,-2406774,13000,474000
2021-05-28,2615,11286298,12000,17122,11315420,18122,-1000
2021-05-31,2615,1022146,0,-289000,733146,20000,-309000
2021-06-01,2615,1764184,0,846000,2610184,-25000,871000
2021-06-02,2615,974059,0,144000,1118059,91000,53000
2021-06-03,2615,911174,-612000,-104000,195174,-21000,-83000
2021-06-04,2615,-928540,0,-292000,-1220540,130000,-422000
2021-06-07,2615,501049,-10000,282000,773049,199000,83000
2021-06-08,2615,-787900,0,158000,-629900,-110000,268000
2021-06-09,2615,-1834603,-25000,2000,-1857603,-16000,18000
2021-06-10,2615,-512900,-21000,33000,-500900,22000,11000
2021-06-11,2615,-277776,0,625000,347224,-116000,741000
2021-06-15,2615,827321,0,-160000,667321,-10000,-150000
2021-06-16,2615,-8764656,82000,-399629,-9082285,247371,-647000
2021-06-17,2615,-20175033,37000,29543,-20108490,-65000,94543
2021-06-18,2615,6232141,1617226,92731,7942098,-22336,115067
2021-06-21,2615,-1569557,5454000,152000,4036443,-44000,196000
2021-06-22,2615,-19760992,12000,-397746,-20146738,-16664,-381082
2021-06-23,2615,-7657827,90000,213965,-7353862,428000,-214035
2021-06-24,2615,3178930,-93000,56000,3141930,-30000,86000
2021-06-25,2615,8477366,967000,129643,9574009,48890,80753
2021-06-28,2615,-6327,-34000,11000,-29327,11000,0
2021-06-29,2615,-21506876,99000,-232116,-21639992,-8116,-224000
2021-06-30,2615,5617504,185000,-136006,5666498,-53000,-83006
2021-07-01,2615,-4717101,-28000,22448,-4722653,-20774,43222
2021-07-02,2615,-2850064,-180000,-307718,-3337782,-21000,-286718
2021-07-05,2615,-4110124,-263000,59923,-4313201,81047,-21124
2021-07-06,2615,-4448108,0,-42691,-4490799,39350,-82041
2021-07-07,2615,347272,-346000,-83815,-82543,-26873,-56942
2021-07-08,2615,16822344,-398566,68113,16491891,-29658,97771
2021-07-09,2615,-18414027,-74000,-67292,-18555319,-76,-67216
2021-07-12,2615,7913871,-1280000,-147395,6486476,-135449,-11946
2021-07-13,2615,-8193899,-237000,-94473,-8525372,59029,-153502
2021-07-14,2615,5507608,-142000,-17999,5347609,49006,-67005
2021-07-15,2615,11727817,-158000,50443,11620260,8140,42303
2021-07-16,2615,-4895105,561000,-79001,-4413106,-8838,-70163
2021-07-19,2615,-9085854,0,5301,-9080553,36731,-31430
2021-07-20,2615,-7816583,0,-92696,-7909279,-41139,-51557
2021-07-21,2615,5379105,13000,71646,5463751,148804,-77158
2021-07-22,2615,8725284,1000,390246,9116530,324335,65911
2021-07-23,2615,-3952330,81000,-384823,-4256153,-89127,-295696
2021-07-26,2615,-1341740,-688000,-157496,-2187236,-5185,-152311
2021-07-27,2615,13304936,-203000,25065,13127001,48687,-23622
2021-07-28,2615,-10785713,-80000,744367,-10121346,564040,180327
2021-07-29,2615,10579380,24000,-57770,10545610,3698,-61468
2021-07-30,2615,-17485861,0,-413272,-17899133,-248693,-164579
2021-08-02,2615,2908202,29000,202914,3140116,33156,169758
2021-08-03,2615,-3441988,135000,-107451,-3414439,44844,-152295
2021-08-04,2615,919149,80000,4611,1003760,-4868,9479
2021-08-05,2615,-6616323,-78000,14806,-6679517,11382,3424
2021-08-06,2615,8008700,739000,-52643,8695057,-52643,0
2021-08-09,2615,-5558139,88000,-83946,-5554085,-74144,-9802
2021-08-10,2615,-4210591,759000,467654,-2983937,-21387,489041
2021-08-11,2615,341197,-55000,-140661,145536,-120661,-20000
2021-08-12,2615,7669200,8000,14331,7691531,331,14000
2021-08-13,2615,-5434523,48000,-11715,-5398238,12285,-24000
2021-08-16,2615,3469977,-909000,-540547,2020430,-2547,-538000
2021-08-17,2615,566609,3000,-44752,524857,8247,-52999
2021-08-18,2615,12280584,-21000,354812,12614396,-967,355779
2021-08-19,2615,-10247726,19000,-67572,-10296298,-32446,-35126
2021-08-20,2615,4409500,15000,-23244,4401256,55756,-79000
2021-08-23,2615,8345696,1094000,100563,9540259,84746,15817
2021-08-24,2615,-12108823,548000,909819,-10651004,739919,169900
2021-08-25,2615,5871976,2000,86157,5960133,74269,11888
2021-08-26,2615,-8533919,150000,-577669,-8961588,-558569,-19100
2021-08-27,2615,1708515,12000,164986,1885501,108086,56900
2021-08-30,2615,30596,3000,198008,231604,139248,58760
2021-08-31,2615,508362,4000,18297,530659,8633,9664
2021-09-01,2615,-5563885,-1177000,-228552,-6969437,-177000,-51552
2021-09-02,2615,2200991,1163,106343,2308497,48000,58343
2021-09-03,2615,-794173,2000,239153,-553020,-6000,245153
2021-09-06,2615,2303540,-1275000,1318772,2347312,71000,1247772
2021-09-07,2615,5544634,-60000,-2133342,3351292,-121000,-2012342
2021-09-08,2615,-3843065,19000,142747,-3681318,170593,-27846
2021-09-09,2615,-8720332,-153000,-364510,-9237842,-318000,-46510
2021-09-10,2615,3964072,-193000,54615,3825687,-26000,80615
2021-09-13,2615,-827198,0,-171668,-998866,-106000,-65668
2021-09-14,2615,-4886296,-16000,-87372,-4989668,-97000,9628
2021-09-15,2615,3621894,-79000,-91600,3451294,-154000,62400
2021-09-16,2615,-3111990,2000,-43250,-3153240,-33450,-9800
2021-09-17,2615,8328405,-10000,487589,8805994,-16000,503589
2021-09-22,2615,-5815212,3000,-766852,-6579064,-301000,-465852
2021-09-23,2615,6464624,0,3137,6467761,-13000,16137
2021-09-24,2615,5560453,4000,203719,5768172,34000,169719
2021-09-27,2615,-5945809,0,-42019,-5987828,7000,-49019
2021-09-28,2615,-4202161,0,-80442,-4282603,-51000,-29442
2021-09-29,2615,-1005692,3000,-387281,-1389973,-319000,-68281
2021-09-30,2615,362417,10000,515000,887417,-18000,533000
2021-10-01,2615,-3941813,-202000,-510007,-4653820,-68000,-442007
2021-10-04,2615,7121837,-81000,-102950,6937887,0,-102950
2021-10-05,2615,4454911,-72000,420994,4803905,86000,334994
2021-10-06,2615,-1731387,27000,-412330,-2116717,-125000,-287330
2021-10-07,2615,5343450,-5000,683869,6022319,60886,622983
2021-10-08,2615,-3799729,-145000,-421803,-4366532,-45000,-376803
2021-10-12,2615,144198,-15000,-104039,25159,60115,-164154
2021-10-13,2615,5062176,28000,22182,5112358,28000,-5818
2021-10-14,2615,6302980,-8000,138892,6433872,-2000,140892
2021-10-15,2615,-4615180,0,542438,-4072742,667000,-124562
2021-10-18,2615,4190570,-143800,-300194,3746576,-650000,349806
2021-10-19,2615,-1160500,0,170128,-990372,79000,91128
2021-10-20,2615,882030,0,-355555,526475,10000,-365555
2021-10-21,2615,820773,0,154115,974888,46087,108028
2021-10-22,2615,-1805519,0,-123438,-1928957,65000,-188438
2021-10-25,2615,3169832,6000,675182,3851014,67000,608182
2021-10-26,2615,-945418,4000,-121944,-1063362,-13391,-108553
2021-10-27,2615,334433,-27900,-104823,201710,11700,-116523
2021-10-28,2615,1068009,-77000,214620,1205629,-1000,215620
2021-10-29,2615,3903342,0,-71449,3831893,-169606,98157
2021-11-01,2615,-3521249,197000,-130001,-3454250,-11000,-119001
2021-11-02,2615,2414116,51000,338153,2803269,40648,297505
2021-11-03,2615,-2454866,1243200,166197,-1045469,-4997,171194
2021-11-04,2615,-4677614,1089000,-101017,-3689631,45232,-146249
2021-11-05,2615,250180,0,9994,260174,-34006,44000
2021-11-08,2615,-5518354,37000,421449,-5059905,89002,332447
2021-11-09,2615,-4032058,109624,-205000,-4127434,-28000,-177000
2021-11-10,2615,-2000702,-627000,61348,-2566354,23248,38100
2021-11-11,2615,-2452047,-1077000,-364075,-3893122,-27000,-337075
2021-11-12,2615,-1705495,-200000,50491,-1855004,26500,23991
2021-11-15,2615,537800,-22000,-101479,414321,3800,-105279
2021-11-16,2615,1731754,0,660500,2392254,48500,612000
2021-11-17,2615,-493337,0,-329125,-822462,5000,-334125
2021-11-18,2615,2307273,-11000,85482,2381755,25996,59486
2021-11-19,2615,-3438833,0,-81683,-3520516,0,-81683
2021-11-22,2615,1414100,0,189200,1603300,168000,21200
2021-11-23,2615,-1582265,-42000,-26489,-1650754,-1000,-25489
2021-11-24,2615,30105,6000,-17812,18293,37000,-54812
2021-11-25,2615,1621700,-4300,188905,1806305,8000,180905
2021-11-26,2615,-4766177,10000,-511440,-5267617,-186168,-325272
2021-11-29,2615,-609605,22000,93008,-494597,17000,76008
2021-11-30,2615,2674598,9000,104671,2788269,-20329,125000
2021-12-01,2615,-598122,5000,34976,-558146,89000,-54024
2021-12-02,2615,5104671,0,568649,5673320,-10870,579519
2021-12-03,2615,-737355,1854000,-351697,764948,24995,-376692
2021-12-06,2615,7406183,1300000,168893,8875076,-31000,199893
2021-12-07,2615,628887,4994000,686437,6309324,435002,251435
2021-12-08,2615,3261136,633000,114414,4008550,136958,-22544
2021-12-09,2615,3701730,146000,457115,4304845,43000,414115
2021-12-10,2615,811338,70000,-313194,568144,-107500,-205694
2021-12-13,2615,-1518106,85000,-99493,-1532599,87999,-187492
2021-12-14,2615,8688400,421000,-508655,8600745,-160998,-347657
2021-12-15,2615,-3006737,1019000,1077946,-909791,-48000,1125946
2021-12-16,2615,-6375404,1267000,-993456,-6101860,-13000,-980456
2021-12-17,2615,2865012,872000,254724,3991736,120000,134724
2021-12-20,2615,-6543603,876000,-366239,-6033842,-320832,-45407
2021-12-21,2615,3798088,812000,1424033,6034121,58653,1365380
2021-12-22,2615,-3749977,495000,-845959,-4100936,16000,-861959
2021-12-23,2615,-162343,173000,-96024,-85367,-23000,-73024
2021-12-24,2615,156002,-899000,340391,-402607,18100,322291
2021-12-27,2615,865144,0,-146000,719144,-6000,-140000
2021-12-28,2615,-1321484,82000,105300,-1134184,6000,99300
2021-12-29,2615,-1173612,60000,63716,-1049896,72000,-8284
2021-12-30,2615,-1519948,-2116000,-124000,-3759948,29000,-153000
2022-01-03,2615,2069879,-2148000,72358,-5763,379000,-306642
2022-01-04,2615,2541367,-210000,71367,2402734,2000,69367
2022-01-05,2615,572972,-37000,140527,676499,-124000,264527
2022-01-06,2615,988772,12000,-58000,942772,-2000,-56000
2022-01-07,2615,-488971,267000,-115108,-337079,5000,-120108
2022-01-10,2615,822386,-1503000,-396426,-1077040,-123565,-272861
2022-01-11,2615,3577150,59000,198100,3834250,208100,-10000
2022-01-12,2615,427733,-57000,-252011,118722,38354,-290365
2022-01-13,2615,2325026,19000,-476512,1867514,-250000,-226512
2022-01-14,2615,102090,302518,224396,629004,22537,201859
2022-01-17,2615,-4456717,-40000,-220121,-4716838,-24000,-196121
2022-01-18,2615,-699566,-1000,35893,-664673,-27041,62934
2022-01-19,2615,1072881,-1509000,-337202,-773321,-112000,-225202
2022-01-20,2615,631075,-14900,-255910,360265,13000,-268910
2022-01-21,2615,-1586960,45000,-206742,-1748702,-55000,-151742
2022-01-24,2615,3285300,367000,17861,3670161,-8000,25861
2022-01-25,2615,-3905036,275000,-321927,-3951963,-103095,-218832
2022-01-26,2615,225196,275000,66095,566291,-13000,79095
2022-02-07,2615,-1276205,52000,685493,-538712,-24000,709493
2022-02-08,2615,-1955005,1447000,244574,-263431,-2807,247381
2022-02-09,2615,-2036000,-23000,-227627,-2286627,54000,-281627
2022-02-10,2615,-1743778,0,515878,-1227900,-10000,525878
2022-02-11,2615,-964729,8000,-311014,-1267743,-40014,-271000
2022-02-14,2615,2957793,27000,475223,3460016,61150,414073
2022-02-15,2615,-1213013,108000,-283386,-1388399,-17660,-265726
2022-02-16,2615,2332452,20000,693349,3045801,335500,357849
2022-02-17,2615,201080,631000,89275,921355,142397,-53122
2022-02-18,2615,6887784,635000,1934801,9457585,253000,1681801
2022-02-21,2615,-7074240,94641,-635888,-7615487,141000,-776888
2022-02-22,2615,1672220,-18000,-442958,1211262,-136694,-306264
2022-02-23,2615,3280660,108000,244350,3633010,32163,212187
2022-02-24,2615,-2612040,142000,-201796,-2671836,-32920,-168876
2022-02-25,2615,1524279,169000,-360846,1332433,-325000,-35846
2022-03-01,2615,4207416,201000,714744,5123160,347703,367041
2022-03-02,2615,-3778737,169000,-74984,-3684721,57516,-132500
2022-03-03,2615,1660160,3000,-427,1662733,-91060,90633
2022-03-04,2615,-493444,-29000,193949,-328495,-105835,299784
2022-03-07,2615,-5427707,326000,-712243,-5813950,-173340,-538903
2022-03-08,2615,2538984,-815000,-483633,1240351,-258092,-225541
2022-03-09,2615,-1636898,93000,286911,-1256987,-58300,345211
2022-03-10,2615,51116,6000,63673,120789,93965,-30292
2022-03-11,2615,-1092392,6000,163433,-922959,114342,49091
2022-03-14,2615,2507224,14000,244104,2765328,105955,138149
2022-03-15,2615,-6456393,-233000,114051,-6575342,35045,79006
2022-03-16,2615,-3442977,-798000,-690172,-4931149,0,-690172
2022-03-17,2615,1496124,-1110000,329967,716091,7959,322008
2022-03-18,2615,-5128324,-255882,-225094,-5609300,1967,-227061
2022-03-21,2615,-691040,-49000,-24793,-764833,-9429,-15364
2022-03-22,2615,-549353,9000,-3532,-543885,22884,-26416
2022-03-23,2615,-580367,12000,44737,-523630,-28941,73678
2022-03-24,2615,-2225913,22000,-90656,-2294569,-5000,-85656
2022-03-25,2615,1876818,-15000,-419220,1442598,1000,-420220
2022-03-28,2615,112671,-35000,-96402,-18731,-141316,44914
2022-03-29,2615,-3812856,1000,-108682,-3920538,-74000,-34682
2022-03-30,2615,3107950,-37000,64279,3135229,-98000,162279
2022-03-31,2615,-1181016,0,181145,-999871,-10000,191145
2022-04-01,2615,-886377,35000,84563,-766814,-2050,86613
2022-04-06,2615,-3386100,21000,-306652,-3671752,-18111,-288541
2022-04-07,2615,-2976421,90000,-222476,-3108897,-28651,-193825
2022-04-08,2615,1165400,179000,144800,1489200,12000,132800
2022-04-11,2615,-2160370,114000,-93640,-2140010,-16000,-77640
2022-04-12,2615,1166437,-42000,-42047,1082390,10000,-52047
2022-04-13,2615,95767,2000,214193,311960,75000,139193
2022-04-14,2615,-1922003,0,-209580,-2131583,-5338,-204242
2022-04-15,2615,-217985,47000,-23043,-194028,-50000,26957
2022-04-18,2615,-1221000,75000,-102543,-1248543,-18000,-84543
2022-04-19,2615,3747000,3000,129664,3879664,2000,127664
2022-04-20,2615,1698444,-1897000,-67782,-266338,24000,-91782
2022-04-21,2615,4289828,-1841000,76503,2525331,12000,64503
2022-04-22,2615,-626009,-1866000,-9761,-2501770,-10232,471
2022-04-25,2615,-3226354,-1802000,-208451,-5236805,-29000,-179451
2022-04-26,2615,278979,-2079000,-627793,-2427814,-550000,-77793
2022-04-27,2615,2336621,40000,-197177,2179444,-135000,-62177
2022-04-28,2615,-2939680,1000,-24623,-2963303,-43000,18377
2022-04-29,2615,3158154,8000,-43827,3122327,-65000,21173
2022-05-03,2615,-533077,17000,-189485,-705562,-59000,-130485
2022-05-04,2615,987200,-34000,-9251,943949,-22043,12792
2022-05-05,2615,1491303,6000,107806,1605109,9000,98806
2022-05-06,2615,-1639586,10000,117960,-1511626,18000,99960
2022-05-09,2615,-494000,1000,-201568,-694568,-109000,-92568
2022-05-10,2615,3513936,-8000,-321632,3184304,-257000,-64632
2022-05-11,2615,245865,0,-211953,33912,-113000,-98953
2022-05-12,2615,1072861,6000,-351393,727468,-118000,-233393
2022-05-13,2615,3229234,6000,152840,3388074,19000,133840
2022-05-16,2615,-2095500,5000,-87744,-2178244,6000,-93744
2022-05-17,2615,-2200594,3000,-59582,-2257176,83000,-142582
2022-05-18,2615,2458913,1000,517823,2977736,464000,53823
2022-05-19,2615,-1564192,-215724,-248760,-2028676,-112000,-136760
2022-05-20,2615,5382741,3000,-325145,5060596,-286000,-39145
2022-05-23,2615,7551500,109000,517484,8177984,210000,307484
2022-05-24,2615,3293769,-10454,-212000,3071315,-350000,138000
2022-05-25,2615,-2018805,-2660,-51000,-2072465,-20000,-31000
2022-05-26,2615,-415997,1974,188168,-225855,142000,46168
2022-05-27,2615,348661,-8970,211832,551523,136000,75832
2022-05-30,2615,-1071722,444146,57954,-569622,106000,-48046
2022-05-31,2615,-826912,-3852,212648,-618116,241000,-28352
2022-06-01,2615,1990373,-4705,151663,2137331,-2000,153663
2022-06-02,2615,-370512,891,-105485,-475106,-4000,-101485
2022-06-06,2615,-642464,1093715,-211135,240116,-170036,-41099
2022-06-07,2615,-102270,-1127,92089,-11308,89089,3000
2022-06-08,2615,2123680,4000,90618,2218298,140000,-49382
2022-06-09,2615,-5014117,2000,-219353,-5231470,-72000,-147353
2022-06-10,2615,-4816660,-38000,190380,-4664280,206439,-16059
2022-06-13,2615,-2512544,7718,-135688,-2640514,-39492,-96196
2022-06-14,2615,-1219608,-394000,35325,-1578283,-36000,71325
2022-06-15,2615,-1415927,-498982,586914,-1327995,597000,-10086
2022-06-16,2615,621538,3000,-758568,-134030,-450000,-308568
2022-06-17,2615,-41606,-346466,43188,-344884,17000,26188
2022-06-20,2615,5254940,12000,-3167,5263773,89000,-92167
2022-06-21,2615,771546,8000,254932,1034478,177000,77932
2022-06-22,2615,1049651,-116000,154441,1088092,92123,62318
2022-06-23,2615,-424185,15000,351334,-57851,277000,74334
2022-06-24,2615,3455595,8000,542793,4006388,419000,123793
2022-06-27,2615,-4040000,0,822210,-3217790,485000,337210
2022-06-28,2615,1125346,244000,-295160,1074186,-354000,58840
2022-06-29,2615,-2016610,5000,266933,-1744677,91877,175056
2022-06-30,2615,3881391,10000,109272,4000663,133000,-23728
2022-07-01,2615,-847155,23000,182977,-641178,180991,1986
2022-07-04,2615,2967245,11000,421712,3399957,251712,170000
2022-07-05,2615,-6191298,-48000,874338,-5364960,429338,445000
2022-07-06,2615,1217923,1000,-245108,973815,-140292,-104816
2022-07-07,2615,1762780,0,-222736,1540044,-212636,-10100
2022-07-08,2615,4325060,9000,55710,4389770,70710,-15000
2022-07-11,2615,-584242,1000,94113,-489129,115113,-21000
2022-07-12,2615,-2250685,0,-128328,-2379013,-105708,-22620
2022-07-13,2615,217669,0,210592,428261,101592,109000
2022-07-14,2615,2566000,0,107519,2673519,-29481,137000
2022-07-15,2615,-2362899,-3000,442815,-1923084,436815,6000
2022-07-18,2615,-3696172,3017000,1864623,1185451,911623,953000
2022-07-19,2615,-4865510,2029000,4225929,1389419,1605806,2620123
2022-07-20,2615,-3894805,2770401,-7112962,-8237366,-3314583,-3798379
2022-07-21,2615,-973608,1647000,-347931,325461,-172931,-175000
2022-07-22,2615,-1988990,2127619,-572634,-434005,-614634,42000
2022-07-25,2615,-988914,105005,-139663,-1023572,-197663,58000
2022-07-26,2615,1447606,44000,-164648,1326958,-60648,-104000
2022-07-27,2615,2188847,65000,23940,2277787,-22060,46000
2022-07-28,2615,-3088065,26000,-368041,-3430106,-286923,-81118
2022-07-29,2615,5841106,89000,591998,6522104,450998,141000
2022-08-01,2615,790021,109000,19000,918021,-69000,88000
2022-08-02,2615,-2923781,514000,279534,-2130247,-16466,296000
2022-08-03,2615,-1215276,90000,-114096,-1239372,-104096,-10000
2022-08-04,2615,-893006,0,17084,-875922,-64516,81600
2022-08-05,2615,4042802,2000,328134,4372936,99134,229000
2022-08-08,2615,-268241,14000,29000,-225241,14000,15000
2022-08-09,2615,-2834623,9000,-217798,-3043421,-463798,246000
2022-08-10,2615,-2947135,26000,-162860,-3083995,-79861,-82999
2022-08-11,2615,-141109,1000,-283197,-423306,-275697,-7500
2022-08-12,2615,2700868,-3000,-29199,2668669,-1000,-28199
2022-08-15,2615,-1901986,-236000,-384425,-2522411,-259425,-125000
2022-08-16,2615,-2179253,421000,-588001,-2346254,-99001,-489000
2022-08-17,2615,912450,186000,117834,1216284,82834,35000
2022-08-18,2615,-641081,49000,65296,-526785,-140282,205578
2022-08-19,2615,-640062,183000,-110989,-568051,-38989,-72000
2022-08-22,2615,-5025126,198000,-326740,-5153866,-182186,-144554
2022-08-23,2615,92280,148000,-83830,156450,-40356,-43474
2022-08-24,2615,-3393565,90004,-288618,-3592179,-226144,-62474
2022-08-25,2615,424398,253000,28299,705697,7299,21000
2022-08-26,2615,-348050,248000,-340769,-440819,-133769,-207000
2022-08-29,2615,-2670584,52000,428602,-2189982,-530,429132
2022-08-30,2615,-166815,78000,-129216,-218031,-38049,-91167
2022-08-31,2615,4320829,20000,828954,5169783,-61440,890394
2022-09-01,2615,-1510693,31000,-565646,-2045339,-632546,66900
2022-09-02,2615,47131,121000,-439619,-271488,-246941,-192678
2022-09-05,2615,449032,17000,102805,568837,169618,-66813
2022-09-06,2615,882157,90000,-138881,833276,-20925,-117956
2022-09-07,2615,793392,48000,-476813,364579,-439486,-37327
2022-09-08,2615,1738645,73000,29761,1841406,81239,-51478
2022-09-12,2615,170177,2000,169514,341691,-103986,273500
2022-09-13,2615,2844978,7000,101183,2953161,29606,71577
2022-09-14,2615,827005,18570,274760,1120335,68740,206020
2022-09-15,2615,-3671471,11000,588108,-3072363,110017,478091
2022-09-16,2615,-2772555,84265,-19215,-2707505,22785,-42000
2022-09-19,2615,-1965934,85000,553527,-1327407,780674,-227147
2022-09-20,2615,1074201,73000,-43593,1103608,227407,-271000
2022-09-21,2615,7985323,19000,-126550,7877773,-77410,-49140
2022-09-22,2615,-4938491,72000,-505045,-5371536,-228292,-276753
2022-09-23,2615,2648240,90000,-220383,2517857,-164487,-55896
2022-09-26,2615,547665,157000,2086736,2791401,241526,1845210
2022-09-27,2615,1098713,41229,636373,1776315,202867,433506
2022-09-28,2615,963637,102353,-361355,704635,-342905,-18450
2022-09-29,2615,1912107,58346,158380,2128833,187184,-28804
2022-09-30,2615,1392757,34000,427542,1854299,230358,197184
2022-10-03,2615,1090764,22213,312579,1425556,-390692,703271
2022-10-04,2615,1823250,31101,-549008,1305343,91490,-640498
2022-10-05,2615,2653590,-56000,61979,2659569,-246876,308855
2022-10-06,2615,1056317,1000,-13746,1043571,176254,-190000
2022-10-07,2615,1186035,20000,-488660,717375,-516660,28000
2022-10-11,2615,442042,38000,166882,646924,170882,-4000
2022-10-12,2615,-3727205,57000,-321214,-3991419,-268213,-53001
2022-10-13,2615,215828,149000,570762,935590,433762,137000
2022-10-14,2615,3356920,29034,162001,3547955,-227999,390000
2022-10-17,2615,52622,41845,832868,927335,788081,44787
2022-10-18,2615,3807243,84000,261135,4152378,118035,143100
2022-10-19,2615,456086,16000,1077645,1549731,601500,476145
2022-10-20,2615,-644873,18000,-471341,-1098214,-435101,-36240
2022-10-21,2615,3101100,3000,-261043,2843057,-252043,-9000
2022-10-24,2615,1470300,22000,412663,1904963,199263,213400
2022-10-25,2615,-2595185,20000,622718,-1952467,479718,143000
2022-10-26,2615,1333394,19000,638609,1991003,374609,264000
2022-10-27,2615,1761023,2000,328204,2091227,151004,177200
2022-10-28,2615,-238002,12000,-350312,-576314,-196070,-154242
2022-10-31,2615,-1839391,105478,292796,-1441117,269796,23000
2022-11-01,2615,-2725859,4000,-8480,-2730339,34520,-43000
2022-11-02,2615,-54915,0,286000,231085,237000,49000
2022-11-03,2615,-729009,0,12000,-717009,58000,-46000
2022-11-04,2615,-1231278,1000,225287,-1004991,71287,154000
2022-11-07,2615,9373091,0,121020,9494111,-87980,209000
2022-11-08,2615,-2636137,1000,124847,-2510290,128847,-4000
2022-11-09,2615,4493770,12000,-195896,4309874,-131896,-64000
2022-11-10,2615,3245047,1000,127458,3373505,52358,75100
2022-11-11,2615,-5855236,2000,26509,-5826727,112509,-86000
2022-11-14,2615,1120616,0,500408,1621024,458008,42400
2022-11-15,2615,2145210,-97000,-67248,1980962,99250,-166498
2022-11-16,2615,-178978,-25000,1169296,965318,918700,250596
2022-11-17,2615,-2791260,-37000,120530,-2707730,151000,-30470
2022-11-18,2615,4549,-19000,-497789,-512240,-246767,-251022
2022-11-21,2615,-2024866,-11000,-445774,-2481640,-223725,-222049
2022-11-22,2615,-1463723,197000,-42615,-1309338,12785,-55400
2022-11-23,2615,1838140,-30000,231882,2040022,101336,130546
2022-11-24,2615,3639000,-111000,762134,4290134,127945,634189
2022-11-25,2615,1754235,-107000,-738037,909198,-551156,-186881
2022-11-28,2615,-3302261,-105000,-233853,-3641114,-10853,-223000
2022-11-29,2615,203042,199000,598540,1000582,318540,280000
2022-11-30,2615,3244567,-53018,-281653,2909896,-202653,-79000
2022-12-01,2615,289496,-32000,-465632,-208136,-388632,-77000
2022-12-02,2615,222760,-18000,-244060,-39300,-131060,-113000
2022-12-05,2615,-539291,-14000,-78000,-631291,-200000,122000
2022-12-06,2615,-4721060,-1000,-696038,-5418098,-207039,-488999
2022-12-07,2615,-2051194,-250000,-166535,-2467729,-59535,-107000
2022-12-08,2615,-1875135,4000,-110751,-1981886,-77167,-33584
2022-12-09,2615,750247,0,42063,792310,-116937,159000
2022-12-12,2615,-1929658,0,261579,-1668079,328443,-66864
2022-12-13,2615,400054,-7000,387000,780054,135000,252000
2022-12-14,2615,413003,-31010,-443342,-61349,-168342,-275000
2022-12-15,2615,2942788,189000,702301,3834089,141301,561000
2022-12-16,2615,3294731,1941000,1547461,6783192,363931,1183530
2022-12-19,2615,-7156796,1111069,-857452,-6903179,-300949,-556503
2022-12-20,2615,3546053,992000,-214145,4323908,-317765,103620
2022-12-21,2615,-1744271,879000,804748,-60523,263147,541601
2022-12-22,2615,-3583203,2682000,-7631,-908834,-446833,439202
2022-12-23,2615,-4636169,167000,-799386,-5268555,-202460,-596926
2022-12-26,2615,-2924965,112000,-497901,-3310866,-161755,-336146
2022-12-27,2615,929000,-29000,-233943,666057,-173120,-60823
2022-12-28,2615,799250,109000,-734535,173715,-327375,-407160
2022-12-29,2615,-945754,0,-21505,-967259,18495,-40000
2022-12-30,2615,265252,65000,-3385,326867,7615,-11000
2023-01-03,2615,-3380416,201000,-343731,-3523147,-96731,-247000
2023-01-04,2615,-591581,10000,-343249,-924830,-208249,-135000
2023-01-05,2615,-388468,7000,-884,-382352,109812,-110696
2023-01-06,2615,219952,19000,43690,282642,29690,14000
2023-01-09,2615,1158838,-1118000,257705,298543,-50295,308000
2023-01-10,2615,-2340099,-493000,-153872,-2986971,-64455,-89417
2023-01-11,2615,-2179404,8000,178324,-1993080,151324,27000
2023-01-12,2615,-1310929,28000,-31357,-1314286,52643,-84000
2023-01-13,2615,1318137,17000,123000,1458137,120000,3000
2023-01-16,2615,-339158,47000,-47369,-339527,-41369,-6000
2023-01-17,2615,-1921961,-267000,84962,-2103999,37962,47000
2023-01-30,2615,3416009,-77000,110640,3449649,-118360,229000
2023-01-31,2615,-1237942,874000,34333,-329609,-93391,127724
2023-02-01,2615,1359471,141000,65877,1566348,-33923,99800
2023-02-02,2615,302977,163000,686480,1152457,1794,684686
2023-02-03,2615,-1716399,155000,-91523,-1652922,7581,-99104
2023-02-06,2615,-3553787,109000,-535880,-3980667,-117371,-418509
2023-02-07,2615,3368283,1000,665028,4034311,291189,373839
2023-02-08,2615,1498802,-5000,-163416,1330386,15300,-178716
2023-02-09,2615,-554000,0,84776,-469224,158221,-73445
2023-02-10,2615,-779001,1000,-57150,-835151,57728,-114878
2023-02-13,2615,459872,-27000,148487,581359,219487,-71000
2023-02-14,2615,-242608,4000,225763,-12845,-11237,237000
2023-02-15,2615,-1568000,-493408,470859,-1590549,344352,126507
2023-02-16,2615,-877989,-55782,3970,-929801,-39030,43000
2023-02-17,2615,-1417129,-2226,-281051,-1700406,-178051,-103000
2023-02-20,2615,425264,-5000,365168,785432,-25000,390168
2023-02-21,2615,1354674,2000,1011984,2368658,189191,822793
2023-02-22,2615,1691017,-1000,-426456,1263561,-166456,-260000
2023-02-23,2615,3780916,2000,410119,4193035,155395,254724
2023-02-24,2615,1899531,-2000,-495945,1401586,-147945,-348000
2023-03-01,2615,-1316903,-4000,-290005,-1610908,47095,-337100
2023-03-02,2615,5329192,5001,628474,5962667,201474,427000
2023-03-03,2615,200241,-1000,-124006,75235,101894,-225900
2023-03-06,2615,1219862,-18000,-168616,1033246,44284,-212900
2023-03-07,2615,1854795,-19000,-354205,1481590,99695,-453900
2023-03-08,2615,-2317361,-1000,-216058,-2534419,16039,-232097
2023-03-09,2615,3726525,12728,144558,3883811,96558,48000
2023-03-10,2615,1187062,4611,-152899,1038774,-190266,37367
2023-03-13,2615,1181520,-69385,-125592,986543,-31953,-93639
2023-03-14,2615,-13910866,10080,-634511,-14535297,-137063,-497448
2023-03-15,2615,-3148363,-56260,1053268,-2151355,592468,460800
2023-03-16,2615,-2940608,28733,-380750,-3292625,-171400,-209350
2023-03-17,2615,-638549,-8066,60445,-586170,-36555,97000
2023-03-20,2615,-1114750,0,567682,-547068,437682,130000
2023-03-21,2615,-3445968,7000,563495,-2875473,573954,-10459
2023-03-22,2615,1579964,-16624,86874,1650214,11877,74997
2023-03-23,2615,-182901,5497,-475050,-652454,-476000,950
2023-03-24,2615,-298854,-44755,-159000,-502609,-213000,54000
2023-03-27,2615,-946000,478,57997,-887525,-13003,71000
2023-03-28,2615,-423387,250000,30000,-143387,-26000,56000
2023-03-29,2615,-550861,1000,-105055,-654916,-66055,-39000
2023-03-30,2615,124285,-138000,353742,340027,2742,351000
2023-03-31,2615,-523457,-146000,167222,-502235,95222,72000
2023-04-06,2615,-1749804,4000,4559,-1741245,16602,-12043
2023-04-07,2615,1454000,-201110,332201,1585091,-9799,342000
2023-04-10,2615,-2607900,-186430,-245235,-3039565,-77235,-168000
2023-04-11,2615,-646440,19000,38739,-588701,-30261,69000
2023-04-12,2615,13729,-152000,308000,169729,155000,153000
2023-04-13,2615,-1781643,-34000,98242,-1717401,71242,27000
2023-04-14,2615,2564771,-49000,391872,2907643,24872,367000
2023-04-17,2615,1158091,41000,180300,1379391,185000,-4700
2023-04-18,2615,-2217187,14192,-173983,-2376978,-62983,-111000
2023-04-19,2615,-1500971,-148000,-554497,-2203468,-467497,-87000
2023-04-20,2615,-1751315,-184617,-345334,-2281266,-321334,-24000
2023-04-21,2615,-142772,-3741000,-573068,-4456840,-342268,-230800
2023-04-24,2615,3802675,-3495500,-190967,116208,-128967,-62000
2023-04-25,2615,2903804,-3374000,-80030,-550226,-25030,-55000
2023-04-26,2615,2861727,-3298000,203250,-233023,230250,-27000
2023-04-27,2615,2866455,-3408700,34917,-507328,-8083,43000
2023-04-28,2615,114817,6000,45669,166486,20669,25000
2023-05-02,2615,-2045172,30000,-443495,-2458667,-290495,-153000
2023-05-03,2615,-5477155,7000,-606298,-6076453,-347298,-259000
2023-05-04,2615,-1892120,0,-71272,-1963392,-58272,-13000
2023-05-05,2615,-608232,7000,50958,-550274,75958,-25000
2023-05-08,2615,-567542,12000,12756,-542786,16756,-4000
2023-05-09,2615,1626389,35000,217000,1878389,123000,94000
2023-05-10,2615,2342480,6000,280671,2629151,81571,199100
2023-05-11,2615,-4304278,22000,750756,-3531522,248256,502500
2023-05-12,2615,-1053699,20000,327576,-706123,-16424,344000
2023-05-15,2615,1895066,13000,382300,2290366,10300,372000
2023-05-16,2615,-1234880,1000,718000,-515880,697000,21000
2023-05-17,2615,-186282,4000,1326385,1144103,1251385,75000
2023-05-18,2615,-1402150,21000,306169,-1074981,302069,4100
2023-05-19,2615,1388368,11000,244896,1644264,150896,94000
2023-05-22,2615,-1993110,10000,215000,-1768110,155000,60000
2023-05-23,2615,338920,284000,-13000,609920,21000,-34000
2023-05-24,2615,-477079,-1000,165000,-313079,193000,-28000
2023-05-25,2615,-2595706,-12000,-592840,-3200546,-547840,-45000
2023-05-26,2615,-795285,-17000,-114713,-926998,-73713,-41000
2023-05-29,2615,1144377,-8000,303914,1440291,204834,99080
2023-05-30,2615,-4027500,-9000,-327296,-4363796,-175296,-152000
2023-05-31,2615,-3557633,-2049,215180,-3344502,193479,21701
2023-06-01,2615,-2381938,-16000,-27270,-2425208,139730,-167000
2023-06-02,2615,2771757,457000,-132354,3096403,-136354,4000
2023-06-05,2615,-1022678,257496,-165000,-930182,-134000,-31000
2023-06-06,2615,2656935,185572,483001,3325508,292001,191000
2023-06-07,2615,-787370,197421,-284850,-874799,-99000,-185850
2023-06-08,2615,1250605,447524,970218,2668347,652218,318000
2023-06-09,2615,-2253369,569663,-260938,-1944644,-69938,-191000
2023-06-12,2615,-2706590,796000,81101,-1829489,123101,-42000
2023-06-13,2615,-2546700,585000,145337,-1816363,218337,-73000
2023-06-14,2615,-119180,611000,504768,996588,309768,195000
2023-06-15,2615,-917687,487000,-181187,-611874,-8187,-173000
2023-06-16,2615,997832,2427621,105907,3531360,54350,51557
2023-06-19,2615,-2615697,4000,-101992,-2713689,-42992,-59000
2023-06-20,2615,-130300,-7208,115130,-22378,100170,14960
2023-06-21,2615,-2813327,-7000,67108,-2753219,76108,-9000
2023-06-26,2615,-3024724,2000,28897,-2993827,-9327,38224
2023-06-27,2615,-760449,29000,170965,-560484,38965,132000
2023-06-28,2615,-833262,1000,199461,-632801,111461,88000
2023-06-29,2615,-2212433,12000,599321,-1601112,265321,334000
2023-06-30,2615,-1587045,1283830,1401138,1097923,199138,1202000
2023-07-03,2615,2220500,-82000,-1080481,1058019,-400712,-679769
2023-07-04,2615,-3981240,-635000,-1097829,-5714069,-247530,-850299
2023-07-05,2615,506371,-268943,544913,782341,-51087,596000
2023-07-06,2615,1041695,-276000,152441,918136,-107889,260330
2023-07-07,2615,520357,-159000,-91858,269499,-99827,7969
2023-07-10,2615,-2159004,7000,-261434,-2413438,-118518,-142916
2023-07-11,2615,320806,0,52710,373516,89710,-37000
2023-07-12,2615,403490,118000,-130738,390752,-12068,-118670
2023-07-13,2615,-684524,-72000,428110,-328414,286719,141391
2023-07-14,2615,1307000,-192000,139000,1254000,19000,120000
2023-07-17,2615,522048,-150000,-115609,256439,-130609,15000
2023-07-18,2615,-938000,-218800,43250,-1113550,-51750,95000
2023-07-19,2615,704734,-254000,161627,612361,-31869,193496
2023-07-20,2615,2227000,-19000,-92909,2115091,-61071,-31838
2023-07-21,2615,-2167010,5000,-245151,-2407161,-199151,-46000
2023-07-24,2615,-2240723,5000,-353751,-2589474,-327042,-26709
2023-07-25,2615,-157313,9000,43000,-105313,-44000,87000
2023-07-26,2615,-204020,89000,46643,-68377,-14000,60643
2023-07-27,2615,1202357,-1000,-48794,1152563,-12002,-36792
2023-07-28,2615,1380391,-21000,230899,1590290,203300,27599
2023-07-31,2615,-3154785,15000,109612,-3030173,135163,-25551
2023-08-01,2615,956881,3000,148736,1108617,62011,86725
2023-08-02,2615,-272672,76000,-84241,-280913,-122626,38385
2023-08-04,2615,363720,147000,72663,583383,0,72663
2023-08-07,2615,-940975,33000,-302383,-1210358,-248431,-53952
2023-08-08,2615,-1979292,103000,-202007,-2078299,-158705,-43302
2023-08-09,2615,-411138,303000,-24715,-132853,-20000,-4715
2023-08-10,2615,-281710,654000,-66688,305602,-102000,35312
2023-08-11,2615,371868,217000,429769,1018637,287755,142014
2023-08-14,2615,-762003,483675,349515,71187,270789,78726
2023-08-15,2615,-1199500,95000,80633,-1023867,23657,56976
2023-08-16,2615,1093269,120072,-345534,867807,-270047,-75487
2023-08-17,2615,1745847,128105,-179973,1693979,-116713,-63260
2023-08-18,2615,3084422,5000,121482,3210904,-43000,164482
2023-08-21,2615,-1524121,175252,-45046,-1393915,-28142,-16904
2023-08-22,2615,-797448,52514,267602,-477332,214412,53190
2023-08-23,2615,-3004224,208806,32613,-2762805,42228,-9615
2023-08-24,2615,-3905761,228171,-281554,-3959144,-227031,-54523
2023-08-25,2615,-483547,603330,-126055,-6272,-54704,-71351
2023-08-28,2615,316580,480000,-89785,706795,-54785,-35000
2023-08-29,2615,-3052094,302000,367,-2749727,-11221,11588
2023-08-30,2615,726400,419463,-5010,1140853,-43010,38000
2023-08-31,2615,-2231326,516967,-5703,-1720062,-35382,29679
2023-09-01,2615,-1577778,205423,-54280,-1426635,-15280,-39000
2023-09-04,2615,2567698,832000,93274,3492972,55274,38000
2023-09-05,2615,792835,983982,-86000,1690817,-54000,-32000
2023-09-06,2615,-2517430,804331,-324947,-2038046,-207996,-116951
2023-09-07,2615,-2350755,703356,-173569,-1820968,-159270,-14299
2023-09-08,2615,844981,1213000,-150000,1907981,-102000,-48000
2023-09-11,2615,-1696212,1841000,-42020,102768,-58000,15980
2023-09-12,2615,-812407,2071000,76968,1335561,48968,28000
2023-09-13,2615,-1881306,1055000,-47000,-873306,-47000,0
2023-09-14,2615,3808300,1133000,24421,4965721,-99289,123710
2023-09-15,2615,18032803,-16866220,299691,1466274,-34000,333691
2023-09-18,2615,1174114,356417,-207653,1322878,-52000,-155653
2023-09-19,2615,-531336,1224000,78741,771405,-13709,92450
2023-09-20,2615,1670496,277000,186141,2133637,-29967,216108
2023-09-21,2615,-2091321,662000,-81541,-1510862,85000,-166541
2023-09-22,2615,-575000,497000,-179000,-257000,-62000,-117000
2023-09-25,2615,-494827,399000,-90590,-186417,-54308,-36282
2023-09-26,2615,-225270,280000,-115117,-60387,-40951,-74166
2023-09-27,2615,-1013476,311471,-116068,-818073,-129742,13674
2023-09-28,2615,-577020,84000,54750,-438270,-11333,66083
2023-10-02,2615,-1946400,151557,-353240,-2148083,-178021,-175219
2023-10-03,2615,-3446343,165923,-280442,-3560862,-238534,-41908
2023-10-04,2615,-483608,1056785,-37988,535189,-51988,14000
2023-10-05,2615,177549,95440,31980,304969,-3020,35000
2023-10-06,2615,79769,-33000,112340,159109,125340,-13000
2023-10-11,2615,-1672586,63000,-94287,-1703873,-79901,-14386
2023-10-12,2615,-439962,81000,177146,-181816,124146,53000
2023-10-13,2615,-3176386,0,112984,-3063402,127423,-14439
2023-10-16,2615,468659,542031,-74233,936457,-57233,-17000
2023-10-17,2615,389568,81000,127999,598567,83999,44000
2023-10-18,2615,-584949,636000,358234,409285,378234,-20000
2023-10-19,2615,1967550,-596037,-90243,1281270,-100243,10000
2023-10-20,2615,-593334,705008,-164047,-52373,-130047,-34000
2023-10-23,2615,292411,-141000,11999,163410,14999,-3000
2023-10-24,2615,-420011,134918,4980,-280113,10980,-6000
2023-10-25,2615,-48042,135847,5000,92805,4000,1000
2023-10-26,2615,-112212,838000,-147012,578776,-144012,-3000
2023-10-27,2615,724917,90000,-6515,808402,-51515,45000
2023-10-30,2615,2482293,2008028,41089,4531410,-37501,78590
2023-10-31,2615,-1965493,1850000,-119000,-234493,-84000,-35000
2023-11-01,2615,-604581,617000,44000,56419,40000,4000
2023-11-02,2615,1051000,431000,-31969,1450031,-61990,30021
2023-11-03,2615,1197470,193000,81418,1471888,17418,64000
2023-11-06,2615,911774,101000,-90670,922104,-32670,-58000
2023-11-07,2615,-1475100,-82000,-14778,-1571878,2222,-17000
2023-11-08,2615,229000,-10000,2000,221000,-6000,8000
2023-11-09,2615,366747,7000,48251,421998,42251,6000
2023-11-10,2615,-3009662,15000,-10617,-3005279,-13526,2909
2023-11-13,2615,1275384,-11000,191083,1455467,156000,35083
2023-11-14,2615,-990540,-24000,158192,-856348,118904,39288
2023-11-15,2615,8220571,-102000,441261,8559832,384492,56769
2023-11-16,2615,-128214,-172007,-418000,-718221,-358000,-60000
2023-11-17,2615,259176,-150422,-74998,33756,-82000,7002
2023-11-20,2615,-643185,-31000,-38000,-712185,-16000,-22000
2023-11-21,2615,-2030450,-11000,-2008,-2043458,-10009,8001
2023-11-22,2615,-2973821,-8851,46827,-2935845,16049,30778
2023-11-23,2615,-776630,130060,-8185,-654755,-12000,3815
2023-11-24,2615,-1086847,87488,14046,-985313,7103,6943
2023-11-27,2615,572762,179079,39132,790973,25837,13295
2023-11-28,2615,1094666,762000,106695,1963361,-10561,117256
2023-11-29,2615,-1010819,140000,-33179,-903998,1821,-35000
2023-11-30,2615,33663,284971,-15340,303294,-340,-15000
2023-12-01,2615,4039890,1296000,123005,5458895,20005,103000
2023-12-04,2615,-2522662,1549000,1377796,404134,313898,1063898
2023-12-05,2615,-1313922,2082000,-678804,89274,-144404,-534400
2023-12-06,2615,-1284521,1995000,-252250,458229,-116000,-136250
2023-12-07,2615,-660455,316000,-88647,-433102,-26000,-62647
2023-12-08,2615,-211000,144000,56419,-10581,27000,29419
2023-12-11,2615,-2252930,314000,153553,-1785377,72100,81453
2023-12-12,2615,1260039,-4089000,666632,-2162329,341691,324941
2023-12-13,2615,253890,-3623000,-234814,-3603924,57878,-292692
2023-12-14,2615,163129,-5351000,-15304,-5203175,38885,-54189
2023-12-15,2615,9252720,-8027686,-100399,1124635,-39312,-61087
2023-12-18,2615,4381691,-7060783,587064,-2092028,-29142,616206
2023-12-19,2615,-149352,-2138000,-189912,-2477264,-110374,-79538
2023-12-20,2615,9984152,216000,319995,10520147,-175806,495801
2023-12-21,2615,-1242311,107214,1519998,384901,186666,1333332
2023-12-22,2615,8682541,295430,-764632,8213339,74505,-839137
2023-12-25,2615,-3954500,528000,-1269546,-4696046,35297,-1304843
2023-12-26,2615,3097255,51000,-232571,2915684,-331571,99000
2023-12-27,2615,2297476,-19664,-762516,1515296,-656516,-106000
2023-12-28,2615,77603,23000,-279308,-178705,-58308,-221000
2023-12-29,2615,-258257,146000,51575,-60682,89001,-37426
2024-01-02,2615,2112101,-8593000,336072,-6144827,211780,124292
2024-01-03,2615,-131619,126516,214848,209745,110198,104650
2024-01-04,2615,4536330,316000,372960,5225290,-183044,556004
2024-01-05,2615,-190200,0,-399131,-589331,-52131,-347000
2024-01-08,2615,-3975540,138000,158522,-3679018,298522,-140000
2024-01-09,2615,-7481580,-51000,-221300,-7753880,2050,-223350
2024-01-10,2615,-991830,0,-320125,-1311955,-148812,-171313
2024-01-11,2615,-941620,-609000,88662,-1461958,37000,51662
2024-01-12,2615,4251038,-15240,220169,4455967,114000,106169
2024-01-15,2615,570095,-15214,-42141,512740,-16002,-26139
2024-01-16,2615,-1616415,-10000,-168293,-1794708,-98576,-69717
2024-01-17,2615,-2595672,-17000,881181,-1731491,692371,188810
2024-01-18,2615,1664967,-23000,300367,1942334,24730,275637
2024-01-19,2615,-2114348,0,-291513,-2405861,-201508,-90005
2024-01-22,2615,-638924,54404,-138630,-723150,-112078,-26552
2024-01-23,2615,-2511168,22022,-104811,-2593957,-94322,-10489
2024-01-24,2615,-75457,-2000,105313,27856,55081,50232
2024-01-25,2615,-773168,11012,-100519,-862675,-66432,-34087
2024-01-26,2615,-364402,0,-58710,-423112,-10087,-48623
2024-01-29,2615,521768,-1000,15604,536372,14604,1000
2024-01-30,2615,-1414037,0,58326,-1355711,63016,-4690
2024-01-31,2615,-910175,21710,-75294,-963759,-17140,-58154
2024-02-01,2615,231402,0,238846,470248,203083,35763
2024-02-02,2615,-1142720,32564,-163188,-1273344,-20980,-142208
2024-02-05,2615,-1032239,-1000,51079,-982160,35079,16000
2024-02-15,2615,-484170,67562,85245,-331363,115923,-30678
2024-02-16,2615,-441803,27932,-178803,-592674,-157803,-21000
2024-02-19,2615,253000,-11968,139000,380032,127000,12000
2024-02-20,2615,198432,-164000,352069,386501,195000,157069
2024-02-21,2615,-420970,-38000,311532,-147438,142833,168699
2024-02-22,2615,1424773,7742,271915,1704430,114915,157000
2024-02-23,2615,-544,-92000,-303401,-395945,-164400,-139001
2024-02-26,2615,-1117090,-61000,-778,-1178868,-3427,2649
2024-02-27,2615,-976899,-149000,39204,-1086695,50154,-10950
2024-02-29,2615,8075541,0,885098,8960639,267998,617100
2024-03-01,2615,-3501870,-80000,-174219,-3756089,68000,-242219
2024-03-04,2615,-721850,-12000,-66510,-800360,-23998,-42512
2024-03-05,2615,-329809,-135000,-65216,-530025,-85000,19784
2024-03-06,2615,-2893700,-24000,-199579,-3117279,-142985,-56594
2024-03-07,2615,-887270,-11000,-22329,-920599,-16094,-6235
2024-03-08,2615,1549578,-193677,221193,1577094,93064,128129
2024-03-11,2615,597820,-4000,-41133,552687,64000,-105133
2024-03-12,2615,385285,-32000,87000,440285,117000,-30000
2024-03-13,2615,944164,-20000,131885,1056049,80000,51885
2024-03-14,2615,-4599190,-128387,-317955,-5045532,-98011,-219944
2024-03-15,2615,-4385139,-66000,-553062,-5004201,-182998,-370064
2024-03-18,2615,-1211563,-43279,132145,-1122697,76141,56004
2024-03-19,2615,-2317869,-178074,76166,-2419777,-1496,77662
2024-03-20,2615,-680128,-40000,-15460,-735588,-55938,40478
2024-03-21,2615,-1444853,-70814,27218,-1488449,42076,-14858
2024-03-22,2615,-1548931,-21000,233971,-1335960,233571,400
2024-03-25,2615,374989,-124000,56730,307719,22820,33910
2024-03-26,2615,-1746468,-65773,-263298,-2075539,-214705,-48593
2024-03-27,2615,-1423702,-4000,14188,-1413514,-14586,28774
2024-03-28,2615,-1684403,-18000,55008,-1647395,57791,-2783
2024-03-29,2615,-23622,-126189,7072,-142739,25000,-17928
2024-04-01,2615,325076,-65092,116925,376909,81000,35925
2024-04-02,2615,-1872716,-5000,-191775,-2069491,-173373,-18402
2024-04-03,2615,-3114690,-53264,-22621,-3190575,13146,-35767
2024-04-08,2615,-1054334,-21019,58393,-1016960,35589,22804
2024-04-09,2615,2994413,-112038,158467,3040842,48377,110090
2024-04-10,2615,-1136752,-85529,67878,-1154403,94722,-26844
2024-04-11,2615,245630,-13000,32430,265060,9430,23000
2024-04-12,2615,-238277,-41529,-34107,-313913,-47083,12976
2024-04-15,2615,877000,-5000,-19385,852615,-85000,65615
2024-04-16,2615,-4232273,-12000,5446,-4238827,62711,-57265
2024-04-17,2615,-1103010,-1476000,146860,-2432150,155756,-8896
2024-04-18,2615,879243,-1626000,-142198,-888955,-103896,-38302
2024-04-19,2615,2126280,-1665000,-172725,288555,-185375,12650
2024-04-22,2615,2642216,-1669000,247795,1221011,135682,112113
2024-04-23,2615,3530791,20744,58137,3609672,72063,-13926
2024-04-24,2615,552618,0,168802,721420,80743,88059
2024-04-25,2615,-391061,29000,-44000,-406061,-2000,-42000
2024-04-26,2615,1672286,0,389036,2061322,-21602,410638
2024-04-29,2615,2602035,0,93354,2695389,116928,-23574
2024-04-30,2615,958236,0,716126,1674362,498404,217722
2024-05-02,2615,-3264532,0,-445430,-3709962,-438098,-7332
2024-05-03,2615,1691412,0,63602,1755014,45509,18093
2024-05-06,2615,1624027,0,49365,1673392,35367,13998
2024-05-07,2615,2646002,0,218820,2864822,-22004,240824
2024-05-08,2615,10547519,2599000,1157013,14303532,575994,581019
2024-05-09,2615,9502087,357978,1065994,10926059,372441,693553
2024-05-10,2615,5175280,540732,487733,6203745,-117209,604942
2024-05-13,2615,4741317,679256,205942,5626515,-356330,562272
2024-05-14,2615,-1574027,489256,-1051720,-2136491,-898873,-152847
2024-05-15,2615,17558314,-10744,1288970,18836540,756956,532014
2024-05-16,2615,3697243,0,1217869,4915112,376020,841849
2024-05-17,2615,-334016,-10744,-324000,-668760,17000,-341000
2024-05-20,2615,2401898,0,307208,2709106,127000,180208
2024-05-21,2615,-1610302,-46744,-51362,-1708408,48000,-99362
2024-05-22,2615,1679550,0,365000,2044550,124000,241000
2024-05-23,2615,-236350,-21488,-114269,-372107,-49269,-65000
2024-05-24,2615,23120,-21488,1182218,1183850,476218,706000
2024-05-27,2615,1990611,-10744,1553998,3533865,420000,1133998
2024-05-28,2615,-2387770,-386000,166782,-2606988,-336218,503000
2024-05-29,2615,-3745892,-1003488,-103000,-4852380,-85000,-18000
2024-05-30,2615,-979892,-35000,386000,-628892,223000,163000
2024-05-31,2615,-728653,-210274,-2116000,-3054927,-1166000,-950000
2024-06-03,2615,-8147919,-2477000,1725046,-8899873,1748000,-22954
2024-06-04,2615,235759,135000,-450077,-79318,-315541,-134536
2024-06-05,2615,4664188,1000,1229980,5895168,410999,818981
2024-06-06,2615,5410482,598000,-246575,5761907,-566192,319617
2024-06-07,2615,1457,777000,-204981,573476,135006,-339987
2024-06-11,2615,-136887,0,-1546113,-1683000,-416859,-1129254
2024-06-12,2615,4857275,-258869,647003,5245409,1035060,-388057
2024-06-13,2615,-6084845,-37192,683384,-5438653,345919,337465
2024-06-14,2615,-83987,0,928953,844966,272187,656766
2024-06-17,2615,-14406774,160000,133723,-14113051,137428,-3705
2024-06-18,2615,-4047355,276592,-404982,-4175745,-37302,-367680
2024-06-19,2615,3877824,-2818861,-505825,553138,-295856,-209969
2024-06-20,2615,-5030440,25738,1622043,-3382659,1165849,456194
2024-06-21,2615,-3151982,698000,-755963,-3209945,-599090,-156873
2024-06-24,2615,-7826478,485444,-1410689,-8751723,-525189,-885500
2024-06-25,2615,2218084,9165,5124,2232373,157806,-152682
2024-06-26,2615,-8183236,4165,-122270,-8301341,202321,-324591
2024-06-27,2615,2227124,48078,455274,2730476,411069,44205
2024-06-28,2615,-1964360,-583767,2376,-2545751,281890,-279514
2024-07-01,2615,1593552,-262922,-819070,511560,-599804,-219266
2024-07-02,2615,-114866,-551690,-53043,-719599,-14391,-38652
2024-07-03,2615,564000,-183000,336410,717410,101694,234716
2024-07-04,2615,-917009,0,-1246790,-2163799,-1004088,-242702
2024-07-05,2615,-3717957,-135000,-624465,-4477422,-150666,-473799
2024-07-08,2615,10492193,-22520,-1111329,9358344,-647323,-464006
2024-07-09,2615,-3272000,-399000,-162889,-3833889,-17739,-145150
2024-07-10,2615,-4080823,1000,102332,-3977491,37664,64668
2024-07-11,2615,694000,2000,-416632,279368,-290000,-126632
2024-07-12,2615,372260,-350000,-249710,-227450,-129171,-120539
2024-07-15,2615,4942000,-297050,259345,4904295,-16286,275631
2024-07-16,2615,-4365676,-1495000,-287311,-6147987,-186400,-100911
2024-07-17,2615,2028736,0,-311442,1717294,-155665,-155777
2024-07-18,2615,910037,7000,262578,1179615,229000,33578
2024-07-19,2615,2533062,0,-131124,2401938,45000,-176124
2024-07-22,2615,6081100,7244,340209,6428553,292106,48103
2024-07-23,2615,-612810,-77000,207174,-482636,-267000,474174
2024-07-26,2615,1370709,-2000,-760849,607860,-500000,-260849
2024-07-29,2615,-666937,7000,-71696,-731633,-59000,-12696
2024-07-30,2615,277700,6000,1365592,1649292,1036000,329592
2024-07-31,2615,2148324,7000,-132087,2023237,-169000,36913
2024-08-01,2615,3516304,1000,369428,3886732,7350,362078
2024-08-02,2615,3615393,2003000,-811810,4806583,-824831,13021
2024-08-05,2615,1404012,5000,-983859,425153,-461402,-522457
2024-08-06,2615,-2481838,1476414,736103,-269321,337831,398272
2024-08-07,2615,-2461247,15049,1685811,-760387,951718,734093
2024-08-08,2615,-10914028,3025,-124105,-11035108,6262,-130367
2024-08-09,2615,3247004,3025,-1907967,1342062,-1492322,-415645
2024-08-12,2615,7170107,85173,624178,7879458,397136,227042
2024-08-13,2615,-13705495,-3388505,-650270,-17744270,-189117,-461153
2024-08-14,2615,-775941,0,-1110372,-1886313,-802997,-307375
2024-08-15,2615,10092000,4025,1407064,11503089,1081161,325903
2024-08-16,2615,3401482,25247,-224149,3202580,2000,-226149
2024-08-19,2615,-2270002,20409,-500753,-2750346,-326771,-173982
2024-08-20,2615,-575950,72136,-365421,-869235,-331417,-34004
2024-08-21,2615,2946701,35500,45643,3027844,-48588,94231
2024-08-22,2615,584000,85272,-154809,514463,7000,-161809
2024-08-23,2615,-480000,0,48634,-431366,-6000,54634
2024-08-26,2615,1816630,65000,508338,2389968,83126,425212
2024-08-27,2615,-7023783,0,-842407,-7866190,-251000,-591407
2024-08-28,2615,715500,0,240797,956297,290000,-49203
2024-08-29,2615,1901520,0,266158,2167678,142000,124158
2024-08-30,2615,17276959,2000,538592,17817551,170453,368139
2024-09-02,2615,-8783244,0,-575983,-9359227,-259000,-316983
2024-09-03,2615,154743,0,73672,228415,248992,-175320
2024-09-04,2615,421986,6091,-236720,191357,-239861,3141
2024-09-05,2615,2988000,-507614,-788818,1691568,-629997,-158821
2024-09-06,2615,-102455,20930,-100611,-182136,12648,-113259
2024-09-09,2615,-8000364,3953,69643,-7926768,212837,-143194
2024-09-10,2615,1248980,1973,-242334,1008619,-131000,-111334
2024-09-11,2615,3888054,17755,319481,4225290,215000,104481
2024-09-12,2615,2250799,0,-74601,2176198,-147000,72399
2024-09-13,2615,4606666,119000,8916,4734582,-90000,98916
2024-09-16,2615,-739887,0,-251847,-991734,-40998,-210849
2024-09-18,2615,9671292,442000,103016,10216308,41022,61994
2024-09-19,2615,1630010,0,221258,1851268,311852,-90594
2024-09-20,2615,1854627,164382,-56854,1962155,-72000,15146
2024-09-23,2615,5635950,5000,675782,6316732,457245,218537
2024-09-24,2615,18897562,1304991,2198807,22401360,680988,1517819
2024-09-25,2615,23796656,888395,522433,25207484,-32705,555138
2024-09-26,2615,23948546,1302023,-2350276,22900293,-1229460,-1120816
2024-09-27,2615,10806381,-2403,306218,11110196,331000,-24782
2024-09-30,2615,-6356437,-428344,-1317549,-8102330,-690638,-626911
2024-10-01,2615,-5822598,1182000,282641,-4357957,213827,68814
2024-10-04,2615,-12859199,-8010,-326475,-13193684,47246,-373721
2024-10-07,2615,-4805173,-1771983,108645,-6468511,319362,-210717
2024-10-08,2615,-4035469,12147,-150982,-4174304,-18551,-132431
2024-10-09,2615,1068916,-9276,-471797,587843,-302337,-169460
2024-10-11,2615,-2179583,28710,571251,-1579622,299680,271571
2024-10-14,2615,-1699489,-1185305,361278,-2523516,338852,22426
2024-10-15,2615,-2433999,40549,93638,-2299812,102193,-8555
2024-10-16,2615,-3738733,86765,310340,-3341628,-44279,354619
2024-10-17,2615,3179807,3971,1828928,5012706,1058779,770149
2024-10-18,2615,-4376666,-9407,-244781,-4630854,-14061,-230720
2024-10-21,2615,2026608,540549,521886,3089043,583000,-61114
2024-10-22,2615,-2596039,721204,-10061,-1884896,-305451,295390
2024-10-23,2615,1070751,51093,-431080,690764,-219350,-211730
2024-10-24,2615,-846831,19708,-390648,-1217771,-8127,-382521
2024-10-25,2615,40000,-203,182428,222225,62000,120428
2024-10-28,2615,-3542962,2797,228490,-3311675,235484,-6994
2024-10-29,2615,-1685378,7797,-591028,-2268609,-453000,-138028
2024-10-30,2615,-33000,20797,151932,139729,70057,81875
2024-11-01,2615,13673275,1283000,2251646,17207921,1496720,754926
2024-11-04,2615,-14406143,142000,-1190030,-15454173,-656040,-533990
2024-11-05,2615,10732223,837217,1037924,12607364,146591,891333
2024-11-06,2615,-6950123,0,448297,-6501826,327814,120483
2024-11-07,2615,-4735010,80000,185845,-4469165,276006,-90161
2024-11-08,2615,5106790,190000,993147,6289937,208534,784613
2024-11-11,2615,-13339869,0,1409923,-11929946,1774001,-364078
2024-11-12,2615,-8665140,0,-3198115,-11863255,-3013453,-184662
2024-11-13,2615,-1434444,-800992,-621383,-2856819,-236832,-384551
2024-11-14,2615,-670450,3000,-1466510,-2133960,-1255143,-211367
2024-11-15,2615,-2006977,-5511,231439,-1781049,221713,9726
2024-11-18,2615,3129193,5000,117813,3252006,-58503,176316
2024-11-19,2615,6084000,-14000,298238,6368238,167000,131238
2024-11-20,2615,10975536,89414,607847,11672797,19206,588641
2024-11-21,2615,1562934,500,-290774,1272660,132950,-423724
2024-11-22,2615,-5135400,-1464000,-345990,-6945390,-37001,-308989
2024-11-25,2615,-8277168,1992,283673,-7991503,387316,-103643
2024-11-26,2615,-5722589,-62000,-522034,-6306623,-446812,-75222
2024-11-27,2615,-6938977,276,-885131,-7823832,-474077,-411054
2024-11-28,2615,-4873974,-69000,216843,-4726131,155737,61106
2024-11-29,2615,-7292131,0,159396,-7132735,154724,4672
2024-12-02,2615,-2469500,0,-214327,-2683827,-167087,-47240
2024-12-03,2615,-3108,0,743691,740583,297458,446233
2024-12-04,2615,-557888,-7447,-329327,-894662,-50886,-278441
2024-12-05,2615,-4812055,-169586,-635129,-5616770,-471873,-163256
2024-12-06,2615,-2260971,-1862,334476,-1928357,327965,6511
2024-12-09,2615,-3773316,-5000,480070,-3298246,167633,312437
2024-12-10,2615,-3582850,-9512,-685844,-4278206,-306917,-378927
2024-12-11,2615,-3522020,-2370,-1310438,-4834828,-1147189,-163249
2024-12-12,2615,-5076949,-75000,590449,-4561500,596407,-5958
2024-12-13,2615,-708973,-405,320185,-389193,195371,124814
2024-12-16,2615,-1252548,0,-341868,-1594416,-47982,-293886
2024-12-17,2615,3533199,-405,327323,3860117,173896,153427
2024-12-18,2615,-2027189,9797,-354659,-2372051,-119207,-235452
2024-12-19,2615,-4223602,11766,173835,-4038001,192992,-19157
2024-12-20,2615,1790476,55221,-35169,1810528,-57000,21831
2024-12-23,2615,-1714434,1000,-706553,-2419987,-657065,-49488
2024-12-24,2615,-323850,0,730231,406381,493198,237033
2024-12-25,2615,1114949,0,176443,1291392,291000,-114557
2024-12-26,2615,-720240,-15798,-56245,-792283,35070,-91315
2024-12-27,2615,-1766878,-94203,-22367,-1883448,38000,-60367
2024-12-30,2615,-1097433,-74775,127072,-1045136,117779,9293
2024-12-31,2615,374737,3686,-42148,336275,9000,-51148
2025-01-02,2615,6512714,40595,-9203,6544106,-296014,286811
2025-01-03,2615,1269185,0,-426002,843183,-60000,-366002
2025-01-06,2615,730133,0,159323,889456,91562,67761
2025-01-07,2615,-494223,-2000,104644,-391579,99000,5644
2025-01-08,2615,466325,-39406,146629,573548,136000,10629
2025-01-09,2615,-1909122,0,-1334512,-3243634,-953437,-381075
2025-01-10,2615,3051910,4761,-189784,2866887,-189699,-85
2025-01-13,2615,-1607215,2000,-997823,-2603038,-698636,-299187
2025-01-14,2615,-480212,11000,75092,-394120,99000,-23908
2025-01-15,2615,-1218843,3000,897096,-318747,1016000,-118904
2025-01-16,2615,-1109744,131000,90321,-888423,146595,-56274
2025-01-17,2615,877959,339000,120858,1337817,110665,10193
2025-01-20,2615,-1430564,148000,-255744,-1538308,-163000,-92744
2025-01-21,2615,-171604,19339,59517,-92748,100000,-40483
2025-01-22,2615,1620980,-407,-19762,1600811,1000,-20762
2025-02-03,2615,-1894683,31566,-206248,-2069365,-131000,-75248
2025-02-04,2615,-180780,-103000,-226584,-510364,-88000,-138584
2025-02-05,2615,4168369,-2000,359699,4526068,217000,142699
2025-02-06,2615,-2323657,0,-242106,-2565763,-84000,-158106
2025-02-07,2615,-690306,-604,82283,-608627,68962,13321
2025-02-10,2615,1986613,-2785,369386,2353214,132000,237386
2025-02-11,2615,-301000,-2138,-274501,-577639,-31000,-243501
2025-02-12,2615,1642137,3969,-119450,1526656,-147962,28512
2025-02-13,2615,5250500,0,389505,5640005,156133,233372
2025-02-14,2615,5742021,46426,-108332,5680115,-55994,-52338
2025-02-17,2615,6793431,-15680,314531,7092282,155000,159531
2025-02-18,2615,2325802,-1893,-359461,1964448,-89008,-270453
2025-02-19,2615,2290900,0,-3021,2287879,-8677,5656
2025-02-20,2615,1363328,-13082,-137346,1212900,-64000,-73346
2025-02-21,2615,1823075,5000,72424,1900499,26000,46424
2025-02-24,2615,5705835,0,214223,5920058,43000,171223
2025-02-25,2615,1937380,-2094,-473189,1462097,-176000,-297189
2025-02-26,2615,53955,-9910,62866,106911,110000,-47134
2025-02-27,2615,265158,-2104,-50465,212589,-3000,-47465
2025-03-03,2615,3898822,19097,44991,3962910,-7000,51991
2025-03-04,2615,1091879,2000,-142398,951481,-57000,-85398
2025-03-05,2615,1095712,-1806,294547,1388453,28427,266120
2025-03-06,2615,3067161,-32806,309066,3343421,160000,149066
2025-03-07,2615,4846332,-7418,525613,5364527,109000,416613
2025-03-10,2615,-4313612,-11000,-401032,-4725644,-215069,-185963
2025-03-11,2615,1537835,12000,-101605,1448230,-125110,23505
2025-03-12,2615,-6783111,-1806,-1251910,-8036827,-727603,-524307
2025-03-13,2615,581126,0,-47845,533281,37163,-85008
2025-03-14,2615,6171152,-36000,142859,6278011,52000,90859
2025-03-17,2615,7345001,6000,-84196,7266805,-139840,55644
2025-03-18,2615,7971513,-24000,-2461,7945052,217198,-219659
2025-03-19,2615,6512613,-44000,464519,6933132,444085,20434
2025-03-20,2615,1014761,0,-78015,936746,85185,-163200
2025-03-21,2615,-24421940,23531527,43107,-847306,119000,-75893
2025-03-24,2615,-330333,27000,-46800,-350133,-6000,-40800
2025-03-25,2615,240705,5000,31437,277142,24065,7372
2025-03-26,2615,-1176238,28000,33631,-1114607,27000,6631
2025-03-27,2615,1007654,20000,87331,1114985,50000,37331
2025-03-28,2615,940700,12000,-124607,828093,-65000,-59607
2025-03-31,2615,-674304,47000,-120503,-747807,-42679,-77824
2025-04-01,2615,1161108,45000,1465,1207573,-131000,132465
2025-04-02,2615,1329678,15000,-19512,1325166,31000,-50512
2025-04-07,2615,828247,0,-1120,827127,0,-1120
2025-04-08,2615,887279,103049,-486681,503647,-322620,-164061
2025-04-09,2615,817058,43784,25301,886143,48290,-22989
2025-04-10,2615,-1407341,0,9659,-1397682,-1000,10659
2025-04-11,2615,-595395,-3000,159027,-439368,-76000,235027
2025-04-14,2615,5696013,101303,-290787,5506529,-103014,-187773
2025-04-15,2615,6738943,50780,-919245,5870478,-240361,-678884
2025-04-16,2615,-4826512,-17798,-80847,-4925157,-130362,49515
2025-04-17,2615,-2598318,20000,-320540,-2898858,-124000,-196540
2025-04-18,2615,227564,830500,-75524,982540,27135,-102659
2025-04-21,2615,1173100,1736000,-326031,2583069,-2000,-324031
2025-04-22,2615,-2111772,1989000,-63870,-186642,-61000,-2870
2025-04-23,2615,-785524,586205,-132045,-331364,105000,-237045
2025-04-24,2615,3260682,-51728,-145747,3063207,-119916,-25831
2025-04-25,2615,251656,-387,201409,452678,123000,78409
2025-04-28,2615,1783366,23599,14346,1821311,-42000,56346
2025-04-29,2615,476732,1428,-117993,360167,-64911,-53082
2025-04-30,2615,2025200,-41392,-207105,1776703,-224700,17595
2025-05-02,2615,787846,-8636,430808,1210018,351083,79725
2025-05-05,2615,5271814,-52412,-537320,4682082,-344683,-192637
2025-05-06,2615,6171151,2951,-141021,6033081,-77157,-63864
2025-05-07,2615,3336628,-25525,-157551,3153552,-24226,-133325
2025-05-08,2615,-1049740,-7299,8703,-1048336,39000,-30297
2025-05-09,2615,6427926,-299,296781,6724408,133589,163192
2025-05-12,2615,3408306,-3089,-3506,3401711,73282,-76788
2025-05-13,2615,2909760,-19845,616594,3506509,221590,395004
2025-05-14,2615,12853854,15217,1801834,14670905,385564,1416270
2025-05-15,2615,7273052,104098,-142511,7234639,82447,-224958
2025-05-16,2615,10856990,-10036,515906,11362860,-3075,518981
2025-05-19,2615,1685473,1578809,-583075,2681207,-16746,-566329
2025-05-20,2615,4109173,2010402,441451,6561026,75971,365480
2025-05-21,2615,11030487,2596108,963098,14589693,-34239,997337
2025-05-22,2615,-310939,13925044,782144,14396249,-114000,896144
2025-05-23,2615,-11011653,20670217,-1416393,8242171,124813,-1541206
2025-05-26,2615,-24920866,19062026,-907065,-6765905,-262000,-645065
2025-05-27,2615,-13660170,21076874,-463829,6952875,-619261,155432
2025-05-28,2615,-20914278,22844000,-117651,1812071,21000,-138651
2025-05-29,2615,-25082378,21723047,969220,-2390111,646996,322224
2025-06-02,2615,-20322072,17761009,-924436,-3485499,-699000,-225436
2025-06-03,2615,-12800784,15083751,-136751,2146216,20001,-156752
2025-06-04,2615,-9590404,7030654,-161856,-2721606,0,-161856
2025-06-05,2615,-388627,3000884,-133245,2479012,-132620,-625
2025-06-06,2615,-1808904,-10455,-171786,-1991145,-217000,45214
2025-06-09,2615,5243429,-9863,281040,5514606,-17000,298040
2025-06-10,2615,3434080,36728,920686,4391494,182996,737690
2025-06-11,2615,396704,-42673,983208,1337239,118000,865208
2025-06-12,2615,-3137125,93108,-97824,-3141841,161211,-259035
2025-06-13,2615,-3883808,-22908,-890766,-4797482,-500895,-389871
2025-06-16,2615,416950,-16107,-17000,383843,4000,-21000
2025-06-17,2615,-922528,819675,-63924,-166777,-68001,4077
2025-06-18,2615,18001,734817,145178,897996,-57000,202178
2025-06-19,2615,-1670088,632197,-432182,-1470073,-157000,-275182
2025-06-20,2615,-1632886,606764,-333917,-1360039,-247655,-86262
2025-06-23,2615,622929,601690,211890,1436509,137178,74712
2025-06-24,2615,751017,-168252,-253918,328847,-131000,-122918
2025-06-25,2615,2184659,140148,31241,2356048,-14000,45241
2025-06-26,2615,-2356990,100397,-880963,-3137556,-918680,37717
2025-06-27,2615,519586,34262,-639317,-85469,-614000,-25317
2025-06-30,2615,830105,-14135,-143636,672334,-100206,-43430
2025-07-01,2615,-985551,6624,216413,-762514,61303,155110
2025-07-02,2615,311210,-19914,-351875,-60579,-177601,-174274
2025-07-03,2615,237085,-6389,20774,251470,43548,-22774
2025-07-04,2615,-1371410,-10950,45605,-1336755,93005,-47400
2025-07-07,2615,196584,-430252,100169,-133499,58606,41563
2025-07-08,2615,-1131573,-43854,329137,-846290,278711,50426
2025-07-09,2615,775929,-31983,73905,817851,56000,17905
2025-07-10,2615,-2450661,-82000,-107520,-2640181,-122009,14489
2025-07-11,2615,-949804,-104000,-8432,-1062236,-5117,-3315
2025-07-14,2615,-160295,-50800,10714,-200381,-39110,49824
2025-07-15,2615,-642762,-53497,272308,-423951,112000,160308
2025-07-16,2615,-2559096,-1152993,1217341,-2494748,329770,887571
2025-07-17,2615,-4125962,-148682,-149320,-4423964,55000,-204320
2025-07-18,2615,-1009235,-30315,-208945,-1248495,-93000,-115945
2025-07-21,2615,-1392434,-29000,42632,-1378802,44979,-2347
2025-07-22,2615,-1636730,-69065,-73502,-1779297,-20000,-53502
2025-07-23,2615,1997614,-61000,288730,2225344,269875,18855
2025-07-24,2615,-678361,-38014,122912,-593463,50000,72912
2025-07-25,2615,-1546961,-72260,-38261,-1657482,21000,-59261
2025-07-28,2615,-244127,-32753,-41449,-318329,-49000,7551
2025-07-29,2615,-1258832,-53636,18301,-1294167,-44033,62334
2025-07-30,2615,-1140871,-39000,292892,-886979,112000,180892
2025-07-31,2615,-4297307,-95126,13519,-4378914,-19447,32966
2025-08-01,2615,-573648,-23631,-99190,-696469,-177636,78446
2025-08-04,2615,-3170578,-31000,-79906,-3281484,-25706,-54200
2025-08-05,2615,-1478566,-45167,150002,-1373731,85000,65002
2025-08-06,2615,-3156452,-8182,184177,-2980457,127669,56508
2025-08-07,2615,382871,-28292,22116,376695,15000,7116
2025-08-08,2615,-1251849,-22304,131686,-1142467,101000,30686
2025-08-11,2615,-1393665,-19473,-8240,-1421378,-4049,-4191
2025-08-12,2615,-1787898,-2304,421088,-1369114,226271,194817
2025-08-13,2615,-2006494,-50271,-224005,-2280770,-124271,-99734
2025-08-14,2615,-2579164,-38830,86155,-2531839,77935,8220
2025-08-15,2615,-4509174,-15432,174744,-4349862,98625,76119
2025-08-18,2615,-3304739,1187474,-272162,-2389427,-236462,-35700
2025-08-19,2615,-8006095,-764695,-398358,-9169148,-94724,-303634
2025-08-20,2615,-4110626,1209609,315502,-2585515,8245,307257
2025-08-21,2615,-2459145,-41695,-98451,-2599291,-47100,-51351
2025-08-22,2615,-1682607,-21135,-310403,-2014145,-103422,-206981
2025-08-25,2615,-1022809,-14594,-48145,-1085548,-33068,-15077
2025-08-26,2615,-1942728,-64968,-88775,-2096471,-98348,9573
2025-08-27,2615,-732522,-43000,113145,-662377,101817,11328
2025-08-28,2615,-1135383,-21671,134785,-1022269,79201,55584
2025-08-29,2615,-3266792,-39000,-565394,-3871186,-253685,-311709
2025-09-01,2615,-1936748,-19668,125046,-1831370,141484,-16438
2025-09-02,2615,115695,-8000,-45261,62434,-372,-44889
2025-09-03,2615,26352,-28000,-113000,-114648,-76000,-37000
2025-09-04,2615,102335,498074,-22709,577700,-29416,6707
2025-09-05,2615,-395100,62863,61946,-270291,93434,-31488
2025-09-08,2615,459917,108221,-64409,503729,-74191,9782
2025-09-09,2615,-1424220,-33926,-39626,-1497772,-14626,-25000
2025-09-10,2615,843135,-68789,3906,778252,25568,-21662
2025-09-11,2615,-1856320,-126789,-341945,-2325054,-235356,-106589
2025-09-12,2615,818344,-49063,67416,836697,46000,21416
2025-09-15,2615,-513970,-23789,286786,-250973,232474,54312
2025-09-16,2615,173289,11005,117257,301551,57507,59750
2025-09-17,2615,-1275900,209927,39719,-1026254,-37279,76998
2025-09-18,2615,718636,-178000,82647,623283,84000,-1353
2025-09-19,2615,1677,-536048,317652,-216719,309000,8652
2025-09-22,2615,-3724966,-34003,-322431,-4081400,-229219,-93212
2025-09-23,2615,-1479050,-222789,-257497,-1959336,-239591,-17906
2025-09-24,2615,-685471,-828510,89778,-1424203,91778,-2000
2025-09-25,2615,-522104,-1077789,144597,-1455296,125450,19147
2025-09-26,2615,-115170,-1014789,-51597,-1181556,-65450,13853
2025-09-30,2615,154008,-1396,100937,253549,106936,-5999
2025-10-01,2615,-450224,-23789,108262,-365751,99259,9003
2025-10-02,2615,241110,-817475,10529,-565836,23529,-13000
2025-10-03,2615,-943767,-5000,-9305,-958072,-18337,9032
2025-10-07,2615,781937,-945865,109348,-54580,96402,12946
2025-10-08,2615,933759,-965577,18979,-12839,-3000,21979
2025-10-09,2615,1130790,-1016366,-64795,49629,-75000,10205
2025-10-13,2615,-981297,-8865,261830,-728332,131598,130232
2025-10-14,2615,-2758765,-2017775,808106,-3968434,528716,279390
2025-10-15,2615,1191250,16000,-556581,650669,-332098,-224483
2025-10-16,2615,-302264,-1117000,-103127,-1522391,-74187,-28940
2025-10-17,2615,102362,-2555000,78364,-2374274,9125,69239
2025-10-20,2615,-1951340,-1687000,84586,-3553754,28653,55933
2025-10-21,2615,-2654617,-2607000,-24417,-5286034,12838,-37255
2025-10-22,2615,-595072,-2528797,115809,-3008060,2770,113039
2025-10-23,2615,-1700483,-2337000,39312,-3998171,-44395,83707
2025-10-27,2615,1808766,-2230146,158554,-262826,75320,83234
2025-10-28,2615,328484,-25000,16869,320353,26000,-9131
2025-10-29,2615,2488944,-2020000,389092,858036,223248,165844
2025-10-30,2615,-1308525,-3034797,2213500,-2129822,1285222,928278
2025-10-31,2615,-1160900,-2048356,-1765372,-4974628,-1205202,-560170
2025-11-03,2615,-948245,-12712,-200408,-1161365,-162138,-38270
2025-11-04,2615,943794,-1797,-89496,852501,-27018,-62478
2025-11-05,2615,-1934083,288,-185548,-2119343,-182957,-2591
2025-11-06,2615,2901600,25000,222959,3149559,8000,214959
2025-11-07,2615,916851,-25000,47379,939230,-147000,194379
2025-11-10,2615,503458,-7692,-124237,371529,-12556,-111681
2025-11-11,2615,592782,-3594,-288786,300402,11723,-300509
2025-11-12,2615,1887197,-48594,363555,2202158,145972,217583
2025-11-13,2615,6991373,-52798,225935,7164510,182000,43935
2025-11-14,2615,3823775,-6550000,329707,-2396518,-18920,348627
2025-11-17,2615,5966715,-9934962,-190418,-4158665,-15233,-175185
2025-11-18,2615,22010035,-14434000,333019,7909054,4980,328039
2025-11-19,2615,9865704,-18636692,905332,-7865656,277990,627342
2025-11-20,2615,15655339,-20003384,28995,-4319050,25000,3995
2025-11-21,2615,13706495,-21932000,100054,-8125451,114776,-14722
2025-11-24,2615,15957028,-20342045,217025,-4167992,127231,89794
2025-11-25,2615,9077768,-14216000,63970,-5074262,-17795,81765
2025-11-26,2615,10591231,-116563,480828,10955496,122044,358784
2025-11-27,2615,-5138568,-538390,-176695,-5853653,-67000,-109695
2025-11-28,2615,-3424775,-11000,251907,-3183868,229000,22907
2025-12-01,2615,-440956,-567000,196722,-811234,128811,67911
2025-12-02,2615,-774329,-304000,83822,-994507,70741,13081
2025-12-03,2615,-673237,-297000,24635,-945602,13000,11635
2025-12-04,2615,-3619119,-153000,98083,-3674036,74000,24083
2025-12-05,2615,-3322051,-57000,56226,-3322825,77930,-21704
2025-12-08,2615,-1936155,-12356,77738,-1870773,41538,36200
2025-12-09,2615,-460592,-170000,34459,-596133,-5870,40329
2025-12-10,2615,-217771,-143531,25102,-336200,7838,17264
2025-12-11,2615,-525783,-60698,-29166,-615647,-15187,-13979
2025-12-12,2615,-1097149,3288,70527,-1023334,42277,28250
2025-12-15,2615,-1298461,-88000,254858,-1131603,104782,150076
2025-12-16,2615,-2971006,-107000,631511,-2446495,499232,132279
2025-12-17,2615,-2412360,-1797,104635,-2309522,-307853,412488
2025-12-18,2615,-4698211,0,-212580,-4910791,-165429,-47151
2025-12-19,2615,839371,205428,65372,1110171,-2061,67433
2025-12-22,2615,-635489,-8797,68008,-576278,22000,46008
2025-12-23,2615,810577,-29000,-50696,730881,-4000,-46696
2025-12-24,2615,-1877995,-8265,-87795,-1974055,-94108,6313
2025-12-26,2615,2622191,-2000,100466,2720657,46000,54466
2025-12-29,2615,1876698,-47712,20844,1849830,-9000,29844
2025-12-30,2615,-175958,-159000,-118655,-453613,-49000,-69655
2025-12-31,2615,-303408,-15462,-85909,-404779,-32000,-53909
2026-01-02,2615,1588726,312,122354,1711392,90999,31355
2026-01-05,2615,-3137781,-14137,-59376,-3211294,-46000,-13376
2026-01-06,2615,-791601,-39000,-25042,-855643,-24116,-926
2026-01-07,2615,7889173,-364521,365370,7890022,33064,332306
2026-01-08,2615,-2613912,-87779,-71910,-2773601,-8615,-63295
2026-01-09,2615,22270,-68982,66130,19418,22000,44130
2026-01-12,2615,206898,-253625,-38876,-85603,-7013,-31863
2026-01-13,2615,1010573,-550872,89799,549500,7683,82116
2026-01-14,2615,-203771,-163338,-60300,-427409,-267000,206700
2026-01-15,2615,79779,-996559,-87976,-1004756,-90000,2024
2026-01-16,2615,-5675929,-1225870,-684741,-7586540,-261427,-423314
2026-01-19,2615,-2265703,-348650,-149302,-2763655,-22116,-127186
2026-01-20,2615,1229437,-878378,112187,463246,-13181,125368
2026-01-21,2615,-1949714,-369779,21730,-2297763,-5000,26730
2026-01-22,2615,484348,-366557,136835,254626,96469,40366
2026-01-23,2615,-3789987,-348,-43096,-3833431,-1795,-41301
2026-01-26,2615,-1047426,-117648,-238833,-1403907,-76026,-162807
2026-01-27,2615,-1815014,-654170,963,-2468221,9999,-9036
2026-01-28,2615,554743,-164779,65271,455235,22000,43271
2026-01-29,2615,-87248,-222000,-2605,-311853,-23020,20415
2026-01-30,2615,-834050,-33000,-189513,-1056563,-97909,-91604
2026-02-02,2615,893796,103652,-77094,920354,-55000,-22094
2026-02-03,2615,491759,-53905,-34480,403374,-35357,877
2026-02-04,2615,1513968,-62000,106813,1558781,55000,51813
2026-02-05,2615,687759,85221,17350,790330,12000,5350
2026-02-06,2615,-508664,78000,-50548,-481212,14999,-65547
2026-02-09,2615,448494,-66000,53022,435516,61000,-7978
2026-02-10,2615,1051025,-190779,164805,1025051,81538,83267
2026-02-11,2615,1958282,-136000,159374,1981656,102475,56899
2026-02-23,2615,2913597,-8557,156042,3061082,-78000,234042
2026-02-24,2615,-368996,-450127,229984,-589139,159000,70984
2026-02-25,2615,3071789,-314557,557589,3314821,321000,236589
2026-02-26,2615,1503607,-1249849,291631,545389,189000,102631
2026-03-02,2615,-4932854,-280359,396554,-4816659,42870,353684
2026-03-03,2615,9791339,-217000,2275564,11849903,348575,1926989
2026-03-04,2615,-7104848,-25000,-2086626,-9216474,-940798,-1145828
2026-03-05,2615,-6944436,-101000,-637501,-7682937,-82239,-555262
2026-03-06,2615,-1037084,-7000,1031,-1043053,46698,-45667
2026-03-09,2615,-1027078,4312,585397,-437369,-45778,631175
2026-03-10,2615,-1895063,-16688,-467959,-2379710,-15105,-452854
2026-03-11,2615,3028946,-36760,144861,3137047,56000,88861
2026-03-12,2615,-923217,-17760,-286337,-1227314,-254291,-32046
2026-03-13,2615,-2646847,-17000,-110315,-2774162,-73183,-37132
2026-03-16,2615,1958559,-71994,800493,2687058,581040,219453
2026-03-17,2615,572375,-74000,171662,670037,200000,-28338
2026-03-18,2615,351246,-18447,1063508,1396307,711995,351513
2026-03-19,2615,-1519443,-13000,75744,-1456699,86000,-10256
2026-03-20,2615,34462207,-32738579,-65769,1657859,-81000,15231
2026-03-23,2615,-4473444,-23634,-581296,-5078374,-288000,-293296
2026-03-24,2615,-516827,0,-121421,-638248,10074,-131495
2026-03-25,2615,1064584,-16000,127638,1176222,52000,75638
2026-03-26,2615,-266626,-4000,-94435,-365061,5000,-99435
2026-03-27,2615,616708,-61000,-44190,511518,-54000,9810
2026-03-30,2615,4449138,-2000,141117,4588255,-190000,331117
2026-03-31,2615,558187,-25000,-533717,-530,-310000,-223717
2026-04-01,2615,5919451,1000,538673,6459124,86000,452673
2026-04-02,2615,-447978,25618,-391361,-813721,-197000,-194361
2026-04-07,2615,3936621,-15333,203844,4125132,132000,71844
2026-04-08,2615,-621210,6540,197331,-417339,156046,41285
2026-04-09,2615,1719900,-9142,256674,1967432,62000,194674
2026-04-10,2615,-1417835,-8819,133,-1426521,2000,-1867
2026-04-13,2615,-583135,18356,257680,-307099,272000,-14320
2026-04-14,2615,146073,-119198,-154178,-127303,-30000,-124178
2026-04-15,2615,4501568,-24851,-214956,4261761,-146000,-68956
2026-04-16,2615,1163718,-327404,-361362,474952,-246000,-115362
2026-04-17,2615,-741808,-187553,-66774,-996135,-46000,-20774
2026-04-20,2615,-1134396,-490289,-58572,-1683257,-20000,-38572
2026-04-21,2615,1185241,-1328829,-11120,-154708,14000,-25120
2026-04-22,2615,1745178,-834757,39534,949955,-13000,52534
2026-04-23,2615,828480,-285991,-334755,207734,-269000,-65755
2026-04-24,2615,1367601,-20416,-105648,1241537,-64000,-41648
2026-04-27,2615,2735755,-20955,24080,2738880,-28000,52080
2026-04-28,2615,836150,-82658,-25398,728094,2000,-27398
2026-04-29,2615,513241,-2000,-74168,437073,4000,-78168
2026-04-30,2615,-962148,-6737,10893,-957992,15000,-4107
2026-05-04,2615,2431949,-195097,253392,2490244,114000,139392
2026-05-05,2615,2377506,-150493,104594,2331607,42000,62594
2026-05-06,2615,3482660,-129000,98814,3452474,74000,24814
2026-05-07,2615,2729997,-87440,-14506,2628051,-10000,-4506
2026-05-08,2615,-3112331,-161737,1814,-3272254,4000,-2186
2026-05-11,2615,4202566,-70516,53302,4185352,-22000,75302
2026-05-12,2615,-1393688,-22659,-67010,-1483357,-43000,-24010
2026-05-13,2615,-7871453,-18000,-111737,-8001190,4000,-115737
2026-05-14,2615,-2035130,-14737,141166,-1908701,57000,84166
2026-05-15,2615,-521419,-5633,-168155,-695207,-2000,-166155
2026-05-18,2615,7066824,0,87928,7154752,-49000,136928
2026-05-19,2615,8509546,2306000,319662,11135208,187000,132662
2026-05-20,2615,2632529,1534000,59493,4226022,15000,44493
2026-05-21,2615,1218878,1412000,63632,2694510,0,63632
2026-05-22,2615,7408084,1782559,314402,9505045,10609,303793
2026-05-25,2615,-3736137,3091000,-654311,-1299448,-282000,-372311
2026-05-26,2615,-2706004,554263,58868,-2092873,12000,46868
2026-05-27,2615,2805707,-7473,187683,2985917,12025,175658
2026-05-28,2615,-716456,1408,-48710,-763758,-8000,-40710
2026-05-29,2615,1196113,-3970,166712,1358855,130000,36712
2026-06-01,2615,4523606,-737,185457,4708326,34000,151457
2026-06-02,2615,-683772,-6210,82050,-607932,-119000,201050
2026-06-03,2615,-128176,-50473,68224,-110425,69000,-776
2026-06-04,2615,-767939,-7946,176884,-599001,83000,93884
2026-06-05,2615,9605790,-17994,433566,10021362,-10000,443566
2026-06-08,2615,1492976,-5000,-316527,1171449,-10000,-306527
2026-06-09,2615,-272162,-7606,-255823,-535591,-69000,-186823
2026-06-10,2615,-1238254,-1920,-39147,-1279321,-27000,-12147
2026-06-11,2615,-2701,-11000,152061,138360,72000,80061
2026-06-12,2615,5518350,-44527,711822,6185645,377445,334377
2026-06-15,2615,-3561930,-6959,-373939,-3942828,-156025,-217914
2026-06-16,2615,-2573615,416380,-267298,-2424533,-145000,-122298
2026-06-17,2615,-2611073,-2112,562982,-2050203,561000,1982
2026-06-18,2615,-1151520,-47000,35908,-1162612,4000,31908
2026-06-22,2615,-909887,4633,5907,-899347,25,5882
2026-06-23,2615,-1983087,5704,-142358,-2119741,-4000,-138358
2026-06-24,2615,-587352,-16296,-34595,-638243,-5554,-29041
2026-06-25,2615,-1596467,-177000,-116068,-1889535,-4000,-112068
2026-06-26,2615,-496970,-122071,-189992,-809033,-19062,-170930
2026-06-29,2615,154905,-36748,45203,163360,14000,31203
2026-06-30,2615,-424234,-2437,7620,-419051,-7000,14620
2026-07-01,2615,-471374,113003,-33418,-391789,6000,-39418
2026-07-02,2615,-240666,270528,11942,41804,0,11942
2026-07-03,2615,10357515,159076,491579,11008170,54000,437579
2026-07-06,2615,-658107,130029,-101800,-629878,-49000,-52800
2026-07-07,2615,-4122268,141445,-279258,-4260081,-32000,-247258
2026-07-08,2615,3313085,21125,124646,3458856,-4000,128646
2026-07-09,2615,4550528,-13401,112787,4649914,-24000,136787
2026-07-13,2615,-665672,-820,-177197,-843689,28000,-205197
2026-07-14,2615,1443567,13421,-17150,1439838,25000,-42150
2026-07-15,2615,5104341,-52436,118395,5170300,-111000,229395
2026-07-16,2615,-261515,-401,-17935,-279851,65000,-82935
2026-07-17,2615,2320767,-791707,-146260,1382800,3000,-149260
2026-07-20,2615,2511923,143604,39287,2694814,51000,-11713
2026-07-21,2615,13922398,131758,377413,14431569,-30000,407413
2026-07-22,2615,4683852,12448,-296409,4399891,-129000,-167409
2026-07-23,2615,123754,55311,-129400,49665,-15000,-114400
2026-07-24,2615,8900254,90576,434187,9425017,94000,340187
2026-07-27,2615,-1442824,74787,-572779,-1940816,-134000,-438779
2026-07-28,2615,1863065,0,-75565,1787500,-57000,-18565
2026-07-29,2615,4724215,96247,50312,4870774,-97000,147312
2026-07-30,2615,343891,64255,-65469,342677,31000,-96469
2026-07-31,2615,2012757,4000,274353,2291110,206000,68353
2026-08-03,2615,2740690,-3645,-40574,2696471,-94000,53426
2026-08-04,2615,1149657,-15000,-192988,941669,-142000,-50988
2026-08-05,2615,226441,-10264,-5015,211162,23000,-28015
2026-08-06,2615,-650813,-5000,-233093,-888906,-61000,-172093
2026-08-07,2615,801228,0,121845,923073,60000,61845
2026-08-10,2615,10228809,-4407,1011021,11235423,97261,913760
2026-08-11,2615,4318608,-17734,240176,4541050,57331,182845
2026-08-12,2615,-463625,-2100,-69941,-535666,0,-69941
2026-08-13,2615,2728579,-8121,-72570,2647888,57000,-129570
2026-08-14,2615,14818809,-28676,618476,15408609,206967,411509
2026-08-17,2615,17941416,-3491,1252236,19190161,456607,795629
2026-08-18,2615,-814467,820324,882181,888038,-105468,987649
2026-08-19,2615,1486696,-7000,-311842,1167854,-268000,-43842
2026-08-20,2615,17722690,-11000,1644126,19355816,482987,1161139
2026-08-21,2615,16238724,829000,1456385,18524109,499192,957193
2026-08-24,2615,11518471,12000,-481769,11048702,61813,-543582
2026-08-25,2615,5680573,-11147,-7959,5661467,-7437,-522
2026-08-26,2615,8676251,26666,-836079,7866838,12286,-848365
2026-08-27,2615,-6124999,-7352,1211337,-4921014,612791,598546
2026-08-28,2615,2088891,-99000,-685732,1304159,-364699,-321033
2026-08-31,2615,-5468333,0,-63580,-5531913,-104301,40721
2026-09-01,2615,3786486,228867,-92769,3922584,-217100,124331
2026-09-02,2615,-2556632,-7356,-162322,-2726310,99021,-261343
2026-09-03,2615,3218849,299000,574864,4092713,183597,391267
2026-09-04,2615,-518206,36000,-640914,-1123120,-227000,-413914
2026-09-07,2615,553743,-56389,102030,599384,74000,28030
2026-09-08,2615,-2314136,-8744,-368388,-2691268,-304000,-64388
2026-09-09,2615,1780351,-8133,-208401,1563817,153642,-362043
2026-09-10,2615,-9470054,-166356,-1320337,-10956747,-389158,-931179
2026-09-11,2615,2304972,-6422,-34315,2264235,-105034,70719
2026-09-14,2615,1088143,-110000,-160814,817329,-70944,-89870
2026-09-15,2615,920976,-48000,-169519,703457,-21434,-148085
2026-09-16,2615,3038414,-77000,776602,3738016,139017,637585
2026-09-17,2615,4971217,0,2054885,7026102,581648,1473237
2026-09-18,2615,2887045,-786715,-149105,1951225,183739,-332844
2026-09-21,2615,-4708910,-94817,-225798,-5029525,109761,-335559
2026-09-22,2615,1151288,-67654,-229455,854179,-47349,-182106
2026-09-23,2615,-2112565,-141000,-299760,-2553325,15000,-314760
2026-09-24,2615,1240906,-66000,82384,1257290,48000,34384
2026-09-29,2615,-2107812,-37000,-1210433,-3355245,-106000,-1104433
2026-09-30,2615,1594141,0,211560,1805701,33515,178045
2026-10-01,2615,246465,189000,-208423,227042,-73414,-135009
2026-10-02,2615,-53611,41411,170539,158339,124000,46539
2026-10-05,2615,-248277,-65000,-100198,-413475,-93000,-7198
2026-10-06,2615,-877515,-21000,16155,-882360,-28000,44155
2026-10-07,2615,952652,0,-109633,843019,-48000,-61633
2026-10-08,2615,611311,6000,31478,648789,2000,29478
