date,stock_id,close,yield_pct,dividend_year,per,pbr,fs_quarter
2019-09-04,4576,90.00,0.89,107,65.69,3.82,108/2
2019-09-05,4576,88.40,0.90,107,64.53,3.76,108/2
2019-09-06,4576,86.60,0.92,107,63.21,3.68,108/2
2019-09-09,4576,84.00,0.95,107,61.31,3.57,108/2
2019-09-10,4576,85.10,0.94,107,62.12,3.62,108/2
2019-09-11,4576,87.80,0.91,107,64.09,3.73,108/2
2019-09-12,4576,87.00,0.92,107,63.50,3.70,108/2
2019-09-16,4576,85.10,0.94,107,62.12,3.62,108/2
2019-09-17,4576,85.30,0.94,107,62.26,3.63,108/2
2019-09-18,4576,87.10,0.92,107,63.58,3.70,108/2
2019-09-19,4576,86.50,0.92,107,63.14,3.68,108/2
2019-09-20,4576,86.20,0.93,107,62.92,3.66,108/2
2019-09-23,4576,87.20,0.92,107,63.65,3.71,108/2
2019-09-24,4576,87.80,0.91,107,64.09,3.73,108/2
2019-09-25,4576,86.90,0.92,107,63.43,3.69,108/2
2019-09-26,4576,86.00,0.93,107,62.77,3.65,108/2
2019-09-27,4576,85.50,0.94,107,62.41,3.63,108/2
2019-10-01,4576,85.20,0.94,107,62.19,3.62,108/2
2019-10-02,4576,84.00,0.95,107,61.31,3.57,108/2
2019-10-03,4576,82.70,0.97,107,60.36,3.51,108/2
2019-10-04,4576,82.70,0.97,107,60.36,3.51,108/2
2019-10-07,4576,80.60,0.99,107,58.83,3.43,108/2
2019-10-08,4576,78.30,1.02,107,57.15,3.33,108/2
2019-10-09,4576,79.00,1.01,107,57.66,3.36,108/2
2019-10-14,4576,80.00,1.00,107,58.39,3.40,108/2
2019-10-15,4576,79.80,1.00,107,58.25,3.39,108/2
2019-10-16,4576,79.70,1.00,107,58.18,3.39,108/2
2019-10-17,4576,79.00,1.01,107,57.66,3.36,108/2
2019-10-18,4576,79.00,1.01,107,57.66,3.36,108/2
2019-10-21,4576,79.40,1.01,107,57.96,3.37,108/2
2019-10-22,4576,78.30,1.02,107,57.15,3.33,108/2
2019-10-23,4576,78.00,1.03,107,56.93,3.31,108/2
2019-10-24,4576,79.90,1.00,107,58.32,3.40,108/2
2019-10-25,4576,80.20,1.00,107,58.54,3.41,108/2
2019-10-28,4576,80.20,1.00,107,58.54,3.41,108/2
2019-10-29,4576,79.20,1.01,107,57.81,3.37,108/2
2019-10-30,4576,80.60,0.99,107,58.83,3.43,108/2
2019-10-31,4576,78.90,1.01,107,57.59,3.35,108/2
2019-11-01,4576,79.70,1.00,107,58.18,3.39,108/2
2019-11-04,4576,80.00,1.00,107,58.39,3.40,108/2
2019-11-05,4576,79.50,1.01,107,58.03,3.38,108/2
2019-11-06,4576,79.50,1.01,107,58.03,3.38,108/2
2019-11-07,4576,78.10,1.02,107,57.01,3.32,108/2
2019-11-08,4576,77.70,1.03,107,56.72,3.30,108/2
2019-11-11,4576,78.10,1.02,107,57.01,3.32,108/2
2019-11-12,4576,78.50,1.02,107,57.30,3.34,108/2
2019-11-13,4576,81.50,0.98,107,59.49,3.46,108/2
2019-11-14,4576,85.80,0.93,107,69.19,3.05,108/3
2019-11-15,4576,86.50,0.92,107,69.76,3.08,108/3
2019-11-18,4576,86.20,0.93,107,69.52,3.07,108/3
2019-11-19,4576,85.70,0.93,107,69.11,3.05,108/3
2019-11-20,4576,83.70,0.96,107,67.50,2.98,108/3
2019-11-21,4576,83.50,0.96,107,67.34,2.97,108/3
2019-11-22,4576,82.70,0.97,107,66.69,2.94,108/3
2019-11-25,4576,84.60,0.95,107,68.23,3.01,108/3
2019-11-26,4576,83.50,0.96,107,67.34,2.97,108/3
2019-11-27,4576,82.90,0.97,107,66.85,2.95,108/3
2019-11-28,4576,84.20,0.95,107,67.90,3.00,108/3
2019-11-29,4576,83.50,0.96,107,67.34,2.97,108/3
2019-12-02,4576,83.20,0.96,107,67.10,2.96,108/3
2019-12-03,4576,82.90,0.97,107,66.85,2.95,108/3
2019-12-04,4576,83.60,0.96,107,67.42,2.98,108/3
2019-12-05,4576,82.40,0.97,107,66.45,2.93,108/3
2019-12-06,4576,85.00,0.94,107,68.55,3.02,108/3
2019-12-09,4576,83.50,0.96,107,67.34,2.97,108/3
2019-12-10,4576,83.00,0.96,107,66.94,2.95,108/3
2019-12-11,4576,82.80,0.97,107,66.77,2.95,108/3
2019-12-12,4576,82.70,0.97,107,66.69,2.94,108/3
2019-12-13,4576,82.40,0.97,107,66.45,2.93,108/3
2019-12-16,4576,83.00,0.96,107,66.94,2.95,108/3
2019-12-17,4576,84.50,0.95,107,68.15,3.01,108/3
2019-12-18,4576,86.60,0.92,107,69.84,3.08,108/3
2019-12-19,4576,86.30,0.93,107,69.60,3.07,108/3
2019-12-20,4576,86.10,0.93,107,69.44,3.06,108/3
2019-12-23,4576,85.90,0.93,107,69.27,3.06,108/3
2019-12-24,4576,84.90,0.94,107,68.47,3.02,108/3
2019-12-25,4576,84.20,0.95,107,67.90,3.00,108/3
2019-12-26,4576,83.00,0.96,107,66.94,2.95,108/3
2019-12-27,4576,83.20,0.96,107,67.10,2.96,108/3
2019-12-30,4576,83.30,0.96,107,67.18,2.96,108/3
2019-12-31,4576,84.00,0.95,107,67.74,2.99,108/3
2020-01-02,4576,83.60,0.96,107,67.42,2.98,108/3
2020-01-03,4576,82.80,0.97,107,66.77,2.95,108/3
2020-01-06,4576,82.90,0.97,107,66.85,2.95,108/3
2020-01-07,4576,82.40,0.97,107,66.45,2.93,108/3
2020-01-08,4576,80.70,0.99,107,65.08,2.87,108/3
2020-01-09,4576,81.90,0.98,107,66.05,2.91,108/3
2020-01-10,4576,82.30,0.97,107,66.37,2.93,108/3
2020-01-13,4576,84.30,0.95,107,67.98,3.00,108/3
2020-01-14,4576,85.00,0.94,107,68.55,3.02,108/3
2020-01-15,4576,87.20,0.92,107,70.32,3.10,108/3
2020-01-16,4576,85.90,0.93,107,69.27,3.06,108/3
2020-01-17,4576,85.40,0.94,107,68.87,3.04,108/3
2020-01-20,4576,86.70,0.92,107,69.92,3.09,108/3
2020-01-30,4576,80.40,1.00,107,64.84,2.86,108/3
2020-01-31,4576,82.00,0.98,107,66.13,2.92,108/3
2020-02-03,4576,80.50,0.99,107,64.92,2.86,108/3
2020-02-04,4576,81.20,0.99,107,65.48,2.89,108/3
2020-02-05,4576,81.40,0.98,107,65.65,2.90,108/3
2020-02-06,4576,81.80,0.98,107,65.97,2.91,108/3
2020-02-07,4576,79.60,1.01,107,64.19,2.83,108/3
2020-02-10,4576,79.50,1.01,107,64.11,2.83,108/3
2020-02-11,4576,80.20,1.00,107,64.68,2.85,108/3
2020-02-12,4576,80.10,1.00,107,64.60,2.85,108/3
2020-02-13,4576,79.80,1.00,107,64.35,2.84,108/3
2020-02-14,4576,80.10,1.00,107,64.60,2.85,108/3
2020-02-17,4576,79.40,1.01,107,64.03,2.83,108/3
2020-02-18,4576,79.00,1.01,107,63.71,2.81,108/3
2020-02-19,4576,80.40,1.00,107,64.84,2.86,108/3
2020-02-20,4576,80.10,1.00,107,64.60,2.85,108/3
2020-02-21,4576,79.20,1.01,107,63.87,2.82,108/3
2020-02-24,4576,79.30,1.01,107,63.95,2.82,108/3
2020-02-25,4576,79.00,1.01,107,63.71,2.81,108/3
2020-02-26,4576,78.70,1.02,107,63.47,2.80,108/3
2020-02-27,4576,78.20,1.02,107,63.06,2.78,108/3
2020-03-02,4576,77.10,1.04,107,62.18,2.74,108/3
2020-03-03,4576,78.00,1.03,107,62.90,2.78,108/3
2020-03-04,4576,78.00,1.03,107,62.90,2.78,108/3
2020-03-05,4576,78.40,1.02,107,63.23,2.79,108/3
2020-03-06,4576,78.40,1.02,107,63.23,2.79,108/3
2020-03-09,4576,75.70,1.06,107,61.05,2.69,108/3
2020-03-10,4576,73.30,1.09,107,59.11,2.61,108/3
2020-03-11,4576,73.90,1.08,107,59.60,2.63,108/3
2020-03-12,4576,69.90,1.14,107,56.37,2.49,108/3
2020-03-13,4576,64.50,1.24,107,52.02,2.30,108/3
2020-03-16,4576,60.00,1.33,107,48.39,2.14,108/3
2020-03-17,4576,54.00,1.48,107,43.55,1.92,108/3
2020-03-18,4576,52.00,1.54,107,41.94,1.85,108/3
2020-03-19,4576,46.90,1.71,107,37.82,1.67,108/3
2020-03-20,4576,51.50,1.55,107,41.53,1.83,108/3
2020-03-23,4576,49.15,1.63,107,39.64,1.75,108/3
2020-03-24,4576,51.00,1.57,107,41.13,1.81,108/3
2020-03-25,4576,54.20,0.18,108,180.67,1.93,108/4
2020-03-26,4576,53.50,0.19,108,178.33,1.91,108/4
2020-03-27,4576,53.40,0.19,108,178.00,1.90,108/4
2020-03-30,4576,52.60,0.19,108,175.33,1.87,108/4
2020-03-31,4576,53.20,0.19,108,177.33,1.90,108/4
2020-04-01,4576,53.50,0.19,108,178.33,1.91,108/4
2020-04-06,4576,55.20,0.18,108,184.00,1.97,108/4
2020-04-07,4576,56.40,0.18,108,188.00,2.01,108/4
2020-04-08,4576,58.40,0.17,108,194.67,2.08,108/4
2020-04-09,4576,59.70,0.17,108,199.00,2.13,108/4
2020-04-10,4576,65.60,0.15,108,218.67,2.34,108/4
2020-04-13,4576,66.70,0.15,108,222.33,2.38,108/4
2020-04-14,4576,67.20,0.15,108,224.00,2.39,108/4
2020-04-15,4576,67.70,0.15,108,225.67,2.41,108/4
2020-04-16,4576,66.70,0.15,108,222.33,2.38,108/4
2020-04-17,4576,67.40,0.15,108,224.67,2.40,108/4
2020-04-20,4576,68.70,0.15,108,229.00,2.45,108/4
2020-04-21,4576,67.00,0.15,108,223.33,2.39,108/4
2020-04-22,4576,66.50,0.15,108,221.67,2.37,108/4
2020-04-23,4576,67.20,0.15,108,224.00,2.39,108/4
2020-04-24,4576,66.70,0.15,108,222.33,2.38,108/4
2020-04-27,4576,71.00,0.14,108,236.67,2.53,108/4
2020-04-28,4576,70.50,0.14,108,235.00,2.51,108/4
2020-04-29,4576,72.30,0.14,108,241.00,2.58,108/4
2020-04-30,4576,76.70,0.13,108,255.67,2.73,108/4
2020-05-04,4576,73.50,0.14,108,245.00,2.62,108/4
2020-05-05,4576,73.20,0.14,108,244.00,2.61,108/4
2020-05-06,4576,75.20,0.13,108,250.67,2.68,108/4
2020-05-07,4576,74.80,0.13,108,249.33,2.67,108/4
2020-05-08,4576,74.20,0.13,108,247.33,2.64,108/4
2020-05-11,4576,73.80,0.14,108,246.00,2.63,108/4
2020-05-12,4576,73.10,0.14,108,187.44,2.60,109/1
2020-05-13,4576,71.30,0.14,108,182.82,2.54,109/1
2020-05-14,4576,69.00,0.14,108,176.92,2.46,109/1
2020-05-15,4576,70.20,0.14,108,180.00,2.50,109/1
2020-05-18,4576,69.70,0.14,108,178.72,2.48,109/1
2020-05-19,4576,72.00,0.14,108,184.62,2.56,109/1
2020-05-20,4576,71.20,0.14,108,182.56,2.53,109/1
2020-05-21,4576,71.70,0.14,108,183.85,2.55,109/1
2020-05-22,4576,70.30,0.14,108,180.26,2.50,109/1
2020-05-25,4576,70.30,0.14,108,180.26,2.50,109/1
2020-05-26,4576,77.30,0.13,108,198.21,2.75,109/1
2020-05-27,4576,85.00,0.12,108,217.95,3.02,109/1
2020-05-28,4576,86.00,0.12,108,220.51,3.06,109/1
2020-05-29,4576,86.00,0.12,108,220.51,3.06,109/1
2020-06-01,4576,87.60,0.11,108,224.62,3.12,109/1
2020-06-02,4576,85.80,0.12,108,220.00,3.05,109/1
2020-06-03,4576,85.80,0.12,108,220.00,3.05,109/1
2020-06-04,4576,87.80,0.11,108,225.13,3.12,109/1
2020-06-05,4576,87.30,0.11,108,223.85,3.11,109/1
2020-06-08,4576,88.60,0.11,108,227.18,3.15,109/1
2020-06-09,4576,86.80,0.12,108,222.56,3.09,109/1
2020-06-10,4576,84.30,0.12,108,216.15,3.00,109/1
2020-06-11,4576,81.00,0.12,108,207.69,2.88,109/1
2020-06-12,4576,79.90,0.13,108,204.87,2.84,109/1
2020-06-15,4576,80.10,0.12,108,205.38,2.85,109/1
2020-06-16,4576,82.90,0.12,108,212.56,2.95,109/1
2020-06-17,4576,81.80,0.12,108,209.74,2.91,109/1
2020-06-18,4576,81.50,0.12,108,208.97,2.90,109/1
2020-06-19,4576,80.40,0.12,108,206.15,2.86,109/1
2020-06-22,4576,80.40,0.12,108,206.15,2.86,109/1
2020-06-23,4576,79.90,0.13,108,204.87,2.84,109/1
2020-06-24,4576,80.40,0.12,108,206.15,2.86,109/1
2020-06-29,4576,81.30,0.12,108,208.46,2.89,109/1
2020-06-30,4576,82.10,0.12,108,210.51,2.92,109/1
2020-07-01,4576,84.20,0.12,108,215.90,3.00,109/1
2020-07-02,4576,87.20,0.11,108,223.59,3.10,109/1
2020-07-03,4576,85.70,0.12,108,219.74,3.05,109/1
2020-07-06,4576,86.00,0.12,108,220.51,3.06,109/1
2020-07-07,4576,85.30,0.12,108,218.72,3.04,109/1
2020-07-08,4576,85.40,0.12,108,218.97,3.04,109/1
2020-07-09,4576,83.60,0.12,108,214.36,2.98,109/1
2020-07-10,4576,81.10,0.12,108,207.95,2.89,109/1
2020-07-13,4576,81.20,0.12,108,208.21,2.89,109/1
2020-07-14,4576,80.20,0.12,108,205.64,2.85,109/1
2020-07-15,4576,81.30,0.12,108,208.46,2.89,109/1
2020-07-16,4576,81.90,0.12,108,210.00,2.91,109/1
2020-07-17,4576,80.60,0.12,108,206.67,2.87,109/1
2020-07-20,4576,80.00,0.13,108,205.13,2.85,109/1
2020-07-21,4576,81.50,0.12,108,208.97,2.90,109/1
2020-07-22,4576,83.00,0.12,108,212.82,2.95,109/1
2020-07-23,4576,82.30,0.12,108,211.03,2.93,109/1
2020-07-24,4576,80.20,0.12,108,205.64,2.85,109/1
2020-07-27,4576,80.10,0.12,108,205.38,2.85,109/1
2020-07-28,4576,76.90,0.13,108,197.18,2.74,109/1
2020-07-29,4576,79.80,0.13,108,204.62,2.84,109/1
2020-07-30,4576,80.00,0.13,108,205.13,2.85,109/1
2020-07-31,4576,79.80,0.13,108,204.62,2.84,109/1
2020-08-03,4576,79.60,0.13,108,204.10,2.83,109/1
2020-08-04,4576,80.50,0.12,108,206.41,2.86,109/1
2020-08-05,4576,81.00,0.12,108,253.13,2.85,109/2
2020-08-06,4576,79.80,0.13,108,249.38,2.81,109/2
2020-08-07,4576,80.20,0.12,108,250.63,2.82,109/2
2020-08-10,4576,80.40,0.12,108,251.25,2.83,109/2
2020-08-11,4576,79.50,0.13,108,248.44,2.80,109/2
2020-08-12,4576,79.20,0.13,108,247.50,2.79,109/2
2020-08-13,4576,79.30,0.13,108,247.81,2.79,109/2
2020-08-14,4576,78.80,0.13,108,246.25,2.78,109/2
2020-08-17,4576,80.00,0.13,108,250.00,2.82,109/2
2020-08-18,4576,79.70,0.13,108,249.06,2.81,109/2
2020-08-19,4576,79.00,0.13,108,246.88,2.78,109/2
2020-08-20,4576,77.00,0.13,108,240.63,2.71,109/2
2020-08-21,4576,78.00,0.13,108,243.75,2.75,109/2
2020-08-24,4576,77.50,0.13,108,242.19,2.73,109/2
2020-08-25,4576,78.40,0.13,108,245.00,2.76,109/2
2020-08-26,4576,79.30,0.13,108,247.81,2.79,109/2
2020-08-27,4576,78.40,0.13,108,245.00,2.76,109/2
2020-08-28,4576,78.40,0.13,108,245.00,2.76,109/2
2020-08-31,4576,78.00,0.13,108,243.75,2.75,109/2
2020-09-01,4576,77.50,0.13,108,242.19,2.73,109/2
2020-09-02,4576,77.80,0.13,108,243.13,2.74,109/2
2020-09-03,4576,77.30,0.13,108,241.56,2.72,109/2
2020-09-04,4576,77.30,0.13,108,241.56,2.72,109/2
2020-09-07,4576,77.40,0.13,108,241.88,2.73,109/2
2020-09-08,4576,77.70,0.13,108,242.81,2.74,109/2
2020-09-09,4576,78.00,0.13,108,243.75,2.75,109/2
2020-09-10,4576,77.70,0.13,108,242.81,2.74,109/2
2020-09-11,4576,77.00,0.13,108,240.63,2.71,109/2
2020-09-14,4576,77.00,0.13,108,240.63,2.71,109/2
2020-09-15,4576,77.50,0.13,108,242.19,2.73,109/2
2020-09-16,4576,77.60,0.13,108,242.50,2.73,109/2
2020-09-17,4576,77.50,0.13,108,242.19,2.73,109/2
2020-09-18,4576,77.50,0.13,108,242.19,2.73,109/2
2020-09-21,4576,76.60,0.13,108,239.38,2.70,109/2
2020-09-22,4576,75.60,0.13,108,236.25,2.66,109/2
2020-09-23,4576,75.30,0.13,108,235.31,2.65,109/2
2020-09-24,4576,72.90,0.14,108,227.81,2.57,109/2
2020-09-25,4576,71.70,0.14,108,224.06,2.53,109/2
2020-09-28,4576,72.00,0.14,108,225.00,2.54,109/2
2020-09-29,4576,71.80,0.14,108,224.38,2.53,109/2
2020-09-30,4576,72.30,0.14,108,225.94,2.55,109/2
2020-10-05,4576,71.90,0.14,108,224.69,2.53,109/2
2020-10-06,4576,72.40,0.14,108,226.25,2.55,109/2
2020-10-07,4576,72.40,0.14,108,226.25,2.55,109/2
2020-10-08,4576,73.00,0.14,108,228.13,2.57,109/2
2020-10-12,4576,72.30,0.14,108,225.94,2.55,109/2
2020-10-13,4576,72.10,0.14,108,225.31,2.54,109/2
2020-10-14,4576,71.60,0.14,108,223.75,2.52,109/2
2020-10-15,4576,74.80,0.13,108,233.75,2.63,109/2
2020-10-16,4576,75.00,0.13,108,234.38,2.64,109/2
2020-10-19,4576,77.80,0.13,108,243.13,2.74,109/2
2020-10-20,4576,79.10,0.13,108,247.19,2.79,109/2
2020-10-21,4576,78.30,0.13,108,244.69,2.76,109/2
2020-10-22,4576,78.50,0.13,108,245.31,2.77,109/2
2020-10-23,4576,78.20,0.13,108,244.38,2.75,109/2
2020-10-26,4576,76.70,0.13,108,239.69,2.70,109/2
2020-10-27,4576,76.10,0.13,108,237.81,2.68,109/2
2020-10-28,4576,75.30,0.13,108,235.31,2.65,109/2
2020-10-29,4576,74.50,0.13,108,232.81,2.62,109/2
2020-10-30,4576,73.80,0.14,108,230.63,2.60,109/2
2020-11-02,4576,74.00,0.14,108,231.25,2.61,109/2
2020-11-03,4576,75.00,0.13,108,234.38,2.64,109/2
2020-11-04,4576,74.80,0.13,108,233.75,2.63,109/2
2020-11-05,4576,75.10,0.13,108,234.69,2.65,109/2
2020-11-06,4576,74.70,0.13,108,233.44,2.63,109/2
2020-11-09,4576,74.50,0.13,108,232.81,2.62,109/2
2020-11-10,4576,75.10,0.13,108,108.84,2.63,109/3
2020-11-11,4576,77.50,0.13,108,112.32,2.72,109/3
2020-11-12,4576,76.50,0.13,108,110.87,2.68,109/3
2020-11-13,4576,75.90,0.13,108,110.00,2.66,109/3
2020-11-16,4576,76.30,0.13,108,110.58,2.68,109/3
2020-11-17,4576,76.20,0.13,108,110.43,2.67,109/3
2020-11-18,4576,76.10,0.13,108,110.29,2.67,109/3
2020-11-19,4576,76.20,0.13,108,110.43,2.67,109/3
2020-11-20,4576,76.00,0.13,108,110.14,2.66,109/3
2020-11-23,4576,77.50,0.13,108,112.32,2.72,109/3
2020-11-24,4576,78.50,0.13,108,113.77,2.75,109/3
2020-11-25,4576,77.10,0.13,108,111.74,2.70,109/3
2020-11-26,4576,78.20,0.13,108,113.33,2.74,109/3
2020-11-27,4576,78.30,0.13,108,113.48,2.75,109/3
2020-11-30,4576,80.90,0.12,108,117.25,2.84,109/3
2020-12-01,4576,80.20,0.12,108,116.23,2.81,109/3
2020-12-02,4576,81.10,0.12,108,117.54,2.84,109/3
2020-12-03,4576,82.10,0.12,108,118.99,2.88,109/3
2020-12-04,4576,80.80,0.12,108,117.10,2.83,109/3
2020-12-07,4576,79.10,0.13,108,114.64,2.77,109/3
2020-12-08,4576,79.10,0.13,108,114.64,2.77,109/3
2020-12-09,4576,79.80,0.13,108,115.65,2.80,109/3
2020-12-10,4576,81.40,0.12,108,117.97,2.85,109/3
2020-12-11,4576,86.00,0.12,108,124.64,3.02,109/3
2020-12-14,4576,86.60,0.12,108,125.51,3.04,109/3
2020-12-15,4576,85.00,0.12,108,123.19,2.98,109/3
2020-12-16,4576,93.50,0.11,108,135.51,3.28,109/3
2020-12-17,4576,97.60,0.10,108,141.45,3.42,109/3
2020-12-18,4576,98.00,0.10,108,142.03,3.44,109/3
2020-12-21,4576,96.50,0.10,108,139.86,3.38,109/3
2020-12-22,4576,90.60,0.11,108,131.30,3.18,109/3
2020-12-23,4576,91.10,0.11,108,132.03,3.19,109/3
2020-12-24,4576,92.40,0.11,108,133.91,3.24,109/3
2020-12-25,4576,92.10,0.11,108,133.48,3.23,109/3
2020-12-28,4576,89.80,0.11,108,130.14,3.15,109/3
2020-12-29,4576,89.80,0.11,108,130.14,3.15,109/3
2020-12-30,4576,89.00,0.11,108,128.99,3.12,109/3
2020-12-31,4576,91.20,0.11,108,132.17,3.20,109/3
2021-01-04,4576,90.60,0.11,108,131.30,3.18,109/3
2021-01-05,4576,93.00,0.11,108,134.78,3.26,109/3
2021-01-06,4576,89.70,0.11,108,130.00,3.15,109/3
2021-01-07,4576,94.50,0.11,108,136.96,3.31,109/3
2021-01-08,4576,93.00,0.11,108,134.78,3.26,109/3
2021-01-11,4576,94.00,0.11,108,136.23,3.30,109/3
2021-01-12,4576,91.90,0.11,108,133.19,3.22,109/3
2021-01-13,4576,92.50,0.11,108,134.06,3.24,109/3
2021-01-14,4576,95.00,0.11,108,137.68,3.33,109/3
2021-01-15,4576,92.00,0.11,108,133.33,3.23,109/3
2021-01-18,4576,90.90,0.11,108,131.74,3.19,109/3
2021-01-19,4576,93.00,0.11,108,134.78,3.26,109/3
2021-01-20,4576,89.90,0.11,108,130.29,3.15,109/3
2021-01-21,4576,98.80,0.10,108,143.19,3.46,109/3
2021-01-22,4576,108.50,0.09,108,157.25,3.80,109/3
2021-01-25,4576,115.50,0.09,108,167.39,4.05,109/3
2021-01-26,4576,127.00,0.08,108,184.06,4.45,109/3
2021-01-27,4576,135.00,0.07,108,195.65,4.73,109/3
2021-01-28,4576,126.00,0.08,108,182.61,4.42,109/3
2021-01-29,4576,121.00,0.08,108,175.36,4.24,109/3
2021-02-01,4576,121.00,0.08,108,175.36,4.24,109/3
2021-02-02,4576,126.50,0.08,108,183.33,4.44,109/3
2021-02-03,4576,124.00,0.08,108,179.71,4.35,109/3
2021-02-04,4576,131.00,0.08,108,189.86,4.59,109/3
2021-02-05,4576,134.00,0.07,108,194.20,4.70,109/3
2021-02-17,4576,145.50,0.07,108,210.87,5.10,109/3
2021-02-18,4576,152.50,0.07,108,221.01,5.35,109/3
2021-02-19,4576,162.00,0.06,108,234.78,5.68,109/3
2021-02-22,4576,178.00,0.06,108,257.97,6.24,109/3
2021-02-23,4576,167.00,0.06,108,242.03,5.86,109/3
2021-02-24,4576,159.00,0.06,108,230.43,5.58,109/3
2021-02-25,4576,162.50,0.06,108,235.51,5.70,109/3
2021-02-26,4576,155.50,0.06,108,225.36,5.45,109/3
2021-03-02,4576,152.50,0.07,108,221.01,5.35,109/3
2021-03-03,4576,167.50,0.06,108,242.75,5.87,109/3
2021-03-04,4576,162.50,0.06,108,235.51,5.70,109/3
2021-03-05,4576,168.00,0.06,108,243.48,5.89,109/3
2021-03-08,4576,160.00,0.06,108,231.88,5.61,109/3
2021-03-09,4576,156.50,0.06,108,226.81,5.49,109/3
2021-03-10,4576,156.50,0.06,108,226.81,5.49,109/3
2021-03-11,4576,161.50,0.06,108,234.06,5.66,109/3
2021-03-12,4576,159.00,0.06,108,230.43,5.58,109/3
2021-03-15,4576,159.00,0.06,108,230.43,5.58,109/3
2021-03-16,4576,166.50,0.06,108,241.30,5.84,109/3
2021-03-17,4576,164.50,0.06,108,238.41,5.77,109/3
2021-03-18,4576,164.00,0.06,108,237.68,5.75,109/3
2021-03-19,4576,167.00,0.06,108,242.03,5.86,109/3
2021-03-22,4576,166.00,0.06,108,240.58,5.82,109/3
2021-03-23,4576,160.00,0.06,108,140.35,5.52,109/4
2021-03-24,4576,157.00,0.06,108,137.72,5.41,109/4
2021-03-25,4576,157.50,0.25,109,138.16,5.43,109/4
2021-03-26,4576,164.00,0.24,109,143.86,5.65,109/4
2021-03-29,4576,162.00,0.25,109,142.11,5.58,109/4
2021-03-30,4576,159.50,0.25,109,139.91,5.50,109/4
2021-03-31,4576,158.00,0.25,109,138.60,5.45,109/4
2021-04-01,4576,158.00,0.25,109,138.60,5.45,109/4
2021-04-06,4576,163.00,0.25,109,142.98,5.62,109/4
2021-04-07,4576,160.50,0.25,109,140.79,5.53,109/4
2021-04-08,4576,159.50,0.25,109,139.91,5.50,109/4
2021-04-09,4576,161.00,0.25,109,141.23,5.55,109/4
2021-04-12,4576,160.50,0.25,109,140.79,5.53,109/4
2021-04-13,4576,158.00,0.25,109,138.60,5.45,109/4
2021-04-14,4576,153.50,0.26,109,134.65,5.29,109/4
2021-04-15,4576,154.50,0.26,109,135.53,5.33,109/4
2021-04-16,4576,155.50,0.26,109,136.40,5.36,109/4
2021-04-19,4576,148.50,0.27,109,130.26,5.12,109/4
2021-04-20,4576,148.50,0.27,109,130.26,5.12,109/4
2021-04-21,4576,143.00,0.28,109,125.44,4.93,109/4
2021-04-22,4576,135.50,0.30,109,118.86,4.67,109/4
2021-04-23,4576,144.00,0.28,109,126.32,4.96,109/4
2021-04-26,4576,140.50,0.28,109,123.25,4.84,109/4
2021-04-27,4576,140.00,0.29,109,122.81,4.83,109/4
2021-04-28,4576,141.50,0.28,109,124.12,4.88,109/4
2021-04-29,4576,141.50,0.28,109,124.12,4.88,109/4
2021-05-03,4576,133.00,0.30,109,116.67,4.58,109/4
2021-05-04,4576,129.00,0.31,109,113.16,4.45,109/4
2021-05-05,4576,125.00,0.32,109,109.65,4.31,109/4
2021-05-06,4576,131.00,0.31,109,114.91,4.52,109/4
2021-05-07,4576,135.50,0.30,109,118.86,4.67,109/4
2021-05-10,4576,128.00,0.31,109,112.28,4.41,109/4
2021-05-11,4576,120.00,0.33,109,105.26,4.14,109/4
2021-05-12,4576,115.00,0.35,109,75.66,3.94,110/1
2021-05-13,4576,119.00,0.34,109,78.29,4.08,110/1
2021-05-14,4576,118.00,0.34,109,77.63,4.05,110/1
2021-05-17,4576,106.50,0.38,109,70.07,3.65,110/1
2021-05-18,4576,117.00,0.34,109,76.97,4.01,110/1
2021-05-19,4576,118.00,0.34,109,77.63,4.05,110/1
2021-05-20,4576,115.00,0.35,109,75.66,3.94,110/1
2021-05-21,4576,122.00,0.33,109,80.26,4.18,110/1
2021-05-24,4576,125.00,0.32,109,82.24,4.29,110/1
2021-05-25,4576,124.00,0.32,109,81.58,4.25,110/1
2021-05-26,4576,126.00,0.32,109,82.89,4.32,110/1
2021-05-27,4576,127.00,0.31,109,83.55,4.36,110/1
2021-05-28,4576,128.00,0.31,109,84.21,4.39,110/1
2021-05-31,4576,126.50,0.32,109,83.22,4.34,110/1
2021-06-01,4576,129.00,0.31,109,84.87,4.42,110/1
2021-06-02,4576,123.50,0.32,109,81.25,4.24,110/1
2021-06-03,4576,124.50,0.32,109,81.91,4.27,110/1
2021-06-04,4576,121.50,0.33,109,79.93,4.17,110/1
2021-06-07,4576,118.50,0.34,109,77.96,4.06,110/1
2021-06-08,4576,121.00,0.33,109,79.61,4.15,110/1
2021-06-09,4576,119.50,0.33,109,78.62,4.10,110/1
2021-06-10,4576,121.00,0.33,109,79.61,4.15,110/1
2021-06-11,4576,118.50,0.34,109,77.96,4.06,110/1
2021-06-15,4576,119.50,0.33,109,78.62,4.10,110/1
2021-06-16,4576,118.00,0.34,109,77.63,4.05,110/1
2021-06-17,4576,118.50,0.34,109,77.96,4.06,110/1
2021-06-18,4576,117.50,0.34,109,77.30,4.03,110/1
2021-06-21,4576,113.00,0.35,109,74.34,3.88,110/1
2021-06-22,4576,112.50,0.36,109,74.01,3.86,110/1
2021-06-23,4576,123.50,0.32,109,81.25,4.24,110/1
2021-06-24,4576,135.50,0.30,109,89.14,4.65,110/1
2021-06-25,4576,131.50,0.30,109,86.51,4.51,110/1
2021-06-28,4576,126.50,0.32,109,83.22,4.34,110/1
2021-06-29,4576,123.50,0.32,109,81.25,4.24,110/1
2021-06-30,4576,124.00,0.32,109,81.58,4.25,110/1
2021-07-01,4576,120.50,0.33,109,79.28,4.13,110/1
2021-07-02,4576,122.50,0.33,109,80.59,4.20,110/1
2021-07-05,4576,123.00,0.33,109,80.92,4.22,110/1
2021-07-06,4576,121.00,0.33,109,79.61,4.15,110/1
2021-07-07,4576,121.50,0.33,109,79.93,4.17,110/1
2021-07-08,4576,122.00,0.33,109,80.26,4.18,110/1
2021-07-09,4576,122.00,0.33,109,80.26,4.18,110/1
2021-07-12,4576,127.50,0.31,109,83.88,4.37,110/1
2021-07-13,4576,123.00,0.33,109,80.92,4.22,110/1
2021-07-14,4576,123.50,0.32,109,81.25,4.24,110/1
2021-07-15,4576,124.00,0.32,109,81.58,4.25,110/1
2021-07-16,4576,125.00,0.32,109,82.24,4.29,110/1
2021-07-19,4576,122.00,0.33,109,80.26,4.18,110/1
2021-07-20,4576,119.50,0.33,109,78.62,4.10,110/1
2021-07-21,4576,117.50,0.34,109,77.30,4.03,110/1
2021-07-22,4576,118.50,0.34,109,77.96,4.06,110/1
2021-07-23,4576,125.00,0.32,109,82.24,4.29,110/1
2021-07-26,4576,125.50,0.32,109,82.57,4.30,110/1
2021-07-27,4576,120.50,0.33,109,79.28,4.13,110/1
2021-07-28,4576,116.50,0.34,109,76.64,4.00,110/1
2021-07-29,4576,118.50,0.34,109,77.96,4.06,110/1
2021-07-30,4576,116.50,0.34,109,76.64,4.00,110/1
2021-08-02,4576,118.50,0.34,109,77.96,4.06,110/1
2021-08-03,4576,119.00,0.34,109,78.29,4.08,110/1
2021-08-04,4576,120.50,0.33,109,79.28,4.13,110/1
2021-08-05,4576,118.00,0.34,109,64.84,3.97,110/2
2021-08-06,4576,118.00,0.34,109,64.84,3.97,110/2
2021-08-09,4576,115.00,0.35,109,63.19,3.87,110/2
2021-08-10,4576,114.00,0.35,109,62.64,3.83,110/2
2021-08-11,4576,110.00,0.36,109,60.44,3.70,110/2
2021-08-12,4576,111.00,0.36,109,60.99,3.73,110/2
2021-08-13,4576,107.50,0.37,109,59.07,3.62,110/2
2021-08-16,4576,102.50,0.39,109,56.32,3.45,110/2
2021-08-17,4576,103.50,0.39,109,56.87,3.48,110/2
2021-08-18,4576,105.00,0.38,109,57.69,3.53,110/2
2021-08-19,4576,99.00,0.40,109,54.40,3.33,110/2
2021-08-20,4576,99.90,0.40,109,54.89,3.36,110/2
2021-08-23,4576,104.00,0.38,109,57.14,3.50,110/2
2021-08-24,4576,104.00,0.38,109,57.14,3.50,110/2
2021-08-25,4576,105.00,0.38,109,57.69,3.53,110/2
2021-08-26,4576,104.00,0.38,109,57.14,3.50,110/2
2021-08-27,4576,107.50,0.37,109,59.07,3.62,110/2
2021-08-30,4576,105.00,0.38,109,57.69,3.53,110/2
2021-08-31,4576,105.50,0.38,109,57.97,3.55,110/2
2021-09-01,4576,106.50,0.38,109,58.52,3.58,110/2
2021-09-02,4576,103.00,0.39,109,56.59,3.46,110/2
2021-09-03,4576,104.50,0.38,109,57.42,3.51,110/2
2021-09-06,4576,102.00,0.39,109,56.04,3.43,110/2
2021-09-07,4576,101.00,0.40,109,55.49,3.40,110/2
2021-09-08,4576,101.00,0.40,109,55.49,3.40,110/2
2021-09-09,4576,101.00,0.40,109,55.49,3.40,110/2
2021-09-10,4576,101.00,0.40,109,55.49,3.40,110/2
2021-09-13,4576,100.00,0.40,109,54.95,3.36,110/2
2021-09-14,4576,99.80,0.40,109,54.84,3.36,110/2
2021-09-15,4576,98.40,0.41,109,54.07,3.31,110/2
2021-09-16,4576,98.80,0.40,109,54.29,3.32,110/2
2021-09-17,4576,100.00,0.40,109,54.95,3.36,110/2
2021-09-22,4576,98.60,0.41,109,54.18,3.32,110/2
2021-09-23,4576,99.60,0.40,109,54.73,3.35,110/2
2021-09-24,4576,101.50,0.39,109,55.77,3.41,110/2
2021-09-27,4576,101.50,0.39,109,55.77,3.41,110/2
2021-09-28,4576,99.20,0.40,109,54.51,3.34,110/2
2021-09-29,4576,99.90,0.40,109,54.89,3.36,110/2
2021-09-30,4576,99.90,0.40,109,54.89,3.36,110/2
2021-10-01,4576,95.70,0.42,109,52.58,3.22,110/2
2021-10-04,4576,91.00,0.44,109,50.00,3.06,110/2
2021-10-05,4576,91.90,0.44,109,50.49,3.09,110/2
2021-10-06,4576,91.10,0.44,109,50.05,3.06,110/2
2021-10-07,4576,97.40,0.41,109,53.52,3.28,110/2
2021-10-08,4576,96.40,0.41,109,52.97,3.24,110/2
2021-10-12,4576,98.90,0.40,109,54.34,3.33,110/2
2021-10-13,4576,95.70,0.42,109,52.58,3.22,110/2
2021-10-14,4576,95.70,0.42,109,52.58,3.22,110/2
2021-10-15,4576,96.80,0.41,109,53.19,3.26,110/2
2021-10-18,4576,97.80,0.41,109,53.74,3.29,110/2
2021-10-19,4576,99.90,0.40,109,54.89,3.36,110/2
2021-10-20,4576,101.50,0.39,109,55.77,3.41,110/2
2021-10-21,4576,102.00,0.39,109,56.04,3.43,110/2
2021-10-22,4576,101.50,0.39,109,55.77,3.41,110/2
2021-10-25,4576,101.50,0.39,109,55.77,3.41,110/2
2021-10-26,4576,104.50,0.38,109,57.42,3.51,110/2
2021-10-27,4576,105.50,0.38,109,57.97,3.55,110/2
2021-10-28,4576,105.50,0.38,109,57.97,3.55,110/2
2021-10-29,4576,104.50,0.38,109,57.42,3.51,110/2
2021-11-01,4576,114.50,0.35,109,62.91,3.85,110/2
2021-11-02,4576,112.00,0.36,109,61.54,3.77,110/2
2021-11-03,4576,112.50,0.36,109,61.81,3.78,110/2
2021-11-04,4576,112.00,0.36,109,61.54,3.77,110/2
2021-11-05,4576,110.00,0.36,109,47.62,3.60,110/3
2021-11-08,4576,107.50,0.37,109,46.54,3.52,110/3
2021-11-09,4576,107.00,0.37,109,46.32,3.50,110/3
2021-11-10,4576,107.50,0.37,109,46.54,3.52,110/3
2021-11-11,4576,105.00,0.38,109,45.45,3.44,110/3
2021-11-12,4576,106.00,0.38,109,45.89,3.47,110/3
2021-11-15,4576,108.50,0.37,109,46.97,3.55,110/3
2021-11-16,4576,110.50,0.36,109,47.84,3.62,110/3
2021-11-17,4576,108.00,0.37,109,46.75,3.53,110/3
2021-11-18,4576,108.00,0.37,109,46.75,3.53,110/3
2021-11-19,4576,107.00,0.37,109,46.32,3.50,110/3
2021-11-22,4576,110.50,0.36,109,47.84,3.62,110/3
2021-11-23,4576,109.00,0.37,109,47.19,3.57,110/3
2021-11-24,4576,108.50,0.37,109,46.97,3.55,110/3
2021-11-25,4576,107.00,0.37,109,46.32,3.50,110/3
2021-11-26,4576,103.00,0.39,109,44.59,3.37,110/3
2021-11-29,4576,102.00,0.39,109,44.16,3.34,110/3
2021-11-30,4576,104.00,0.38,109,45.02,3.40,110/3
2021-12-01,4576,102.50,0.39,109,44.37,3.35,110/3
2021-12-02,4576,102.00,0.39,109,44.16,3.34,110/3
2021-12-03,4576,105.50,0.38,109,45.67,3.45,110/3
2021-12-06,4576,107.00,0.37,109,46.32,3.50,110/3
2021-12-07,4576,105.50,0.38,109,45.67,3.45,110/3
2021-12-08,4576,107.00,0.37,109,46.32,3.50,110/3
2021-12-09,4576,106.00,0.38,109,45.89,3.47,110/3
2021-12-10,4576,109.50,0.37,109,47.40,3.58,110/3
2021-12-13,4576,110.50,0.36,109,47.84,3.62,110/3
2021-12-14,4576,108.00,0.37,109,46.75,3.53,110/3
2021-12-15,4576,108.50,0.37,109,46.97,3.55,110/3
2021-12-16,4576,108.50,0.37,109,46.97,3.55,110/3
2021-12-17,4576,108.50,0.37,109,46.97,3.55,110/3
2021-12-20,4576,108.00,0.37,109,46.75,3.53,110/3
2021-12-21,4576,108.50,0.37,109,46.97,3.55,110/3
2021-12-22,4576,109.50,0.37,109,47.40,3.58,110/3
2021-12-23,4576,111.00,0.36,109,48.05,3.63,110/3
2021-12-24,4576,111.00,0.36,109,48.05,3.63,110/3
2021-12-27,4576,111.50,0.36,109,48.27,3.65,110/3
2021-12-28,4576,113.00,0.35,109,48.92,3.70,110/3
2021-12-29,4576,113.50,0.35,109,49.13,3.71,110/3
2021-12-30,4576,113.00,0.35,109,48.92,3.70,110/3
2022-01-03,4576,117.50,0.34,109,50.87,3.84,110/3
2022-01-04,4576,116.50,0.34,109,50.43,3.81,110/3
2022-01-05,4576,114.00,0.35,109,49.35,3.73,110/3
2022-01-06,4576,114.00,0.35,109,49.35,3.73,110/3
2022-01-07,4576,109.50,0.37,109,47.40,3.58,110/3
2022-01-10,4576,108.50,0.37,109,46.97,3.55,110/3
2022-01-11,4576,105.50,0.38,109,45.67,3.45,110/3
2022-01-12,4576,103.00,0.39,109,44.59,3.37,110/3
2022-01-13,4576,103.50,0.39,109,44.81,3.39,110/3
2022-01-14,4576,101.50,0.39,109,43.94,3.32,110/3
2022-01-17,4576,103.50,0.39,109,44.81,3.39,110/3
2022-01-18,4576,105.50,0.38,109,45.67,3.45,110/3
2022-01-19,4576,104.00,0.38,109,45.02,3.40,110/3
2022-01-20,4576,105.00,0.38,109,45.45,3.44,110/3
2022-01-21,4576,102.50,0.39,109,44.37,3.35,110/3
2022-01-24,4576,100.50,0.40,109,43.51,3.29,110/3
2022-01-25,4576,99.10,0.40,109,42.90,3.24,110/3
2022-01-26,4576,100.00,0.40,109,43.29,3.27,110/3
2022-02-07,4576,103.00,0.39,109,44.59,3.37,110/3
2022-02-08,4576,104.50,0.38,109,45.24,3.42,110/3
2022-02-09,4576,104.50,0.38,109,45.24,3.42,110/3
2022-02-10,4576,105.50,0.38,109,45.67,3.45,110/3
2022-02-11,4576,106.50,0.38,109,46.10,3.48,110/3
2022-02-14,4576,104.50,0.38,109,45.24,3.42,110/3
2022-02-15,4576,105.00,0.38,109,45.45,3.44,110/3
2022-02-16,4576,105.50,0.38,109,45.67,3.45,110/3
2022-02-17,4576,106.00,0.38,109,45.89,3.47,110/3
2022-02-18,4576,111.50,0.36,109,48.27,3.65,110/3
2022-02-21,4576,112.00,0.36,109,48.48,3.66,110/3
2022-02-22,4576,109.00,0.37,109,47.19,3.57,110/3
2022-02-23,4576,114.00,0.35,109,49.35,3.73,110/3
2022-02-24,4576,114.50,0.35,109,49.57,3.75,110/3
2022-02-25,4576,114.00,0.35,109,45.97,3.69,110/4
2022-03-01,4576,114.50,0.35,109,46.17,3.70,110/4
2022-03-02,4576,117.50,0.34,109,47.38,3.80,110/4
2022-03-03,4576,116.00,0.34,109,46.77,3.75,110/4
2022-03-04,4576,113.00,0.35,109,45.56,3.65,110/4
2022-03-07,4576,106.50,0.38,109,42.94,3.44,110/4
2022-03-08,4576,103.00,0.39,109,41.53,3.33,110/4
2022-03-09,4576,104.50,0.38,109,42.14,3.38,110/4
2022-03-10,4576,106.00,0.38,109,42.74,3.43,110/4
2022-03-11,4576,107.50,0.37,109,43.35,3.48,110/4
2022-03-14,4576,107.50,0.37,109,43.35,3.48,110/4
2022-03-15,4576,102.00,0.39,109,41.13,3.30,110/4
2022-03-16,4576,103.50,0.39,109,41.73,3.35,110/4
2022-03-17,4576,106.00,0.38,109,42.74,3.43,110/4
2022-03-18,4576,106.50,0.38,109,42.94,3.44,110/4
2022-03-21,4576,107.00,0.37,109,43.15,3.46,110/4
2022-03-22,4576,107.00,0.37,109,43.15,3.46,110/4
2022-03-23,4576,107.50,0.37,109,43.35,3.48,110/4
2022-03-24,4576,104.50,0.38,109,42.14,3.38,110/4
2022-03-25,4576,103.50,0.39,109,41.73,3.35,110/4
2022-03-28,4576,103.00,0.39,109,41.53,3.33,110/4
2022-03-29,4576,103.50,0.97,110,41.73,3.35,110/4
2022-03-30,4576,106.00,0.94,110,42.74,3.43,110/4
2022-03-31,4576,106.50,0.94,110,42.94,3.44,110/4
2022-04-01,4576,106.00,0.94,110,42.74,3.43,110/4
2022-04-06,4576,105.50,0.95,110,42.54,3.41,110/4
2022-04-07,4576,104.00,0.96,110,41.94,3.36,110/4
2022-04-08,4576,105.50,0.95,110,42.54,3.41,110/4
2022-04-11,4576,104.50,0.96,110,42.14,3.38,110/4
2022-04-12,4576,105.00,0.95,110,42.34,3.40,110/4
2022-04-13,4576,104.50,0.96,110,42.14,3.38,110/4
2022-04-14,4576,107.00,0.93,110,43.15,3.46,110/4
2022-04-15,4576,105.50,0.95,110,42.54,3.41,110/4
2022-04-18,4576,104.50,0.96,110,42.14,3.38,110/4
2022-04-19,4576,104.50,0.96,110,42.14,3.38,110/4
2022-04-20,4576,104.00,0.96,110,41.94,3.36,110/4
2022-04-21,4576,104.00,0.96,110,41.94,3.36,110/4
2022-04-22,4576,102.50,0.98,110,41.33,3.32,110/4
2022-04-25,4576,99.50,1.01,110,40.12,3.22,110/4
2022-04-26,4576,99.40,1.01,110,40.08,3.21,110/4
2022-04-27,4576,94.90,1.05,110,38.27,3.07,110/4
2022-04-28,4576,96.00,1.04,110,38.71,3.10,110/4
2022-04-29,4576,97.10,1.03,110,39.15,3.14,110/4
2022-05-03,4576,97.20,1.03,110,39.19,3.14,110/4
2022-05-04,4576,96.90,1.03,110,39.07,3.13,110/4
2022-05-05,4576,99.20,1.01,110,40.00,3.21,110/4
2022-05-06,4576,99.20,1.01,110,40.00,3.21,110/4
2022-05-09,4576,97.40,1.03,110,39.27,3.15,110/4
2022-05-10,4576,96.80,1.03,110,32.37,3.13,111/1
2022-05-11,4576,96.40,1.04,110,32.24,3.12,111/1
2022-05-12,4576,91.80,1.09,110,30.70,2.97,111/1
2022-05-13,4576,93.20,1.07,110,31.17,3.01,111/1
2022-05-16,4576,95.20,1.05,110,31.84,3.08,111/1
2022-05-17,4576,96.40,1.04,110,32.24,3.12,111/1
2022-05-18,4576,96.40,1.04,110,32.24,3.12,111/1
2022-05-19,4576,94.20,1.06,110,31.51,3.05,111/1
2022-05-20,4576,95.70,1.04,110,32.01,3.09,111/1
2022-05-23,4576,94.80,1.05,110,31.71,3.06,111/1
2022-05-24,4576,93.70,1.07,110,31.34,3.03,111/1
2022-05-25,4576,94.10,1.06,110,31.47,3.04,111/1
2022-05-26,4576,96.60,1.04,110,32.31,3.12,111/1
2022-05-27,4576,99.00,1.01,110,33.11,3.20,111/1
2022-05-30,4576,100.50,1.00,110,33.61,3.25,111/1
2022-05-31,4576,100.50,1.00,110,33.61,3.25,111/1
2022-06-01,4576,106.00,0.94,110,35.45,3.43,111/1
2022-06-02,4576,106.00,0.94,110,35.45,3.43,111/1
2022-06-06,4576,107.00,0.93,110,35.79,3.46,111/1
2022-06-07,4576,107.50,0.93,110,35.95,3.48,111/1
2022-06-08,4576,106.50,0.94,110,35.62,3.44,111/1
2022-06-09,4576,104.50,0.96,110,34.95,3.38,111/1
2022-06-10,4576,104.50,0.96,110,34.95,3.38,111/1
2022-06-13,4576,101.00,0.99,110,33.78,3.27,111/1
2022-06-14,4576,100.00,1.00,110,33.44,3.23,111/1
2022-06-15,4576,102.00,0.98,110,34.11,3.30,111/1
2022-06-16,4576,98.20,1.02,110,32.84,3.17,111/1
2022-06-17,4576,96.10,1.04,110,32.14,3.11,111/1
2022-06-20,4576,93.10,1.07,110,31.14,3.01,111/1
2022-06-21,4576,96.90,1.03,110,32.41,3.13,111/1
2022-06-22,4576,94.30,1.06,110,31.54,3.05,111/1
2022-06-23,4576,94.90,1.05,110,31.74,3.07,111/1
2022-06-24,4576,94.60,1.06,110,31.64,3.06,111/1
2022-06-27,4576,95.10,1.05,110,31.81,3.07,111/1
2022-06-28,4576,95.70,1.04,110,32.01,3.09,111/1
2022-06-29,4576,94.70,1.06,110,31.67,3.06,111/1
2022-06-30,4576,92.00,1.09,110,30.77,2.97,111/1
2022-07-01,4576,89.30,1.12,110,29.87,2.89,111/1
2022-07-04,4576,88.40,1.13,110,29.57,2.86,111/1
2022-07-05,4576,89.50,1.12,110,29.93,2.89,111/1
2022-07-06,4576,86.40,1.16,110,28.90,2.79,111/1
2022-07-07,4576,88.00,1.14,110,29.43,2.85,111/1
2022-07-08,4576,88.60,1.13,110,29.63,2.86,111/1
2022-07-11,4576,86.90,1.15,110,29.06,2.81,111/1
2022-07-12,4576,85.20,1.17,110,28.49,2.75,111/1
2022-07-13,4576,87.20,1.15,110,29.16,2.82,111/1
2022-07-14,4576,89.00,1.12,110,29.77,2.88,111/1
2022-07-15,4576,88.40,1.13,110,29.57,2.86,111/1
2022-07-18,4576,89.40,1.12,110,29.90,2.89,111/1
2022-07-19,4576,90.00,1.11,110,30.10,2.91,111/1
2022-07-20,4576,88.70,1.13,110,29.67,2.87,111/1
2022-07-21,4576,90.60,1.10,110,30.30,2.93,111/1
2022-07-22,4576,90.50,1.10,110,30.27,2.93,111/1
2022-07-25,4576,89.20,1.12,110,29.83,2.88,111/1
2022-07-26,4576,88.10,1.14,110,29.46,2.85,111/1
2022-07-27,4576,88.90,1.12,110,29.73,2.87,111/1
2022-07-28,4576,88.50,1.13,110,29.60,2.86,111/1
2022-07-29,4576,89.50,1.12,110,29.93,2.89,111/1
2022-08-01,4576,89.30,1.12,110,29.87,2.89,111/1
2022-08-02,4576,87.70,1.14,110,29.33,2.84,111/1
2022-08-03,4576,87.40,1.14,110,29.23,2.83,111/1
2022-08-04,4576,87.30,1.15,110,29.20,2.82,111/1
2022-08-05,4576,88.20,1.13,110,29.50,2.85,111/1
2022-08-08,4576,88.40,1.13,110,29.57,2.86,111/1
2022-08-09,4576,88.80,1.13,110,29.70,2.87,111/1
2022-08-10,4576,88.30,1.13,110,29.53,2.85,111/1
2022-08-11,4576,89.00,1.12,110,27.73,2.81,111/2
2022-08-12,4576,88.90,1.12,110,27.69,2.81,111/2
2022-08-15,4576,90.30,1.11,110,28.13,2.86,111/2
2022-08-16,4576,90.20,1.11,110,28.10,2.85,111/2
2022-08-17,4576,90.50,1.10,110,28.19,2.86,111/2
2022-08-18,4576,90.70,1.10,110,28.26,2.87,111/2
2022-08-19,4576,95.00,1.05,110,29.60,3.00,111/2
2022-08-22,4576,93.80,1.07,110,29.22,2.97,111/2
2022-08-23,4576,92.40,1.08,110,28.79,2.92,111/2
2022-08-24,4576,92.50,1.08,110,28.82,2.93,111/2
2022-08-25,4576,92.60,1.08,110,28.85,2.93,111/2
2022-08-26,4576,94.50,1.06,110,29.44,2.99,111/2
2022-08-29,4576,92.00,1.09,110,28.66,2.91,111/2
2022-08-30,4576,91.80,1.09,110,28.60,2.90,111/2
2022-08-31,4576,91.80,1.09,110,28.60,2.90,111/2
2022-09-01,4576,90.00,1.11,110,28.04,2.85,111/2
2022-09-02,4576,89.50,1.12,110,27.88,2.83,111/2
2022-09-05,4576,87.40,1.14,110,27.23,2.76,111/2
2022-09-06,4576,86.70,1.15,110,27.01,2.74,111/2
2022-09-07,4576,85.70,1.17,110,26.70,2.71,111/2
2022-09-08,4576,86.50,1.16,110,26.95,2.74,111/2
2022-09-12,4576,87.20,1.15,110,27.17,2.76,111/2
2022-09-13,4576,88.00,1.14,110,27.41,2.78,111/2
2022-09-14,4576,86.80,1.15,110,27.04,2.75,111/2
2022-09-15,4576,86.80,1.15,110,27.04,2.75,111/2
2022-09-16,4576,86.30,1.16,110,26.88,2.73,111/2
2022-09-19,4576,85.40,1.17,110,26.60,2.70,111/2
2022-09-20,4576,82.50,1.21,110,25.70,2.61,111/2
2022-09-21,4576,78.80,1.27,110,24.55,2.49,111/2
2022-09-22,4576,78.20,1.28,110,24.36,2.47,111/2
2022-09-23,4576,77.90,1.28,110,24.27,2.46,111/2
2022-09-26,4576,74.10,1.35,110,23.08,2.34,111/2
2022-09-27,4576,74.60,1.34,110,23.24,2.36,111/2
2022-09-28,4576,71.00,1.41,110,22.12,2.25,111/2
2022-09-29,4576,72.30,1.38,110,22.52,2.29,111/2
2022-09-30,4576,74.40,1.34,110,23.18,2.35,111/2
2022-10-03,4576,75.40,1.33,110,23.49,2.38,111/2
2022-10-04,4576,76.40,1.31,110,23.80,2.42,111/2
2022-10-05,4576,74.60,1.34,110,23.24,2.36,111/2
2022-10-06,4576,74.80,1.34,110,23.30,2.37,111/2
2022-10-07,4576,73.10,1.37,110,22.77,2.31,111/2
2022-10-11,4576,68.50,1.46,110,21.34,2.17,111/2
2022-10-12,4576,68.10,1.47,110,21.21,2.15,111/2
2022-10-13,4576,62.80,1.59,110,19.56,1.99,111/2
2022-10-14,4576,65.00,1.54,110,20.25,2.06,111/2
2022-10-17,4576,64.30,1.56,110,20.03,2.03,111/2
2022-10-18,4576,65.60,1.52,110,20.44,2.07,111/2
2022-10-19,4576,64.90,1.54,110,20.22,2.05,111/2
2022-10-20,4576,65.10,1.54,110,20.28,2.06,111/2
2022-10-21,4576,64.60,1.55,110,20.12,2.04,111/2
2022-10-24,4576,64.40,1.55,110,20.06,2.04,111/2
2022-10-25,4576,63.20,1.58,110,19.69,2.00,111/2
2022-10-26,4576,62.90,1.59,110,19.60,1.99,111/2
2022-10-27,4576,64.50,1.55,110,20.09,2.04,111/2
2022-10-28,4576,63.50,1.57,110,19.78,2.01,111/2
2022-10-31,4576,64.60,1.55,110,20.12,2.04,111/2
2022-11-01,4576,65.50,1.53,110,20.40,2.07,111/2
2022-11-02,4576,66.20,1.51,110,20.62,2.09,111/2
2022-11-03,4576,66.20,1.51,110,20.62,2.09,111/2
2022-11-04,4576,66.60,1.50,110,20.75,2.11,111/2
2022-11-07,4576,66.90,1.49,110,22.60,2.08,111/3
2022-11-08,4576,68.60,1.46,110,23.18,2.13,111/3
2022-11-09,4576,69.00,1.45,110,23.31,2.14,111/3
2022-11-10,4576,67.60,1.48,110,22.84,2.10,111/3
2022-11-11,4576,68.30,1.46,110,23.07,2.12,111/3
2022-11-14,4576,68.80,1.45,110,23.24,2.14,111/3
2022-11-15,4576,72.00,1.39,110,24.32,2.24,111/3
2022-11-16,4576,70.00,1.43,110,23.65,2.17,111/3
2022-11-17,4576,70.50,1.42,110,23.82,2.19,111/3
2022-11-18,4576,70.20,1.42,110,23.72,2.18,111/3
2022-11-21,4576,69.10,1.45,110,23.34,2.15,111/3
2022-11-22,4576,67.10,1.49,110,22.67,2.08,111/3
2022-11-23,4576,67.40,1.48,110,22.77,2.09,111/3
2022-11-24,4576,67.00,1.49,110,22.64,2.08,111/3
2022-11-25,4576,67.30,1.49,110,22.74,2.09,111/3
2022-11-28,4576,66.70,1.50,110,22.53,2.07,111/3
2022-11-29,4576,66.80,1.50,110,22.57,2.07,111/3
2022-11-30,4576,67.70,1.48,110,22.87,2.10,111/3
2022-12-01,4576,74.40,1.34,110,25.14,2.31,111/3
2022-12-02,4576,76.80,1.30,110,25.95,2.38,111/3
2022-12-05,4576,76.60,1.31,110,25.88,2.38,111/3
2022-12-06,4576,74.20,1.35,110,25.07,2.30,111/3
2022-12-07,4576,71.60,1.40,110,24.19,2.22,111/3
2022-12-08,4576,71.50,1.40,110,24.16,2.22,111/3
2022-12-09,4576,72.60,1.38,110,24.53,2.25,111/3
2022-12-12,4576,71.80,1.39,110,24.26,2.23,111/3
2022-12-13,4576,71.60,1.40,110,24.19,2.22,111/3
2022-12-14,4576,73.50,1.36,110,24.83,2.28,111/3
2022-12-15,4576,72.50,1.38,110,24.49,2.25,111/3
2022-12-16,4576,70.50,1.42,110,23.82,2.19,111/3
2022-12-19,4576,69.50,1.44,110,23.48,2.16,111/3
2022-12-20,4576,69.00,1.45,110,23.31,2.14,111/3
2022-12-21,4576,69.40,1.44,110,23.45,2.15,111/3
2022-12-22,4576,69.90,1.43,110,23.61,2.17,111/3
2022-12-23,4576,70.00,1.43,110,23.65,2.17,111/3
2022-12-26,4576,70.40,1.42,110,23.78,2.19,111/3
2022-12-27,4576,70.20,1.42,110,23.72,2.18,111/3
2022-12-28,4576,70.00,1.43,110,23.65,2.17,111/3
2022-12-29,4576,69.00,1.45,110,23.31,2.14,111/3
2022-12-30,4576,69.30,1.44,110,23.41,2.15,111/3
2023-01-03,4576,70.10,1.43,110,23.68,2.18,111/3
2023-01-04,4576,69.70,1.43,110,23.55,2.16,111/3
2023-01-05,4576,69.70,1.43,110,23.55,2.16,111/3
2023-01-06,4576,69.70,1.43,110,23.55,2.16,111/3
2023-01-09,4576,71.70,1.39,110,24.22,2.23,111/3
2023-01-10,4576,70.60,1.42,110,23.85,2.19,111/3
2023-01-11,4576,70.60,1.42,110,23.85,2.19,111/3
2023-01-12,4576,70.10,1.43,110,23.68,2.18,111/3
2023-01-13,4576,70.10,1.43,110,23.68,2.18,111/3
2023-01-16,4576,70.60,1.42,110,23.85,2.19,111/3
2023-01-17,4576,71.60,1.40,110,24.19,2.22,111/3
2023-01-30,4576,75.00,1.33,110,25.34,2.33,111/3
2023-01-31,4576,75.60,1.32,110,25.54,2.35,111/3
2023-02-01,4576,75.90,1.32,110,25.64,2.36,111/3
2023-02-02,4576,79.00,1.27,110,26.69,2.45,111/3
2023-02-03,4576,77.80,1.29,110,26.28,2.42,111/3
2023-02-06,4576,76.50,1.31,110,25.84,2.38,111/3
2023-02-07,4576,76.10,1.31,110,25.71,2.36,111/3
2023-02-08,4576,81.50,1.23,110,27.53,2.53,111/3
2023-02-09,4576,81.50,1.23,110,27.53,2.53,111/3
2023-02-10,4576,79.00,1.27,110,26.69,2.45,111/3
2023-02-13,4576,79.50,1.26,110,26.86,2.47,111/3
2023-02-14,4576,80.70,1.24,110,27.26,2.51,111/3
2023-02-15,4576,79.80,1.25,110,26.96,2.48,111/3
2023-02-16,4576,79.50,1.26,110,26.86,2.47,111/3
2023-02-17,4576,79.60,1.26,110,26.89,2.47,111/3
2023-02-20,4576,79.40,1.26,110,26.82,2.47,111/3
2023-02-21,4576,80.40,1.24,110,27.16,2.50,111/3
2023-02-22,4576,79.90,1.25,110,26.99,2.48,111/3
2023-02-23,4576,79.60,1.26,110,29.16,2.45,111/4
2023-02-24,4576,79.20,1.26,110,29.01,2.43,111/4
2023-03-01,4576,79.20,1.26,110,29.01,2.43,111/4
2023-03-02,4576,78.50,1.27,110,28.75,2.41,111/4
2023-03-03,4576,77.80,1.29,110,28.50,2.39,111/4
2023-03-06,4576,78.70,1.27,110,28.83,2.42,111/4
2023-03-07,4576,82.30,1.22,110,30.15,2.53,111/4
2023-03-08,4576,81.50,1.23,110,29.85,2.50,111/4
2023-03-09,4576,79.80,1.25,110,29.23,2.45,111/4
2023-03-10,4576,78.10,1.28,110,28.61,2.40,111/4
2023-03-13,4576,76.90,1.30,111,28.17,2.36,111/4
2023-03-14,4576,77.00,1.30,111,28.21,2.37,111/4
2023-03-15,4576,77.60,1.29,111,28.42,2.38,111/4
2023-03-16,4576,76.20,1.31,111,27.91,2.34,111/4
2023-03-17,4576,77.30,1.29,111,28.32,2.37,111/4
2023-03-20,4576,76.70,1.30,111,28.10,2.36,111/4
2023-03-21,4576,76.20,1.31,111,27.91,2.34,111/4
2023-03-22,4576,77.20,1.30,111,28.28,2.37,111/4
2023-03-23,4576,76.80,1.30,111,28.13,2.36,111/4
2023-03-24,4576,77.10,1.30,111,28.24,2.37,111/4
2023-03-27,4576,77.40,1.29,111,28.35,2.38,111/4
2023-03-28,4576,76.90,1.30,111,28.17,2.36,111/4
2023-03-29,4576,76.40,1.31,111,27.99,2.35,111/4
2023-03-30,4576,76.80,1.30,111,28.13,2.36,111/4
2023-03-31,4576,77.80,1.29,111,28.50,2.39,111/4
2023-04-06,4576,78.00,1.28,111,28.57,2.40,111/4
2023-04-07,4576,78.70,1.27,111,28.83,2.42,111/4
2023-04-10,4576,79.20,1.26,111,29.01,2.43,111/4
2023-04-11,4576,79.40,1.26,111,29.08,2.44,111/4
2023-04-12,4576,80.50,1.24,111,29.49,2.47,111/4
2023-04-13,4576,82.00,1.22,111,30.04,2.52,111/4
2023-04-14,4576,80.20,1.25,111,29.38,2.46,111/4
2023-04-17,4576,79.80,1.25,111,29.23,2.45,111/4
2023-04-18,4576,79.00,1.27,111,28.94,2.43,111/4
2023-04-19,4576,78.60,1.27,111,28.79,2.41,111/4
2023-04-20,4576,77.70,1.29,111,28.46,2.39,111/4
2023-04-21,4576,76.00,1.32,111,27.84,2.33,111/4
2023-04-24,4576,76.10,1.31,111,27.88,2.34,111/4
2023-04-25,4576,74.30,1.35,111,27.22,2.28,111/4
2023-04-26,4576,75.80,1.32,111,27.77,2.33,111/4
2023-04-27,4576,75.50,1.32,111,27.66,2.32,111/4
2023-04-28,4576,75.80,1.32,111,27.77,2.33,111/4
2023-05-02,4576,76.30,1.31,111,27.95,2.34,111/4
2023-05-03,4576,75.60,1.32,111,27.69,2.32,111/4
2023-05-04,4576,75.30,1.33,111,27.58,2.31,111/4
2023-05-05,4576,75.10,1.33,111,27.51,2.31,111/4
2023-05-08,4576,75.40,1.33,111,27.62,2.32,111/4
2023-05-09,4576,75.10,1.33,111,27.51,2.31,111/4
2023-05-10,4576,74.50,1.34,111,41.62,2.36,112/1
2023-05-11,4576,73.60,1.36,111,41.12,2.33,112/1
2023-05-12,4576,74.30,1.35,111,41.51,2.35,112/1
2023-05-15,4576,74.00,1.35,111,41.34,2.34,112/1
2023-05-16,4576,74.90,1.34,111,41.84,2.37,112/1
2023-05-17,4576,77.60,1.29,111,43.35,2.46,112/1
2023-05-18,4576,76.30,1.31,111,42.63,2.41,112/1
2023-05-19,4576,76.10,1.31,111,42.51,2.41,112/1
2023-05-22,4576,76.60,1.31,111,42.79,2.42,112/1
2023-05-23,4576,77.00,1.30,111,43.02,2.44,112/1
2023-05-24,4576,77.00,1.30,111,43.02,2.44,112/1
2023-05-25,4576,77.40,1.29,111,43.24,2.45,112/1
2023-05-26,4576,77.00,1.30,111,43.02,2.44,112/1
2023-05-29,4576,75.80,1.32,111,42.35,2.40,112/1
2023-05-30,4576,75.00,1.33,111,41.90,2.37,112/1
2023-05-31,4576,74.70,1.34,111,41.73,2.36,112/1
2023-06-01,4576,74.10,1.35,111,41.40,2.34,112/1
2023-06-02,4576,74.00,1.35,111,41.34,2.34,112/1
2023-06-05,4576,74.30,1.35,111,41.51,2.35,112/1
2023-06-06,4576,74.40,1.34,111,41.56,2.35,112/1
2023-06-07,4576,74.30,1.35,111,41.51,2.35,112/1
2023-06-08,4576,74.10,1.35,111,41.40,2.34,112/1
2023-06-09,4576,74.30,1.35,111,41.51,2.35,112/1
2023-06-12,4576,74.30,1.35,111,41.51,2.35,112/1
2023-06-13,4576,74.40,1.34,111,41.56,2.35,112/1
2023-06-14,4576,74.40,1.34,111,41.56,2.35,112/1
2023-06-15,4576,76.10,1.31,111,42.51,2.41,112/1
2023-06-16,4576,76.30,1.31,111,42.63,2.41,112/1
2023-06-19,4576,75.30,1.33,111,42.07,2.38,112/1
2023-06-20,4576,75.00,1.33,111,41.90,2.37,112/1
2023-06-21,4576,75.40,1.33,111,42.12,2.39,112/1
2023-06-26,4576,75.50,1.32,111,42.18,2.39,112/1
2023-06-27,4576,75.00,1.33,111,41.90,2.37,112/1
2023-06-28,4576,75.10,1.33,111,41.96,2.38,112/1
2023-06-29,4576,75.30,1.33,111,42.07,2.38,112/1
2023-06-30,4576,75.60,1.32,111,42.23,2.39,112/1
2023-07-03,4576,75.90,1.32,111,42.40,2.40,112/1
2023-07-04,4576,75.10,1.33,111,41.96,2.38,112/1
2023-07-05,4576,75.00,1.33,111,41.90,2.37,112/1
2023-07-06,4576,74.80,1.34,111,41.79,2.37,112/1
2023-07-07,4576,74.20,1.35,111,41.45,2.35,112/1
2023-07-10,4576,74.50,1.34,111,41.62,2.36,112/1
2023-07-11,4576,74.90,1.34,111,41.84,2.37,112/1
2023-07-12,4576,74.10,1.35,111,41.40,2.34,112/1
2023-07-13,4576,73.40,1.36,111,41.01,2.32,112/1
2023-07-14,4576,73.10,1.37,111,40.84,2.31,112/1
2023-07-17,4576,72.10,1.39,111,40.28,2.28,112/1
2023-07-18,4576,70.90,1.41,111,39.61,2.24,112/1
2023-07-19,4576,70.60,1.42,111,39.44,2.23,112/1
2023-07-20,4576,70.40,1.42,111,39.33,2.23,112/1
2023-07-21,4576,69.50,1.44,111,38.83,2.20,112/1
2023-07-24,4576,68.10,1.47,111,38.04,2.16,112/1
2023-07-25,4576,69.30,1.44,111,38.72,2.19,112/1
2023-07-26,4576,69.60,1.44,111,38.88,2.20,112/1
2023-07-27,4576,71.40,1.40,111,39.89,2.26,112/1
2023-07-28,4576,71.60,1.40,111,40.00,2.27,112/1
2023-07-31,4576,70.20,1.42,111,39.22,2.22,112/1
2023-08-01,4576,70.20,1.42,111,39.22,2.22,112/1
2023-08-02,4576,69.50,1.44,111,38.83,2.20,112/1
2023-08-04,4576,70.20,1.42,111,39.22,2.22,112/1
2023-08-07,4576,70.50,1.42,111,39.39,2.23,112/1
2023-08-08,4576,68.80,1.45,111,38.44,2.18,112/1
2023-08-09,4576,69.10,1.45,111,38.60,2.19,112/1
2023-08-10,4576,68.60,1.46,111,38.32,2.17,112/1
2023-08-11,4576,68.50,1.46,111,81.55,2.18,112/2
2023-08-14,4576,65.50,1.53,111,77.98,2.08,112/2
2023-08-15,4576,66.10,1.51,111,78.69,2.10,112/2
2023-08-16,4576,66.20,1.51,111,78.81,2.11,112/2
2023-08-17,4576,67.30,1.49,111,80.12,2.14,112/2
2023-08-18,4576,67.20,1.49,111,80.00,2.14,112/2
2023-08-21,4576,67.10,1.49,111,79.88,2.13,112/2
2023-08-22,4576,66.10,1.51,111,78.69,2.10,112/2
2023-08-23,4576,66.70,1.50,111,79.40,2.12,112/2
2023-08-24,4576,67.50,1.48,111,80.36,2.15,112/2
2023-08-25,4576,68.10,1.47,111,81.07,2.17,112/2
2023-08-28,4576,66.50,1.50,111,79.17,2.12,112/2
2023-08-29,4576,66.80,1.50,111,79.52,2.13,112/2
2023-08-30,4576,67.50,1.48,111,80.36,2.15,112/2
2023-08-31,4576,67.50,1.48,111,80.36,2.15,112/2
2023-09-01,4576,67.50,1.48,111,80.36,2.15,112/2
2023-09-04,4576,67.70,1.48,111,80.60,2.15,112/2
2023-09-05,4576,68.00,1.47,111,80.95,2.16,112/2
2023-09-06,4576,67.00,1.49,111,79.76,2.13,112/2
2023-09-07,4576,66.90,1.49,111,79.64,2.13,112/2
2023-09-08,4576,66.80,1.50,111,79.52,2.13,112/2
2023-09-11,4576,66.00,1.52,111,78.57,2.10,112/2
2023-09-12,4576,65.40,1.53,111,77.86,2.08,112/2
2023-09-13,4576,65.40,1.53,111,77.86,2.08,112/2
2023-09-14,4576,65.80,1.52,111,78.33,2.09,112/2
2023-09-15,4576,65.20,1.53,111,77.62,2.07,112/2
2023-09-18,4576,65.50,1.53,111,77.98,2.08,112/2
2023-09-19,4576,65.50,1.53,111,77.98,2.08,112/2
2023-09-20,4576,66.10,1.51,111,78.69,2.10,112/2
2023-09-21,4576,66.00,1.52,111,78.57,2.10,112/2
2023-09-22,4576,66.00,1.52,111,78.57,2.10,112/2
2023-09-25,4576,66.20,1.51,111,78.81,2.11,112/2
2023-09-26,4576,65.20,1.53,111,77.62,2.07,112/2
2023-09-27,4576,65.40,1.53,111,77.86,2.08,112/2
2023-09-28,4576,65.50,1.53,111,77.98,2.08,112/2
2023-10-02,4576,65.60,1.52,111,78.10,2.09,112/2
2023-10-03,4576,65.30,1.53,111,77.74,2.08,112/2
2023-10-04,4576,64.90,1.54,111,77.26,2.06,112/2
2023-10-05,4576,65.00,1.54,111,77.38,2.07,112/2
2023-10-06,4576,64.50,1.55,111,76.79,2.05,112/2
2023-10-11,4576,64.50,1.55,111,76.79,2.05,112/2
2023-10-12,4576,65.00,1.54,111,77.38,2.07,112/2
2023-10-13,4576,64.60,1.55,111,76.90,2.06,112/2
2023-10-16,4576,64.50,1.55,111,76.79,2.05,112/2
2023-10-17,4576,64.30,1.56,111,76.55,2.05,112/2
2023-10-18,4576,64.30,1.56,111,76.55,2.05,112/2
2023-10-19,4576,64.30,1.56,111,76.55,2.05,112/2
2023-10-20,4576,64.40,1.55,111,76.67,2.05,112/2
2023-10-23,4576,63.70,1.57,111,75.83,2.03,112/2
2023-10-24,4576,63.50,1.57,111,75.60,2.02,112/2
2023-10-25,4576,64.20,1.56,111,76.43,2.04,112/2
2023-10-26,4576,63.80,1.57,111,75.95,2.03,112/2
2023-10-27,4576,63.80,1.57,111,75.95,2.03,112/2
2023-10-30,4576,63.80,1.57,111,75.95,2.03,112/2
2023-10-31,4576,63.00,1.59,111,75.00,2.00,112/2
2023-11-01,4576,62.00,1.61,111,73.81,1.97,112/2
2023-11-02,4576,62.00,1.61,111,73.81,1.97,112/2
2023-11-03,4576,62.80,1.59,111,74.76,2.00,112/2
2023-11-06,4576,62.50,1.60,111,74.40,1.99,112/2
2023-11-07,4576,61.90,1.62,111,73.69,1.97,112/2
2023-11-08,4576,61.90,1.62,111,73.69,1.97,112/2
2023-11-09,4576,61.30,1.63,111,72.98,1.95,112/2
2023-11-10,4576,61.00,1.64,111,141.86,1.93,112/3
2023-11-13,4576,60.50,1.65,111,140.70,1.92,112/3
2023-11-14,4576,60.60,1.65,111,140.93,1.92,112/3
2023-11-15,4576,61.50,1.63,111,143.02,1.95,112/3
2023-11-16,4576,61.30,1.63,111,142.56,1.94,112/3
2023-11-17,4576,61.10,1.64,111,142.09,1.94,112/3
2023-11-20,4576,62.50,1.60,111,145.35,1.98,112/3
2023-11-21,4576,62.50,1.60,111,145.35,1.98,112/3
2023-11-22,4576,62.40,1.60,111,145.12,1.98,112/3
2023-11-23,4576,63.40,1.58,111,147.44,2.01,112/3
2023-11-24,4576,65.20,1.53,111,151.63,2.07,112/3
2023-11-27,4576,64.90,1.54,111,150.93,2.06,112/3
2023-11-28,4576,65.50,1.53,111,152.33,2.08,112/3
2023-11-29,4576,65.60,1.52,111,152.56,2.08,112/3
2023-11-30,4576,66.30,1.51,111,154.19,2.10,112/3
2023-12-01,4576,67.70,1.48,111,157.44,2.15,112/3
2023-12-04,4576,65.30,1.53,111,151.86,2.07,112/3
2023-12-05,4576,64.40,1.55,111,149.77,2.04,112/3
2023-12-06,4576,64.20,1.56,111,149.30,2.04,112/3
2023-12-07,4576,63.90,1.56,111,148.60,2.03,112/3
2023-12-08,4576,63.90,1.56,111,148.60,2.03,112/3
2023-12-11,4576,64.90,1.54,111,150.93,2.06,112/3
2023-12-12,4576,65.70,1.52,111,152.79,2.08,112/3
2023-12-13,4576,64.90,1.54,111,150.93,2.06,112/3
2023-12-14,4576,65.50,1.53,111,152.33,2.08,112/3
2023-12-15,4576,66.40,1.51,111,154.42,2.11,112/3
2023-12-18,4576,66.00,1.52,111,153.49,2.09,112/3
2023-12-19,4576,65.10,1.54,111,151.40,2.06,112/3
2023-12-20,4576,66.00,1.52,111,153.49,2.09,112/3
2023-12-21,4576,65.10,1.54,111,151.40,2.06,112/3
2023-12-22,4576,65.10,1.54,111,151.40,2.06,112/3
2023-12-25,4576,64.80,1.54,111,150.70,2.05,112/3
2023-12-26,4576,65.40,1.53,111,152.09,2.07,112/3
2023-12-27,4576,68.80,1.45,111,160.00,2.18,112/3
2023-12-28,4576,68.60,1.46,111,159.53,2.18,112/3
2023-12-29,4576,68.50,1.46,111,159.30,2.17,112/3
2024-01-02,4576,67.40,1.48,111,156.74,2.14,112/3
2024-01-03,4576,65.00,1.54,111,151.16,2.06,112/3
2024-01-04,4576,64.90,1.54,111,150.93,2.06,112/3
2024-01-05,4576,65.40,1.53,111,152.09,2.07,112/3
2024-01-08,4576,65.00,1.54,111,151.16,2.06,112/3
2024-01-09,4576,64.70,1.55,111,150.47,2.05,112/3
2024-01-10,4576,63.90,1.56,111,148.60,2.03,112/3
2024-01-11,4576,63.90,1.56,111,148.60,2.03,112/3
2024-01-12,4576,64.00,1.56,111,148.84,2.03,112/3
2024-01-15,4576,63.80,1.57,111,148.37,2.02,112/3
2024-01-16,4576,62.50,1.60,111,145.35,1.98,112/3
2024-01-17,4576,61.30,1.63,111,142.56,1.94,112/3
2024-01-18,4576,61.40,1.63,111,142.79,1.95,112/3
2024-01-19,4576,61.80,1.62,111,143.72,1.96,112/3
2024-01-22,4576,61.90,1.62,111,143.95,1.96,112/3
2024-01-23,4576,61.80,1.62,111,143.72,1.96,112/3
2024-01-24,4576,62.00,1.61,111,144.19,1.97,112/3
2024-01-25,4576,62.10,1.61,111,144.42,1.97,112/3
2024-01-26,4576,62.20,1.61,111,144.65,1.97,112/3
2024-01-29,4576,63.00,1.59,111,146.51,2.00,112/3
2024-01-30,4576,63.50,1.57,111,147.67,2.01,112/3
2024-01-31,4576,65.80,1.52,111,153.02,2.09,112/3
2024-02-01,4576,66.00,1.52,111,153.49,2.09,112/3
2024-02-02,4576,65.70,1.52,111,152.79,2.08,112/3
2024-02-05,4576,64.80,1.54,111,150.70,2.05,112/3
2024-02-15,4576,65.00,1.54,111,151.16,2.06,112/3
2024-02-16,4576,64.90,1.54,111,150.93,2.06,112/3
2024-02-19,4576,66.40,1.51,111,154.42,2.11,112/3
2024-02-20,4576,69.00,1.45,111,160.47,2.19,112/3
2024-02-21,4576,68.80,1.45,111,160.00,2.18,112/3
2024-02-22,4576,69.90,1.43,111,162.56,2.22,112/3
2024-02-23,4576,71.40,1.40,111,166.05,2.26,112/3
2024-02-26,4576,69.80,1.43,111,162.33,2.21,112/3
2024-02-27,4576,70.20,1.42,111,1755.00,2.22,112/4
2024-02-29,4576,68.90,0.15,112,1722.50,2.18,112/4
2024-03-01,4576,68.00,0.15,112,1700.00,2.15,112/4
2024-03-04,4576,66.90,0.15,112,1672.50,2.12,112/4
2024-03-05,4576,66.60,0.15,112,1665.00,2.11,112/4
2024-03-06,4576,66.60,0.15,112,1665.00,2.11,112/4
2024-03-07,4576,65.90,0.15,112,1647.50,2.09,112/4
2024-03-08,4576,64.80,0.15,112,1620.00,2.05,112/4
2024-03-11,4576,66.60,0.15,112,1665.00,2.11,112/4
2024-03-12,4576,66.20,0.15,112,1655.00,2.09,112/4
2024-03-13,4576,65.00,0.15,112,1625.00,2.06,112/4
2024-03-14,4576,65.30,0.15,112,1632.50,2.07,112/4
2024-03-15,4576,65.30,0.15,112,1632.50,2.07,112/4
2024-03-18,4576,65.50,0.15,112,1637.50,2.07,112/4
2024-03-19,4576,67.80,0.15,112,1695.00,2.15,112/4
2024-03-20,4576,74.50,0.13,112,1862.50,2.36,112/4
2024-03-21,4576,78.10,0.13,112,1952.50,2.47,112/4
2024-03-22,4576,75.50,0.13,112,1887.50,2.39,112/4
2024-03-25,4576,83.00,0.12,112,2075.00,2.63,112/4
2024-03-26,4576,86.20,0.12,112,2155.00,2.73,112/4
2024-03-27,4576,89.40,0.11,112,2235.00,2.83,112/4
2024-03-28,4576,84.40,0.12,112,2110.00,2.67,112/4
2024-03-29,4576,81.70,0.12,112,2042.50,2.59,112/4
2024-04-01,4576,87.40,0.11,112,2185.00,2.77,112/4
2024-04-02,4576,89.50,0.11,112,2237.50,2.83,112/4
2024-04-03,4576,88.80,0.11,112,2220.00,2.81,112/4
2024-04-08,4576,88.00,0.11,112,2200.00,2.78,112/4
2024-04-09,4576,83.70,0.12,112,2092.50,2.65,112/4
2024-04-10,4576,82.30,0.12,112,2057.50,2.60,112/4
2024-04-11,4576,80.00,0.13,112,2000.00,2.53,112/4
2024-04-12,4576,80.10,0.12,112,2002.50,2.53,112/4
2024-04-15,4576,74.70,0.13,112,1867.50,2.36,112/4
2024-04-16,4576,71.30,0.14,112,1782.50,2.26,112/4
2024-04-17,4576,73.00,0.14,112,1825.00,2.31,112/4
2024-04-18,4576,74.50,0.13,112,1862.50,2.36,112/4
2024-04-19,4576,70.90,0.14,112,1772.50,2.24,112/4
2024-04-22,4576,69.70,0.14,112,1742.50,2.21,112/4
2024-04-23,4576,72.90,0.14,112,1822.50,2.31,112/4
2024-04-24,4576,75.80,0.13,112,1895.00,2.40,112/4
2024-04-25,4576,73.50,0.14,112,1837.50,2.33,112/4
2024-04-26,4576,74.20,0.13,112,1855.00,2.35,112/4
2024-04-29,4576,74.50,0.13,112,1862.50,2.36,112/4
2024-04-30,4576,73.50,0.14,112,1837.50,2.33,112/4
2024-05-02,4576,72.80,0.14,112,1820.00,2.30,112/4
2024-05-03,4576,73.00,0.14,112,1825.00,2.31,112/4
2024-05-06,4576,73.90,0.14,112,1847.50,2.34,112/4
2024-05-07,4576,75.20,0.13,112,1880.00,2.38,112/4
2024-05-08,4576,76.20,0.13,112,1905.00,2.41,112/4
2024-05-09,4576,77.00,0.13,112,1925.00,2.44,112/4
2024-05-10,4576,77.70,0.13,112,,2.47,113/1
2024-05-13,4576,70.60,0.14,112,,2.25,113/1
2024-05-14,4576,70.40,0.14,112,,2.24,113/1
2024-05-15,4576,70.00,0.14,112,,2.23,113/1
2024-05-16,4576,72.40,0.14,112,,2.30,113/1
2024-05-17,4576,71.10,0.14,112,,2.26,113/1
2024-05-20,4576,71.00,0.14,112,,2.26,113/1
2024-05-21,4576,72.00,0.14,112,,2.29,113/1
2024-05-22,4576,75.50,0.13,112,,2.40,113/1
2024-05-23,4576,74.00,0.14,112,,2.36,113/1
2024-05-24,4576,72.80,0.14,112,,2.32,113/1
2024-05-27,4576,80.00,0.13,112,,2.55,113/1
2024-05-28,4576,82.00,0.12,112,,2.61,113/1
2024-05-29,4576,79.90,0.13,112,,2.54,113/1
2024-05-30,4576,76.20,0.13,112,,2.43,113/1
2024-05-31,4576,77.40,0.13,112,,2.46,113/1
2024-06-03,4576,78.60,0.13,112,,2.50,113/1
2024-06-04,4576,77.40,0.13,112,,2.46,113/1
2024-06-05,4576,76.40,0.13,112,,2.43,113/1
2024-06-06,4576,74.40,0.13,112,,2.37,113/1
2024-06-07,4576,75.50,0.13,112,,2.40,113/1
2024-06-11,4576,75.10,0.13,112,,2.39,113/1
2024-06-12,4576,76.20,0.13,112,,2.43,113/1
2024-06-13,4576,76.40,0.13,112,,2.43,113/1
2024-06-14,4576,77.00,0.13,112,,2.45,113/1
2024-06-17,4576,76.80,0.13,112,,2.44,113/1
2024-06-18,4576,75.70,0.13,112,,2.41,113/1
2024-06-19,4576,74.50,0.13,112,,2.37,113/1
2024-06-20,4576,75.10,0.13,112,,2.39,113/1
2024-06-21,4576,73.90,0.14,112,,2.35,113/1
2024-06-24,4576,72.00,0.14,112,,2.29,113/1
2024-06-25,4576,72.20,0.14,112,,2.30,113/1
2024-06-26,4576,71.80,0.14,112,,2.29,113/1
2024-06-27,4576,72.90,0.14,112,,2.32,113/1
2024-06-28,4576,74.40,0.13,112,,2.37,113/1
2024-07-01,4576,74.10,0.13,112,,2.36,113/1
2024-07-02,4576,74.00,0.14,112,,2.36,113/1
2024-07-03,4576,76.10,0.13,112,,2.42,113/1
2024-07-04,4576,78.20,0.13,112,,2.49,113/1
2024-07-05,4576,80.40,0.12,112,,2.56,113/1
2024-07-08,4576,79.90,0.13,112,,2.54,113/1
2024-07-09,4576,77.20,0.13,112,,2.46,113/1
2024-07-10,4576,80.10,0.12,112,,2.55,113/1
2024-07-11,4576,79.30,0.13,112,,2.52,113/1
2024-07-12,4576,83.10,0.12,112,,2.64,113/1
2024-07-15,4576,79.60,0.13,112,,2.53,113/1
2024-07-16,4576,80.30,0.12,112,,2.56,113/1
2024-07-17,4576,80.90,0.12,112,,2.57,113/1
2024-07-18,4576,80.00,0.13,112,,2.55,113/1
2024-07-19,4576,76.50,0.13,112,,2.43,113/1
2024-07-22,4576,74.50,0.13,112,,2.37,113/1
2024-07-23,4576,75.30,0.13,112,,2.40,113/1
2024-07-26,4576,73.90,0.14,112,,2.35,113/1
2024-07-29,4576,71.50,0.14,112,,2.28,113/1
2024-07-30,4576,73.10,0.14,112,,2.33,113/1
2024-07-31,4576,73.10,0.14,112,,2.33,113/1
2024-08-01,4576,78.90,0.13,112,,2.51,113/1
2024-08-02,4576,76.20,0.13,112,,2.43,113/1
2024-08-05,4576,69.00,0.14,112,,2.20,113/1
2024-08-06,4576,67.10,0.15,112,,2.14,113/1
2024-08-07,4576,71.00,0.14,112,,2.26,113/1
2024-08-08,4576,69.90,0.14,112,,2.22,113/1
2024-08-09,4576,75.30,0.13,112,,2.40,113/1
2024-08-12,4576,82.80,0.12,112,,2.64,113/1
2024-08-13,4576,91.00,0.11,112,505.56,2.88,113/2
2024-08-14,4576,94.70,0.11,112,526.11,3.00,113/2
2024-08-15,4576,96.40,0.10,112,535.56,3.06,113/2
2024-08-16,4576,95.70,0.10,112,531.67,3.03,113/2
2024-08-19,4576,95.70,0.10,112,531.67,3.03,113/2
2024-08-20,4576,95.60,0.10,112,531.11,3.03,113/2
2024-08-21,4576,92.30,0.11,112,512.78,2.93,113/2
2024-08-22,4576,92.90,0.11,112,516.11,2.94,113/2
2024-08-23,4576,88.30,0.11,112,490.56,2.80,113/2
2024-08-26,4576,86.30,0.12,112,479.44,2.74,113/2
2024-08-27,4576,87.90,0.11,112,488.33,2.79,113/2
2024-08-28,4576,90.20,0.11,112,501.11,2.86,113/2
2024-08-29,4576,94.50,0.11,112,525.00,3.00,113/2
2024-08-30,4576,95.90,0.10,112,532.78,3.04,113/2
2024-09-02,4576,92.50,0.11,112,513.89,2.93,113/2
2024-09-03,4576,101.50,0.10,112,563.89,3.22,113/2
2024-09-04,4576,101.50,0.10,112,563.89,3.22,113/2
2024-09-05,4576,95.50,0.10,112,530.56,3.03,113/2
2024-09-06,4576,93.50,0.11,112,519.44,2.96,113/2
2024-09-09,4576,92.70,0.11,112,515.00,2.94,113/2
2024-09-10,4576,88.30,0.11,112,490.56,2.80,113/2
2024-09-11,4576,89.10,0.11,112,495.00,2.82,113/2
2024-09-12,4576,92.80,0.11,112,515.56,2.94,113/2
2024-09-13,4576,94.20,0.11,112,523.33,2.99,113/2
2024-09-16,4576,93.90,0.11,112,521.67,2.98,113/2
2024-09-18,4576,98.90,0.10,112,549.44,3.13,113/2
2024-09-19,4576,108.50,0.09,112,602.78,3.44,113/2
2024-09-20,4576,110.00,0.09,112,611.11,3.49,113/2
2024-09-23,4576,103.50,0.10,112,575.00,3.28,113/2
2024-09-24,4576,101.50,0.10,112,563.89,3.22,113/2
2024-09-25,4576,102.50,0.10,112,569.44,3.25,113/2
2024-09-26,4576,99.60,0.10,112,553.33,3.16,113/2
2024-09-27,4576,101.50,0.10,112,563.89,3.22,113/2
2024-09-30,4576,99.30,0.10,112,551.67,3.15,113/2
2024-10-01,4576,100.50,0.10,112,558.33,3.19,113/2
2024-10-04,4576,97.00,0.10,112,538.89,3.07,113/2
2024-10-07,4576,99.60,0.10,112,553.33,3.16,113/2
2024-10-08,4576,100.00,0.10,112,555.56,3.17,113/2
2024-10-09,4576,96.80,0.10,112,537.78,3.07,113/2
2024-10-11,4576,100.50,0.10,112,558.33,3.19,113/2
2024-10-14,4576,101.50,0.10,112,563.89,3.22,113/2
2024-10-15,4576,111.50,0.09,112,619.44,3.53,113/2
2024-10-16,4576,112.50,0.09,112,625.00,3.57,113/2
2024-10-17,4576,123.50,0.08,112,686.11,3.91,113/2
2024-10-18,4576,135.50,0.07,112,752.78,4.29,113/2
2024-10-21,4576,141.50,0.07,112,786.11,4.48,113/2
2024-10-22,4576,141.00,0.07,112,783.33,4.47,113/2
2024-10-23,4576,144.50,0.07,112,802.78,4.58,113/2
2024-10-24,4576,139.50,0.07,112,775.00,4.42,113/2
2024-10-25,4576,145.00,0.07,112,805.56,4.60,113/2
2024-10-28,4576,151.00,0.07,112,838.89,4.79,113/2
2024-10-29,4576,144.50,0.07,112,802.78,4.58,113/2
2024-10-30,4576,140.00,0.07,112,777.78,4.44,113/2
2024-11-01,4576,140.00,0.07,112,777.78,4.44,113/2
2024-11-04,4576,133.50,0.07,112,741.67,4.23,113/2
2024-11-05,4576,141.50,0.07,112,786.11,4.48,113/2
2024-11-06,4576,140.50,0.07,112,780.56,4.45,113/2
2024-11-07,4576,144.50,0.07,112,802.78,4.58,113/2
2024-11-08,4576,131.00,0.08,112,727.78,4.15,113/2
2024-11-11,4576,129.50,0.08,112,539.58,4.08,113/3
2024-11-12,4576,127.00,0.08,112,529.17,4.00,113/3
2024-11-13,4576,124.00,0.08,112,516.67,3.91,113/3
2024-11-14,4576,125.00,0.08,112,520.83,3.94,113/3
2024-11-15,4576,122.50,0.08,112,510.42,3.86,113/3
2024-11-18,4576,119.00,0.08,112,495.83,3.75,113/3
2024-11-19,4576,120.50,0.08,112,502.08,3.80,113/3
2024-11-20,4576,118.50,0.08,112,493.75,3.74,113/3
2024-11-21,4576,117.50,0.09,112,489.58,3.70,113/3
2024-11-22,4576,129.00,0.08,112,537.50,4.07,113/3
2024-11-25,4576,121.00,0.08,112,504.17,3.81,113/3
2024-11-26,4576,115.50,0.09,112,481.25,3.64,113/3
2024-11-27,4576,112.50,0.09,112,468.75,3.55,113/3
2024-11-28,4576,113.00,0.09,112,470.83,3.56,113/3
2024-11-29,4576,115.50,0.09,112,481.25,3.64,113/3
2024-12-02,4576,116.50,0.09,112,485.42,3.67,113/3
2024-12-03,4576,114.00,0.09,112,475.00,3.59,113/3
2024-12-04,4576,115.00,0.09,112,479.17,3.63,113/3
2024-12-05,4576,120.00,0.08,112,500.00,3.78,113/3
2024-12-06,4576,119.50,0.08,112,497.92,3.77,113/3
2024-12-09,4576,116.00,0.09,112,483.33,3.66,113/3
2024-12-10,4576,121.00,0.08,112,504.17,3.81,113/3
2024-12-11,4576,131.00,0.08,112,545.83,4.13,113/3
2024-12-12,4576,128.00,0.08,112,533.33,4.04,113/3
2024-12-13,4576,115.50,0.09,112,481.25,3.64,113/3
2024-12-16,4576,112.00,0.09,112,466.67,3.53,113/3
2024-12-17,4576,123.00,0.08,112,512.50,3.88,113/3
2024-12-18,4576,130.50,0.08,112,543.75,4.11,113/3
2024-12-19,4576,129.50,0.08,112,539.58,4.08,113/3
2024-12-20,4576,128.50,0.08,112,535.42,4.05,113/3
2024-12-23,4576,141.00,0.07,112,587.50,4.45,113/3
2024-12-24,4576,155.00,0.06,112,645.83,4.89,113/3
2024-12-25,4576,159.50,0.06,112,664.58,5.03,113/3
2024-12-26,4576,159.50,0.06,112,664.58,5.03,113/3
2024-12-27,4576,156.50,0.06,112,652.08,4.93,113/3
2024-12-30,4576,151.00,0.07,112,629.17,4.76,113/3
2024-12-31,4576,153.00,0.07,112,637.50,4.82,113/3
2025-01-02,4576,147.50,0.07,112,614.58,4.65,113/3
2025-01-03,4576,142.50,0.07,112,593.75,4.49,113/3
2025-01-06,4576,139.50,0.07,112,581.25,4.40,113/3
2025-01-07,4576,143.50,0.07,112,597.92,4.52,113/3
2025-01-08,4576,148.00,0.07,112,616.67,4.67,113/3
2025-01-09,4576,140.00,0.07,112,583.33,4.41,113/3
2025-01-10,4576,138.50,0.07,112,577.08,4.37,113/3
2025-01-13,4576,144.50,0.07,112,602.08,4.56,113/3
2025-01-14,4576,149.00,0.07,112,620.83,4.70,113/3
2025-01-15,4576,143.50,0.07,112,597.92,4.52,113/3
2025-01-16,4576,148.00,0.07,112,616.67,4.67,113/3
2025-01-17,4576,141.50,0.07,112,589.58,4.46,113/3
2025-01-20,4576,145.00,0.07,112,604.17,4.57,113/3
2025-01-21,4576,147.00,0.07,112,612.50,4.63,113/3
2025-01-22,4576,145.00,0.07,112,604.17,4.57,113/3
2025-02-03,4576,141.00,0.07,112,587.50,4.45,113/3
2025-02-04,4576,145.50,0.07,112,606.25,4.59,113/3
2025-02-05,4576,160.00,0.06,112,666.67,5.04,113/3
2025-02-06,4576,167.50,0.06,112,697.92,5.28,113/3
2025-02-07,4576,169.00,0.06,112,704.17,5.33,113/3
2025-02-10,4576,165.00,0.06,112,687.50,5.20,113/3
2025-02-11,4576,165.00,0.06,112,687.50,5.20,113/3
2025-02-12,4576,162.00,0.06,112,675.00,5.11,113/3
2025-02-13,4576,156.00,0.06,112,650.00,4.92,113/3
2025-02-14,4576,158.00,0.06,112,658.33,4.98,113/3
2025-02-17,4576,166.00,0.06,112,691.67,5.23,113/3
2025-02-18,4576,168.50,0.06,112,702.08,5.31,113/3
2025-02-19,4576,165.50,0.06,112,689.58,5.22,113/3
2025-02-20,4576,162.00,0.06,112,675.00,5.11,113/3
2025-02-21,4576,166.00,0.06,112,691.67,5.23,113/3
2025-02-24,4576,165.00,0.06,112,687.50,5.20,113/3
2025-02-25,4576,156.50,0.06,112,652.08,4.93,113/3
2025-02-26,4576,154.50,0.06,112,302.94,4.78,113/4
2025-02-27,4576,148.50,0.13,113,291.18,4.60,113/4
2025-03-03,4576,146.50,0.14,113,287.25,4.54,113/4
2025-03-04,4576,144.00,0.14,113,282.35,4.46,113/4
2025-03-05,4576,148.50,0.13,113,291.18,4.60,113/4
2025-03-06,4576,148.00,0.14,113,290.20,4.58,113/4
2025-03-07,4576,144.50,0.14,113,283.33,4.48,113/4
2025-03-10,4576,145.50,0.14,113,285.29,4.51,113/4
2025-03-11,4576,139.00,0.14,113,272.55,4.30,113/4
2025-03-12,4576,143.50,0.14,113,281.37,4.44,113/4
2025-03-13,4576,143.00,0.14,113,280.39,4.43,113/4
2025-03-14,4576,142.50,0.14,113,279.41,4.41,113/4
2025-03-17,4576,143.00,0.14,113,280.39,4.43,113/4
2025-03-18,4576,146.50,0.14,113,287.25,4.54,113/4
2025-03-19,4576,137.50,0.15,113,269.61,4.26,113/4
2025-03-20,4576,140.00,0.14,113,274.51,4.34,113/4
2025-03-21,4576,138.00,0.14,113,270.59,4.27,113/4
2025-03-24,4576,133.00,0.15,113,260.78,4.12,113/4
2025-03-25,4576,132.00,0.15,113,258.82,4.09,113/4
2025-03-26,4576,133.50,0.15,113,261.76,4.13,113/4
2025-03-27,4576,129.00,0.16,113,252.94,4.00,113/4
2025-03-28,4576,127.00,0.16,113,249.02,3.93,113/4
2025-03-31,4576,117.50,0.17,113,230.39,3.64,113/4
2025-04-01,4576,121.00,0.17,113,237.25,3.75,113/4
2025-04-02,4576,124.50,0.16,113,244.12,3.86,113/4
2025-04-07,4576,112.50,0.18,113,220.59,3.48,113/4
2025-04-08,4576,101.50,0.20,113,199.02,3.14,113/4
2025-04-09,4576,91.40,0.22,113,179.22,2.83,113/4
2025-04-10,4576,100.50,0.20,113,197.06,3.11,113/4
2025-04-11,4576,96.10,0.21,113,188.43,2.98,113/4
2025-04-14,4576,99.00,0.20,113,194.12,3.07,113/4
2025-04-15,4576,108.50,0.18,113,212.75,3.36,113/4
2025-04-16,4576,104.50,0.19,113,204.90,3.24,113/4
2025-04-17,4576,105.00,0.19,113,205.88,3.25,113/4
2025-04-18,4576,103.00,0.19,113,201.96,3.19,113/4
2025-04-21,4576,96.90,0.21,113,190.00,3.00,113/4
2025-04-22,4576,97.30,0.21,113,190.78,3.01,113/4
2025-04-23,4576,101.50,0.20,113,199.02,3.14,113/4
2025-04-24,4576,104.00,0.19,113,203.92,3.22,113/4
2025-04-25,4576,106.50,0.19,113,208.82,3.30,113/4
2025-04-28,4576,108.00,0.19,113,211.76,3.34,113/4
2025-04-29,4576,118.50,0.17,113,232.35,3.67,113/4
2025-04-30,4576,118.00,0.17,113,231.37,3.65,113/4
2025-05-02,4576,118.50,0.17,113,232.35,3.67,113/4
2025-05-05,4576,108.50,0.18,113,212.75,3.36,113/4
2025-05-06,4576,114.00,0.18,113,223.53,3.53,113/4
2025-05-07,4576,110.00,0.18,113,215.69,3.41,113/4
2025-05-08,4576,112.00,0.18,113,219.61,3.47,113/4
2025-05-09,4576,116.00,0.17,113,101.75,3.58,114/1
2025-05-12,4576,123.00,0.16,113,107.89,3.80,114/1
2025-05-13,4576,135.00,0.15,113,118.42,4.17,114/1
2025-05-14,4576,141.00,0.14,113,123.68,4.35,114/1
2025-05-15,4576,140.00,0.14,113,122.81,4.32,114/1
2025-05-16,4576,138.50,0.14,113,121.49,4.27,114/1
2025-05-19,4576,136.50,0.15,113,119.74,4.21,114/1
2025-05-20,4576,135.50,0.15,113,118.86,4.18,114/1
2025-05-21,4576,136.00,0.15,113,119.30,4.20,114/1
2025-05-22,4576,136.50,0.15,113,119.74,4.21,114/1
2025-05-23,4576,135.50,0.15,113,118.86,4.18,114/1
2025-05-26,4576,133.50,0.15,113,117.11,4.12,114/1
2025-05-27,4576,131.00,0.15,113,114.91,4.04,114/1
2025-05-28,4576,129.50,0.15,113,113.60,4.00,114/1
2025-05-29,4576,128.00,0.16,113,112.28,3.95,114/1
2025-06-02,4576,123.00,0.16,113,107.89,3.80,114/1
2025-06-03,4576,123.00,0.16,113,107.89,3.80,114/1
2025-06-04,4576,128.50,0.16,113,112.72,3.97,114/1
2025-06-05,4576,126.00,0.16,113,110.53,3.89,114/1
2025-06-06,4576,123.50,0.16,113,108.33,3.81,114/1
2025-06-09,4576,120.00,0.17,113,105.26,3.70,114/1
2025-06-10,4576,123.50,0.16,113,108.33,3.81,114/1
2025-06-11,4576,125.50,0.16,113,110.09,3.87,114/1
2025-06-12,4576,125.50,0.16,113,110.09,3.87,114/1
2025-06-13,4576,121.50,0.16,113,106.58,3.75,114/1
2025-06-16,4576,123.00,0.16,113,107.89,3.80,114/1
2025-06-17,4576,121.00,0.17,113,106.14,3.73,114/1
2025-06-18,4576,121.00,0.17,113,106.14,3.73,114/1
2025-06-19,4576,116.00,0.17,113,101.75,3.58,114/1
2025-06-20,4576,113.00,0.18,113,99.12,3.49,114/1
2025-06-23,4576,115.00,0.17,113,100.88,3.55,114/1
2025-06-24,4576,120.50,0.17,113,105.70,3.72,114/1
2025-06-25,4576,118.50,0.17,113,103.95,3.66,114/1
2025-06-26,4576,125.00,0.16,113,109.65,3.86,114/1
2025-06-27,4576,121.50,0.16,113,106.58,3.75,114/1
2025-06-30,4576,119.00,0.17,113,104.39,3.67,114/1
2025-07-01,4576,118.00,0.17,113,103.51,3.64,114/1
2025-07-02,4576,119.00,0.17,113,104.39,3.67,114/1
2025-07-03,4576,123.00,0.16,113,107.89,3.80,114/1
2025-07-04,4576,118.00,0.17,113,103.51,3.64,114/1
2025-07-07,4576,113.50,0.18,113,99.56,3.50,114/1
2025-07-08,4576,111.00,0.18,113,97.37,3.43,114/1
2025-07-09,4576,112.50,0.18,113,98.68,3.47,114/1
2025-07-10,4576,110.00,0.18,113,96.49,3.40,114/1
2025-07-11,4576,114.00,0.18,113,100.00,3.52,114/1
2025-07-14,4576,111.00,0.18,113,97.37,3.43,114/1
2025-07-15,4576,112.00,0.18,113,98.25,3.46,114/1
2025-07-16,4576,111.50,0.18,113,97.81,3.44,114/1
2025-07-17,4576,114.00,0.18,113,100.00,3.52,114/1
2025-07-18,4576,117.00,0.17,113,102.63,3.61,114/1
2025-07-21,4576,119.00,0.17,113,104.39,3.67,114/1
2025-07-22,4576,113.00,0.18,113,99.12,3.49,114/1
2025-07-23,4576,116.50,0.17,113,102.19,3.60,114/1
2025-07-24,4576,117.00,0.17,113,102.63,3.61,114/1
2025-07-25,4576,116.00,0.17,113,101.75,3.58,114/1
2025-07-28,4576,116.00,0.17,113,101.75,3.58,114/1
2025-07-29,4576,113.00,0.18,113,99.12,3.49,114/1
2025-07-30,4576,114.00,0.18,113,100.00,3.52,114/1
2025-07-31,4576,113.00,0.18,113,99.12,3.49,114/1
2025-08-01,4576,112.00,0.18,113,98.25,3.46,114/1
2025-08-04,4576,114.50,0.17,113,100.44,3.53,114/1
2025-08-05,4576,115.50,0.17,113,101.32,3.56,114/1
2025-08-06,4576,113.00,0.18,113,99.12,3.49,114/1
2025-08-07,4576,114.00,0.18,113,100.00,3.52,114/1
2025-08-08,4576,122.00,0.16,113,107.02,3.77,114/1
2025-08-11,4576,122.00,0.16,113,107.02,3.77,114/1
2025-08-12,4576,121.00,0.17,113,106.14,3.72,114/2
2025-08-13,4576,125.00,0.16,113,109.65,3.84,114/2
2025-08-14,4576,124.00,0.16,113,108.77,3.81,114/2
2025-08-15,4576,127.00,0.16,113,111.40,3.91,114/2
2025-08-18,4576,128.00,0.16,113,112.28,3.94,114/2
2025-08-19,4576,125.50,0.16,113,110.09,3.86,114/2
2025-08-20,4576,120.00,0.17,113,105.26,3.69,114/2
2025-08-21,4576,121.00,0.17,113,106.14,3.72,114/2
2025-08-22,4576,117.00,0.17,113,102.63,3.60,114/2
2025-08-25,4576,128.50,0.16,113,112.72,3.95,114/2
2025-08-26,4576,129.50,0.15,113,113.60,3.98,114/2
2025-08-27,4576,127.00,0.16,113,111.40,3.91,114/2
2025-08-28,4576,126.00,0.16,113,110.53,3.88,114/2
2025-08-29,4576,124.50,0.16,113,109.21,3.83,114/2
2025-09-01,4576,122.00,0.16,113,107.02,3.75,114/2
2025-09-02,4576,120.00,0.17,113,105.26,3.69,114/2
2025-09-03,4576,119.50,0.17,113,104.82,3.68,114/2
2025-09-04,4576,121.50,0.16,113,106.58,3.74,114/2
2025-09-05,4576,123.00,0.16,113,107.89,3.78,114/2
2025-09-08,4576,120.50,0.17,113,105.70,3.71,114/2
2025-09-09,4576,124.50,0.16,113,109.21,3.83,114/2
2025-09-10,4576,124.00,0.16,113,108.77,3.81,114/2
2025-09-11,4576,121.00,0.17,113,106.14,3.72,114/2
2025-09-12,4576,122.00,0.16,113,107.02,3.75,114/2
2025-09-15,4576,120.00,0.17,113,105.26,3.69,114/2
2025-09-16,4576,119.50,0.17,113,104.82,3.68,114/2
2025-09-17,4576,119.00,0.17,113,104.39,3.66,114/2
2025-09-18,4576,118.50,0.17,113,103.95,3.65,114/2
2025-09-19,4576,120.50,0.17,113,105.70,3.71,114/2
2025-09-22,4576,120.50,0.17,113,105.70,3.71,114/2
2025-09-23,4576,120.00,0.17,113,105.26,3.69,114/2
2025-09-24,4576,120.00,0.17,113,105.26,3.69,114/2
2025-09-25,4576,122.50,0.16,113,107.46,3.77,114/2
2025-09-26,4576,118.00,0.17,113,103.51,3.63,114/2
2025-09-30,4576,116.50,0.17,113,102.19,3.58,114/2
2025-10-01,4576,116.50,0.17,113,102.19,3.58,114/2
2025-10-02,4576,115.00,0.17,113,100.88,3.54,114/2
2025-10-03,4576,114.50,0.17,113,100.44,3.52,114/2
2025-10-07,4576,115.50,0.17,113,101.32,3.55,114/2
2025-10-08,4576,119.00,0.17,113,104.39,3.66,114/2
2025-10-09,4576,116.00,0.17,113,101.75,3.57,114/2
2025-10-13,4576,114.00,0.18,113,100.00,3.51,114/2
2025-10-14,4576,109.00,0.18,113,95.61,3.35,114/2
2025-10-15,4576,109.50,0.18,113,96.05,3.37,114/2
2025-10-16,4576,110.50,0.18,113,96.93,3.40,114/2
2025-10-17,4576,107.50,0.19,113,94.30,3.31,114/2
2025-10-20,4576,109.00,0.18,113,95.61,3.35,114/2
2025-10-21,4576,114.50,0.17,113,100.44,3.52,114/2
2025-10-22,4576,113.50,0.18,113,99.56,3.49,114/2
2025-10-23,4576,113.50,0.18,113,99.56,3.49,114/2
2025-10-27,4576,114.50,0.17,113,100.44,3.52,114/2
2025-10-28,4576,113.00,0.18,113,99.12,3.48,114/2
2025-10-29,4576,113.00,0.18,113,99.12,3.48,114/2
2025-10-30,4576,111.00,0.18,113,97.37,3.41,114/2
2025-10-31,4576,113.50,0.18,113,99.56,3.49,114/2
2025-11-03,4576,114.00,0.18,113,100.00,3.51,114/2
2025-11-04,4576,109.50,0.18,113,96.05,3.37,114/2
2025-11-05,4576,108.00,0.19,113,94.74,3.32,114/2
2025-11-06,4576,110.50,0.18,113,96.93,3.40,114/2
2025-11-07,4576,108.50,0.18,113,95.18,3.34,114/2
2025-11-10,4576,110.00,0.18,113,71.43,3.30,114/3
2025-11-11,4576,113.50,0.18,113,73.70,3.41,114/3
2025-11-12,4576,111.50,0.18,113,72.40,3.35,114/3
2025-11-13,4576,108.50,0.18,113,70.45,3.26,114/3
2025-11-14,4576,104.00,0.19,113,67.53,3.12,114/3
2025-11-17,4576,103.00,0.19,113,66.88,3.09,114/3
2025-11-18,4576,98.50,0.20,113,63.96,2.96,114/3
2025-11-19,4576,99.10,0.20,113,64.35,2.98,114/3
2025-11-20,4576,101.50,0.20,113,65.91,3.05,114/3
2025-11-21,4576,98.70,0.20,113,64.09,2.96,114/3
2025-11-24,4576,99.60,0.20,113,64.68,2.99,114/3
2025-11-25,4576,100.50,0.20,113,65.26,3.02,114/3
2025-11-26,4576,104.00,0.19,113,67.53,3.12,114/3
2025-11-27,4576,105.00,0.19,113,68.18,3.15,114/3
2025-11-28,4576,106.00,0.19,113,68.83,3.18,114/3
2025-12-01,4576,103.50,0.19,113,67.21,3.11,114/3
2025-12-02,4576,104.00,0.19,113,67.53,3.12,114/3
2025-12-03,4576,104.50,0.19,113,67.86,3.14,114/3
2025-12-04,4576,108.50,0.18,113,70.45,3.26,114/3
2025-12-05,4576,107.00,0.19,113,69.48,3.21,114/3
2025-12-08,4576,107.00,0.19,113,69.48,3.21,114/3
2025-12-09,4576,107.00,0.19,113,69.48,3.21,114/3
2025-12-10,4576,107.00,0.19,113,69.48,3.21,114/3
2025-12-11,4576,108.00,0.19,113,70.13,3.24,114/3
2025-12-12,4576,109.50,0.18,113,71.10,3.29,114/3
2025-12-15,4576,108.50,0.18,113,70.45,3.26,114/3
2025-12-16,4576,106.50,0.19,113,69.16,3.20,114/3
2025-12-17,4576,106.00,0.19,113,68.83,3.18,114/3
2025-12-18,4576,103.50,0.19,113,67.21,3.11,114/3
2025-12-19,4576,106.00,0.19,113,68.83,3.18,114/3
2025-12-22,4576,109.00,0.18,113,70.78,3.27,114/3
2025-12-23,4576,108.00,0.19,113,70.13,3.24,114/3
2025-12-24,4576,107.50,0.19,113,69.81,3.23,114/3
2025-12-26,4576,104.50,0.19,113,67.86,3.14,114/3
2025-12-29,4576,105.50,0.19,113,68.51,3.17,114/3
2025-12-30,4576,103.00,0.19,113,66.88,3.09,114/3
2025-12-31,4576,103.00,0.19,113,66.88,3.09,114/3
2026-01-02,4576,105.00,0.19,113,68.18,3.15,114/3
2026-01-05,4576,105.00,0.19,113,68.18,3.15,114/3
2026-01-06,4576,108.00,0.19,113,70.13,3.24,114/3
2026-01-07,4576,107.50,0.19,113,69.81,3.23,114/3
2026-01-08,4576,103.00,0.19,113,66.88,3.09,114/3
2026-01-09,4576,109.00,0.18,113,70.78,3.27,114/3
2026-01-12,4576,110.50,0.18,113,71.75,3.32,114/3
2026-01-13,4576,109.50,0.18,113,71.10,3.29,114/3
2026-01-14,4576,116.50,0.17,113,75.65,3.50,114/3
2026-01-15,4576,121.50,0.16,113,78.90,3.65,114/3
2026-01-16,4576,126.00,0.16,113,81.82,3.78,114/3
2026-01-19,4576,124.50,0.16,113,80.84,3.74,114/3
2026-01-20,4576,122.00,0.16,113,79.22,3.66,114/3
2026-01-21,4576,123.50,0.16,113,80.19,3.71,114/3
2026-01-22,4576,123.00,0.16,113,79.87,3.69,114/3
2026-01-23,4576,121.50,0.16,113,78.90,3.65,114/3
2026-01-26,4576,125.00,0.16,113,81.17,3.75,114/3
2026-01-27,4576,124.00,0.16,113,80.52,3.72,114/3
2026-01-28,4576,126.00,0.16,113,81.82,3.78,114/3
2026-01-29,4576,125.00,0.16,113,81.17,3.75,114/3
2026-01-30,4576,116.50,0.17,113,75.65,3.50,114/3
2026-02-02,4576,109.50,0.18,113,71.10,3.29,114/3
2026-02-03,4576,112.00,0.18,113,72.73,3.36,114/3
2026-02-04,4576,116.50,0.17,113,75.65,3.50,114/3
2026-02-05,4576,112.50,0.18,113,73.05,3.38,114/3
2026-02-06,4576,106.50,0.19,113,69.16,3.20,114/3
2026-02-09,4576,113.50,0.18,113,73.70,3.41,114/3
2026-02-10,4576,114.50,0.17,113,74.35,3.44,114/3
2026-02-11,4576,113.50,0.18,113,73.70,3.41,114/3
2026-02-23,4576,116.00,0.17,113,75.32,3.48,114/3
2026-02-24,4576,118.00,0.17,113,76.62,3.54,114/3
2026-02-25,4576,115.50,0.17,113,75.00,3.47,114/3
2026-02-26,4576,118.50,0.17,113,58.96,3.46,114/4
2026-03-02,4576,125.50,0.16,113,62.44,3.66,114/4
2026-03-03,4576,123.50,0.16,113,61.44,3.61,114/4
2026-03-04,4576,121.00,0.17,113,60.20,3.53,114/4
2026-03-05,4576,122.00,0.16,113,60.70,3.56,114/4
2026-03-06,4576,118.00,0.17,113,58.71,3.45,114/4
2026-03-09,4576,108.50,0.74,114,53.98,3.17,114/4
2026-03-10,4576,115.00,0.70,114,57.21,3.36,114/4
2026-03-11,4576,121.00,0.66,114,60.20,3.53,114/4
2026-03-12,4576,122.50,0.65,114,60.95,3.58,114/4
2026-03-13,4576,121.50,0.66,114,60.45,3.55,114/4
2026-03-16,4576,123.00,0.65,114,61.19,3.59,114/4
2026-03-17,4576,120.00,0.67,114,59.70,3.50,114/4
2026-03-18,4576,121.00,0.66,114,60.20,3.53,114/4
2026-03-19,4576,119.00,0.67,114,59.20,3.47,114/4
2026-03-20,4576,118.50,0.68,114,58.96,3.46,114/4
2026-03-23,4576,120.00,0.67,114,59.70,3.50,114/4
2026-03-24,4576,119.00,0.67,114,59.20,3.47,114/4
2026-03-25,4576,129.00,0.62,114,64.18,3.77,114/4
2026-03-26,4576,137.50,0.58,114,68.41,4.01,114/4
2026-03-27,4576,135.50,0.59,114,67.41,3.96,114/4
2026-03-30,4576,138.00,0.58,114,68.66,4.03,114/4
2026-03-31,4576,131.00,0.61,114,65.17,3.82,114/4
2026-04-01,4576,131.50,0.61,114,65.42,3.84,114/4
2026-04-02,4576,130.50,0.61,114,64.93,3.81,114/4
2026-04-07,4576,135.50,0.59,114,67.41,3.96,114/4
2026-04-08,4576,149.00,0.54,114,74.13,4.35,114/4
2026-04-09,4576,163.50,0.49,114,81.34,4.77,114/4
2026-04-10,4576,165.00,0.48,114,82.09,4.82,114/4
2026-04-13,4576,181.50,0.44,114,90.30,5.30,114/4
2026-04-14,4576,192.50,0.42,114,95.77,5.62,114/4
2026-04-15,4576,193.50,0.41,114,96.27,5.65,114/4
2026-04-16,4576,193.00,0.41,114,96.02,5.64,114/4
2026-04-17,4576,196.00,0.41,114,97.51,5.72,114/4
2026-04-20,4576,198.00,0.40,114,98.51,5.78,114/4
2026-04-21,4576,194.00,0.41,114,96.52,5.66,114/4
2026-04-22,4576,198.00,0.40,114,98.51,5.78,114/4
2026-04-23,4576,190.00,0.42,114,94.53,5.55,114/4
2026-04-24,4576,179.00,0.45,114,89.05,5.23,114/4
2026-04-27,4576,181.00,0.44,114,90.05,5.28,114/4
2026-04-28,4576,199.00,0.40,114,99.00,5.81,114/4
2026-04-29,4576,202.00,0.40,114,100.50,5.90,114/4
2026-04-30,4576,222.00,0.36,114,110.45,6.48,114/4
2026-05-04,4576,233.00,0.34,114,115.92,6.80,114/4
2026-05-05,4576,236.50,0.34,114,117.66,6.91,114/4
2026-05-06,4576,233.00,0.34,114,115.92,6.80,114/4
2026-05-07,4576,242.00,0.33,114,120.40,7.07,114/4
2026-05-08,4576,228.00,0.35,114,89.76,6.60,115/1
2026-05-11,4576,250.50,0.32,114,98.62,7.25,115/1
2026-05-12,4576,258.00,0.31,114,101.57,7.47,115/1
2026-05-13,4576,248.50,0.32,114,97.83,7.19,115/1
2026-05-14,4576,241.50,0.33,114,95.08,6.99,115/1
2026-05-15,4576,265.50,0.30,114,104.53,7.69,115/1
2026-05-18,4576,258.50,0.31,114,101.77,7.48,115/1
2026-05-19,4576,252.00,0.32,114,99.21,7.30,115/1
2026-05-20,4576,236.50,0.34,114,93.11,6.85,115/1
2026-05-21,4576,248.00,0.32,114,97.64,7.18,115/1
2026-05-22,4576,261.50,0.31,114,102.95,7.57,115/1
2026-05-25,4576,277.00,0.29,114,109.06,8.02,115/1
2026-05-26,4576,284.50,0.28,114,112.01,8.24,115/1
2026-05-27,4576,273.00,0.29,114,107.48,7.90,115/1
2026-05-28,4576,255.50,0.31,114,100.59,7.40,115/1
2026-05-29,4576,266.50,0.30,114,104.92,7.72,115/1
2026-06-01,4576,263.00,0.30,114,103.54,7.61,115/1
2026-06-02,4576,238.00,0.34,114,93.70,6.89,115/1
2026-06-03,4576,233.00,0.34,114,91.73,6.75,115/1
2026-06-04,4576,229.00,0.35,114,90.16,6.63,115/1
2026-06-05,4576,220.50,0.36,114,86.81,6.38,115/1
2026-06-08,4576,210.00,0.38,114,82.68,6.08,115/1
2026-06-09,4576,214.00,0.37,114,84.25,6.20,115/1
2026-06-10,4576,201.00,0.40,114,79.13,5.82,115/1
2026-06-11,4576,196.50,0.41,114,77.36,5.69,115/1
2026-06-12,4576,202.00,0.40,114,79.53,5.85,115/1
2026-06-15,4576,215.00,0.37,114,84.65,6.22,115/1
2026-06-16,4576,206.50,0.39,114,81.30,5.98,115/1
2026-06-17,4576,201.00,0.40,114,79.13,5.82,115/1
2026-06-18,4576,221.00,0.36,114,87.01,6.40,115/1
2026-06-22,4576,236.00,0.34,114,92.91,6.83,115/1
2026-06-23,4576,226.50,0.35,114,89.17,6.56,115/1
2026-06-24,4576,219.00,0.37,114,86.22,6.34,115/1
2026-06-25,4576,219.00,0.37,114,86.22,6.34,115/1
2026-06-26,4576,200.50,0.40,114,78.94,5.80,115/1
2026-06-29,4576,204.50,0.39,114,80.51,5.92,115/1
2026-06-30,4576,211.00,0.38,114,83.07,6.11,115/1
2026-07-01,4576,214.00,0.37,114,84.25,6.20,115/1
2026-07-02,4576,235.00,0.34,114,92.52,6.80,115/1
2026-07-03,4576,222.50,0.36,114,87.60,6.44,115/1
2026-07-06,4576,238.50,0.34,114,93.90,6.91,115/1
2026-07-07,4576,223.00,0.36,114,87.80,6.46,115/1
2026-07-08,4576,220.50,0.36,114,86.81,6.38,115/1
2026-07-09,4576,218.00,0.37,114,85.83,6.31,115/1
2026-07-13,4576,209.50,0.38,114,82.48,6.07,115/1
2026-07-14,4576,202.50,0.40,114,79.72,5.86,115/1
2026-07-15,4576,206.00,0.39,114,81.10,5.96,115/1
2026-07-16,4576,211.00,0.38,114,83.07,6.11,115/1
2026-07-17,4576,194.00,0.41,114,76.38,5.62,115/1
2026-07-20,4576,187.50,0.43,114,73.82,5.43,115/1
2026-07-21,4576,191.00,0.42,114,75.20,5.53,115/1
2026-07-22,4576,198.00,0.40,114,77.95,5.73,115/1
2026-07-23,4576,199.00,0.40,114,78.35,5.76,115/1
2026-07-24,4576,191.50,0.42,114,75.39,5.54,115/1
2026-07-27,4576,196.50,0.41,114,77.36,5.69,115/1
2026-07-28,4576,180.50,0.44,114,71.06,5.23,115/1
2026-07-29,4576,176.00,0.45,114,69.29,5.10,115/1
2026-07-30,4576,164.50,0.49,114,64.76,4.76,115/1
2026-07-31,4576,180.50,0.44,114,71.06,5.23,115/1
2026-08-03,4576,197.00,0.41,114,77.56,5.70,115/1
2026-08-04,4576,201.00,0.40,114,79.13,5.82,115/1
2026-08-05,4576,218.00,0.37,114,85.83,6.31,115/1
2026-08-06,4576,218.50,0.37,114,86.02,6.33,115/1
2026-08-07,4576,218.00,0.37,114,85.83,6.31,115/1
2026-08-10,4576,226.50,0.35,114,89.17,6.56,115/1
2026-08-11,4576,218.50,0.37,114,86.02,6.33,115/1
2026-08-12,4576,227.00,0.35,114,69.21,6.34,115/2
2026-08-13,4576,224.00,0.36,114,68.29,6.25,115/2
2026-08-14,4576,221.00,0.36,114,67.38,6.17,115/2
2026-08-17,4576,225.50,0.35,114,68.75,6.30,115/2
2026-08-18,4576,210.50,0.38,114,64.18,5.88,115/2
2026-08-19,4576,208.00,0.38,114,63.41,5.81,115/2
2026-08-20,4576,208.00,0.38,114,63.41,5.81,115/2
2026-08-21,4576,202.50,0.40,114,61.74,5.65,115/2
2026-08-24,4576,198.00,0.40,114,60.37,5.53,115/2
2026-08-25,4576,197.00,0.41,114,60.06,5.50,115/2
2026-08-26,4576,203.00,0.39,114,61.89,5.67,115/2
2026-08-27,4576,215.50,0.37,114,65.70,6.02,115/2
2026-08-28,4576,216.00,0.37,114,65.85,6.03,115/2
2026-08-31,4576,216.50,0.37,114,66.01,6.04,115/2
2026-09-01,4576,230.50,0.35,114,70.27,6.43,115/2
2026-09-02,4576,242.00,0.33,114,73.78,6.76,115/2
2026-09-03,4576,231.00,0.35,114,70.43,6.45,115/2
2026-09-04,4576,238.00,0.34,114,72.56,6.64,115/2
2026-09-07,4576,247.00,0.32,114,75.30,6.90,115/2
2026-09-08,4576,235.50,0.34,114,71.80,6.57,115/2
2026-09-09,4576,244.00,0.33,114,74.39,6.81,115/2
2026-09-10,4576,238.00,0.34,114,72.56,6.64,115/2
2026-09-11,4576,242.00,0.33,114,73.78,6.76,115/2
2026-09-14,4576,228.00,0.35,114,69.51,6.37,115/2
2026-09-15,4576,230.50,0.35,114,70.27,6.43,115/2
2026-09-16,4576,233.00,0.34,114,71.04,6.50,115/2
2026-09-17,4576,231.50,0.35,114,70.58,6.46,115/2
2026-09-18,4576,240.00,0.33,114,73.17,6.70,115/2
2026-09-21,4576,233.50,0.34,114,71.19,6.52,115/2
2026-09-22,4576,232.00,0.34,114,70.73,6.48,115/2
2026-09-23,4576,223.50,0.36,114,68.14,6.24,115/2
2026-09-24,4576,225.00,0.36,114,68.60,6.28,115/2
2026-09-29,4576,241.00,0.33,114,73.48,6.73,115/2
2026-09-30,4576,236.00,0.34,114,71.95,6.59,115/2
2026-10-01,4576,237.50,0.34,114,72.41,6.63,115/2
2026-10-02,4576,234.00,0.34,114,71.34,6.53,115/2
2026-10-05,4576,235.00,0.34,114,71.65,6.56,115/2
2026-10-06,4576,232.00,0.34,114,70.73,6.48,115/2
2026-10-07,4576,232.00,0.34,114,70.73,6.48,115/2
2026-10-08,4576,228.50,0.35,114,69.66,6.38,115/2
