date,stock_id,m_buy,m_sell,m_balance,m_limit,s_buy,s_sell,s_balance,m_prev,m_ret,s_prev,s_ret,note
2015-05-12,8420,0,0,0,12747,0,0,0,0,0,0,0,
2015-05-13,8420,51,0,51,12747,0,0,0,0,0,0,0,
2015-05-14,8420,11,8,54,12747,0,0,0,51,0,0,0,
2015-05-15,8420,4,4,54,12747,0,0,0,54,0,0,0,
2015-05-18,8420,1,3,52,12747,0,0,0,54,0,0,0,
2015-05-19,8420,7,8,51,12747,0,0,0,52,0,0,0,
2015-05-20,8420,4,3,52,12747,0,0,0,51,0,0,0,
2015-05-21,8420,9,0,61,12747,0,0,0,52,0,0,0,
2015-05-22,8420,2,11,52,12747,0,0,0,61,0,0,0,
2015-05-25,8420,15,1,66,12747,0,0,0,52,0,0,0,
2015-05-26,8420,6,1,71,12747,0,0,0,66,0,0,0,
2015-05-27,8420,0,1,70,12747,0,0,0,71,0,0,0,
2015-05-28,8420,0,2,68,12747,0,0,0,70,0,0,0,
2015-05-29,8420,10,0,78,12747,0,0,0,68,0,0,0,
2015-06-01,8420,3,8,73,12747,0,0,0,78,0,0,0,
2015-06-02,8420,0,1,72,12747,0,0,0,73,0,0,0,
2015-06-03,8420,7,0,79,12747,0,0,0,72,0,0,0,
2015-06-04,8420,10,17,72,12747,0,0,0,79,0,0,0,
2015-06-05,8420,0,4,68,12747,0,0,0,72,0,0,0,
2015-06-08,8420,0,0,68,12747,0,0,0,68,0,0,0,
2015-06-09,8420,19,5,82,12747,0,0,0,68,0,0,0,
2015-06-10,8420,7,8,81,12747,0,0,0,82,0,0,0,
2015-06-11,8420,8,0,89,12747,0,0,0,81,0,0,0,
2015-06-12,8420,0,1,88,12747,0,0,0,89,0,0,0,
2015-06-15,8420,3,5,86,12747,0,0,0,88,0,0,0,
2015-06-16,8420,16,0,102,12747,0,0,0,86,0,0,0,
2015-06-17,8420,13,2,113,12747,0,0,0,102,0,0,0,
2015-06-18,8420,3,0,116,12747,0,0,0,113,0,0,0,
2015-06-22,8420,2,1,117,12747,0,0,0,116,0,0,0,
2015-06-23,8420,0,1,116,12747,0,0,0,117,0,0,0,
2015-06-24,8420,8,11,113,12747,0,0,0,116,0,0,0,
2015-06-25,8420,10,3,120,12747,0,0,0,113,0,0,0,X
2015-06-26,8420,0,0,120,12747,0,0,0,120,0,0,0,X
2015-06-29,8420,15,3,132,12747,0,0,0,120,0,0,0,X
2015-06-30,8420,27,3,156,12747,0,0,0,132,0,0,0,X
2015-07-01,8420,37,23,170,12747,0,0,0,156,0,0,0,
2015-07-02,8420,52,25,197,12747,0,0,0,170,0,0,0,
2015-07-03,8420,14,12,199,12747,0,0,0,197,0,0,0,
2015-07-06,8420,9,7,201,12747,0,0,0,199,0,0,0,
2015-07-07,8420,10,1,210,12747,0,0,0,201,0,0,0,
2015-07-08,8420,19,8,221,12747,0,0,0,210,0,0,0,
2015-07-09,8420,22,22,221,12747,0,0,0,221,0,0,0,
2015-07-13,8420,123,21,323,12747,0,0,0,221,0,0,0,
2015-07-14,8420,505,152,676,12747,0,0,0,323,0,0,0,
2015-07-15,8420,302,182,796,12747,0,1,1,676,0,0,0,
2015-07-16,8420,107,121,779,12747,1,1,1,796,3,1,0,
2015-07-17,8420,552,113,1218,12747,1,32,32,779,0,1,0,
2015-07-20,8420,305,433,1090,12747,20,16,28,1218,0,32,0,
2015-07-21,8420,469,288,1271,12747,19,31,40,1090,0,28,0,
2015-07-22,8420,656,432,1495,12747,3,78,115,1271,0,40,0,
2015-07-23,8420,423,351,1567,12747,5,69,179,1495,0,115,0,
2015-07-24,8420,281,332,1516,12747,68,34,145,1567,0,179,0,
2015-07-27,8420,268,282,1502,12747,73,15,87,1516,0,145,0,
2015-07-28,8420,554,401,1655,12747,34,32,85,1502,0,87,0,
2015-07-29,8420,204,187,1672,12747,5,5,85,1655,0,85,0,
2015-07-30,8420,284,273,1683,12747,3,13,95,1672,0,85,0,
2015-07-31,8420,145,207,1621,12747,8,6,93,1683,0,95,0,
2015-08-03,8420,287,143,1765,12747,19,6,80,1621,0,93,0,
2015-08-04,8420,119,244,1640,12747,7,17,90,1765,0,80,0,
2015-08-05,8420,357,287,1710,12747,40,42,92,1640,0,90,0,
2015-08-06,8420,154,152,1712,12747,3,6,95,1710,0,92,0,
2015-08-07,8420,368,278,1802,12747,13,22,104,1712,0,95,0,
2015-08-10,8420,404,402,1804,12747,31,21,94,1802,0,104,0,
2015-08-11,8420,241,233,1812,12747,21,8,81,1804,0,94,0,
2015-08-12,8420,52,99,1765,12747,28,1,54,1812,0,81,0,
2015-08-13,8420,124,103,1786,12747,18,2,38,1765,0,54,0,
2015-08-14,8420,67,146,1707,12747,18,1,21,1786,0,38,0,
2015-08-17,8420,51,141,1612,12747,4,0,12,1707,5,21,5,
2015-08-18,8420,63,29,1646,12747,0,1,13,1612,0,12,0,
2015-08-19,8420,39,116,1569,12747,3,0,10,1646,0,13,0,
2015-08-20,8420,61,92,1538,12747,2,0,8,1569,0,10,0,
2015-08-21,8420,273,375,1436,12747,4,4,8,1538,0,8,0,
2015-08-24,8420,234,238,1430,12747,1,0,7,1436,2,8,0,
2015-08-25,8420,81,52,1459,12747,3,3,7,1430,0,7,0,
2015-08-26,8420,17,43,1433,12747,5,0,2,1459,0,7,0,
2015-08-27,8420,96,45,1484,12747,0,0,2,1433,0,2,0,
2015-08-28,8420,90,137,1436,12747,0,2,4,1484,1,2,0,
2015-08-31,8420,62,38,1460,12747,1,0,3,1436,0,4,0,
2015-09-01,8420,11,29,1442,12747,0,0,3,1460,0,3,0,
2015-09-02,8420,22,15,1449,12747,1,0,2,1442,0,3,0,
2015-09-03,8420,327,261,1515,12747,1,0,1,1449,0,2,0,
2015-09-04,8420,134,153,1496,12747,0,0,1,1515,0,1,0,
2015-09-07,8420,53,57,1492,12747,0,0,1,1496,0,1,0,
2015-09-08,8420,60,46,1506,12747,0,1,2,1492,0,1,0,
2015-09-09,8420,118,197,1427,12747,0,1,3,1506,0,2,0,
2015-09-10,8420,127,172,1382,12747,0,0,3,1427,0,3,0,
2015-09-11,8420,104,108,1378,12747,0,0,3,1382,0,3,0,
2015-09-14,8420,116,49,1445,12747,0,0,3,1378,0,3,0,
2015-09-15,8420,46,37,1454,12747,0,0,3,1445,0,3,0,
2015-09-16,8420,28,19,1463,12747,0,0,3,1454,0,3,0,
2015-09-17,8420,30,25,1468,12747,0,0,3,1463,0,3,0,
2015-09-18,8420,69,27,1510,12747,0,0,3,1468,0,3,0,
2015-09-21,8420,13,18,1505,12747,0,2,5,1510,0,3,0,
2015-09-22,8420,154,202,1457,12747,0,0,5,1505,0,5,0,
2015-09-23,8420,28,58,1427,12747,0,0,5,1457,0,5,0,
2015-09-24,8420,54,66,1415,12747,2,0,3,1427,0,5,0,
2015-09-25,8420,86,57,1444,12747,0,0,3,1415,0,3,0,
2015-09-30,8420,383,180,1647,12747,0,0,3,1444,0,3,0,
2015-10-01,8420,172,228,1591,12747,0,0,3,1647,0,3,0,
2015-10-02,8420,84,58,1617,12747,0,0,3,1591,0,3,0,
2015-10-05,8420,260,260,1617,12747,0,0,3,1617,0,3,0,
2015-10-06,8420,270,188,1699,12747,0,0,3,1617,0,3,0,
2015-10-07,8420,112,53,1758,12747,0,0,3,1699,0,3,0,
2015-10-08,8420,175,70,1863,12747,0,0,3,1758,0,3,0,
2015-10-12,8420,129,100,1892,12747,0,0,3,1863,0,3,0,
2015-10-13,8420,46,36,1902,12747,0,0,3,1892,0,3,0,
2015-10-14,8420,113,114,1901,12747,0,0,3,1902,0,3,0,
2015-10-15,8420,93,59,1935,12747,0,0,3,1901,0,3,0,
2015-10-16,8420,56,15,1976,12747,0,0,3,1935,0,3,0,
2015-10-19,8420,51,84,1943,12747,0,1,4,1976,0,3,0,
2015-10-20,8420,71,65,1949,12747,1,0,3,1943,0,4,0,
2015-10-21,8420,35,36,1948,12747,0,0,3,1949,0,3,0,
2015-10-22,8420,34,64,1918,12747,0,0,3,1948,0,3,0,
2015-10-23,8420,58,38,1938,12747,0,0,3,1918,0,3,0,
2015-10-26,8420,37,52,1923,12747,0,0,3,1938,0,3,0,
2015-10-27,8420,57,36,1944,12747,0,0,3,1923,0,3,0,
2015-10-28,8420,264,141,2067,12747,0,1,4,1944,0,3,0,
2015-10-29,8420,49,37,2079,12747,0,1,5,2067,0,4,0,
2015-10-30,8420,37,27,2089,12747,1,0,4,2079,0,5,0,
2015-11-02,8420,79,34,2134,12747,0,0,4,2089,0,4,0,
2015-11-03,8420,58,14,2178,12747,0,0,4,2134,0,4,0,
2015-11-04,8420,22,65,2135,12747,0,0,4,2178,0,4,0,
2015-11-05,8420,30,28,2137,12747,0,0,3,2135,0,4,1,
2015-11-06,8420,17,33,2121,12747,0,0,3,2137,0,3,0,
2015-11-09,8420,12,41,2092,12747,0,0,3,2121,0,3,0,
2015-11-10,8420,1,24,2069,12747,0,0,3,2092,0,3,0,
2015-11-11,8420,182,68,2183,12747,0,0,3,2069,0,3,0,
2015-11-12,8420,40,41,2182,12747,0,0,3,2183,0,3,0,
2015-11-13,8420,25,21,2186,12747,0,0,3,2182,0,3,0,
2015-11-16,8420,27,46,2167,12747,0,0,3,2186,0,3,0,
2015-11-17,8420,24,23,2168,12747,0,0,3,2167,0,3,0,
2015-11-18,8420,9,17,2160,12747,0,0,3,2168,0,3,0,
2015-11-19,8420,74,16,2218,12747,0,0,3,2160,0,3,0,
2015-11-20,8420,60,43,2235,12747,0,1,4,2218,0,3,0,
2015-11-23,8420,86,72,2249,12747,0,6,10,2235,0,4,0,
2015-11-24,8420,157,78,2328,12747,6,5,9,2249,0,10,0,
2015-11-25,8420,232,248,2312,12747,6,6,9,2328,0,9,0,
2015-11-26,8420,62,44,2330,12747,0,0,9,2312,0,9,0,
2015-11-27,8420,29,9,2350,12747,2,0,7,2330,0,9,0,
2015-11-30,8420,17,31,2336,12747,0,0,7,2350,0,7,0,
2015-12-01,8420,25,28,2333,12747,2,0,5,2336,0,7,0,
2015-12-02,8420,31,8,2356,12747,2,0,3,2333,0,5,0,
2015-12-03,8420,73,24,2405,12747,0,0,3,2356,0,3,0,
2015-12-04,8420,164,159,2410,12747,0,0,3,2405,0,3,0,
2015-12-07,8420,47,57,2400,12747,0,0,3,2410,0,3,0,
2015-12-08,8420,15,68,2347,12747,0,0,3,2400,0,3,0,
2015-12-09,8420,50,40,2357,12747,0,0,3,2347,0,3,0,
2015-12-10,8420,47,79,2325,12747,0,0,3,2357,0,3,0,
2015-12-11,8420,77,128,2274,12747,0,0,3,2325,0,3,0,
2015-12-14,8420,23,38,2259,12747,0,0,3,2274,0,3,0,
2015-12-15,8420,33,33,2259,12747,0,0,3,2259,0,3,0,
2015-12-16,8420,9,12,2256,12747,0,0,3,2259,0,3,0,
2015-12-17,8420,10,20,2246,12747,0,0,3,2256,0,3,0,
2015-12-18,8420,27,23,2250,12747,0,0,3,2246,0,3,0,
2015-12-21,8420,93,22,2321,12747,0,0,3,2250,0,3,0,
2015-12-22,8420,22,50,2293,12747,0,0,3,2321,0,3,0,
2015-12-23,8420,129,16,2406,12747,0,0,3,2293,0,3,0,
2015-12-24,8420,14,25,2395,12747,0,0,3,2406,0,3,0,
2015-12-25,8420,41,7,2429,12747,0,0,3,2395,0,3,0,
2015-12-28,8420,4,8,2395,12747,0,0,3,2429,30,3,0,
2015-12-29,8420,21,31,2385,12747,0,0,3,2395,0,3,0,
2015-12-30,8420,11,16,2380,12747,0,0,3,2385,0,3,0,
2015-12-31,8420,42,22,2400,12747,0,0,3,2380,0,3,0,
2016-01-04,8420,35,40,2395,12747,0,0,3,2400,0,3,0,
2016-01-05,8420,17,30,2382,12747,0,0,3,2395,0,3,0,
2016-01-06,8420,13,57,2338,12747,0,0,3,2382,0,3,0,
2016-01-07,8420,45,77,2306,12747,0,0,3,2338,0,3,0,
2016-01-08,8420,7,20,2293,12747,0,0,3,2306,0,3,0,
2016-01-11,8420,16,25,2284,12747,0,0,3,2293,0,3,0,
2016-01-12,8420,39,169,2154,12747,2,0,1,2284,0,3,0,
2016-01-13,8420,56,39,2171,12747,0,3,4,2154,0,1,0,
2016-01-14,8420,12,14,2169,12747,0,0,4,2171,0,4,0,
2016-01-15,8420,19,43,2145,12747,1,3,6,2169,0,4,0,
2016-01-18,8420,29,99,2075,12747,0,0,6,2145,0,6,0,
2016-01-19,8420,17,22,2070,12747,0,0,6,2075,0,6,0,
2016-01-20,8420,9,35,2044,12747,2,0,4,2070,0,6,0,
2016-01-21,8420,7,28,2023,12747,0,0,4,2044,0,4,0,
2016-01-22,8420,60,90,1993,12747,0,0,4,2023,0,4,0,
2016-01-25,8420,11,16,1988,12747,0,0,4,1993,0,4,0,
2016-01-26,8420,1,1,1988,12747,0,0,4,1988,0,4,0,
2016-01-27,8420,8,9,1987,12747,0,0,4,1988,0,4,0,
2016-01-28,8420,0,11,1976,12747,0,0,4,1987,0,4,0,
2016-01-29,8420,11,12,1945,12747,0,0,4,1976,30,4,0,
2016-01-30,8420,8,25,1928,12747,0,0,4,1945,0,4,0,
2016-02-01,8420,10,44,1891,12747,0,0,4,1925,0,4,0,
2016-02-02,8420,12,28,1875,12747,0,0,4,1891,0,4,0,
2016-02-03,8420,16,7,1846,12747,2,0,2,1875,38,4,0,
2016-02-15,8420,10,16,1840,12747,1,0,1,1846,0,2,0,
2016-02-16,8420,30,35,1835,12747,0,0,1,1840,0,1,0,
2016-02-17,8420,0,2,1833,12747,0,0,1,1835,0,1,0,
2016-02-18,8420,11,9,1835,12747,0,0,1,1833,0,1,0,
2016-02-19,8420,11,5,1841,12747,0,0,1,1835,0,1,0,
2016-02-22,8420,87,2,1926,12747,0,0,1,1841,0,1,0,
2016-02-23,8420,25,18,1933,12747,0,0,1,1926,0,1,0,
2016-02-24,8420,19,36,1916,12747,0,0,1,1933,0,1,0,
2016-02-25,8420,79,27,1968,12747,0,0,1,1916,0,1,0,
2016-02-26,8420,32,41,1959,12747,0,0,1,1968,0,1,0,
2016-03-01,8420,18,31,1946,12747,0,0,1,1959,0,1,0,
2016-03-02,8420,16,11,1951,12747,0,0,1,1946,0,1,0,
2016-03-03,8420,16,33,1934,12747,0,0,1,1951,0,1,0,
2016-03-04,8420,23,25,1932,12747,0,0,1,1934,0,1,0,
2016-03-07,8420,6,17,1921,12747,0,0,1,1932,0,1,0,
2016-03-08,8420,67,57,1931,12747,0,0,1,1921,0,1,0,
2016-03-09,8420,168,205,1894,12747,0,0,1,1931,0,1,0,
2016-03-10,8420,426,288,1899,12747,0,0,1,1894,133,1,0,
2016-03-11,8420,138,236,1801,12747,0,0,1,1899,0,1,0,
2016-03-14,8420,179,102,1878,12747,0,0,1,1801,0,1,0,
2016-03-15,8420,137,101,1914,12747,0,0,1,1878,0,1,0,
2016-03-16,8420,30,37,1907,12747,0,0,1,1914,0,1,0,
2016-03-17,8420,79,74,1912,12747,0,0,1,1907,0,1,0,
2016-03-18,8420,64,59,1917,12747,0,1,2,1912,0,1,0,
2016-03-21,8420,643,158,2402,12747,0,0,2,1917,0,2,0,
2016-03-22,8420,257,477,2182,12747,1,0,1,2402,0,2,0,
2016-03-23,8420,679,646,2215,12747,1,2,2,2182,0,1,0,
2016-03-24,8420,121,75,2261,12747,1,12,13,2215,0,2,0,X
2016-03-25,8420,97,37,2321,12747,13,0,0,2261,0,13,0,X
2016-03-28,8420,68,49,2340,12747,0,0,0,2321,0,0,0,X
2016-03-29,8420,114,213,2241,12747,0,0,0,2340,0,0,0,X
2016-03-30,8420,41,25,2257,12747,0,0,0,2241,0,0,0,
2016-03-31,8420,57,66,2248,12747,0,0,0,2257,0,0,0,
2016-04-01,8420,37,28,2257,12747,0,0,0,2248,0,0,0,
2016-04-06,8420,107,85,2279,12747,0,0,0,2257,0,0,0,
2016-04-07,8420,59,72,2266,12747,0,0,0,2279,0,0,0,
2016-04-08,8420,64,73,2257,12747,0,3,3,2266,0,0,0,
2016-04-11,8420,102,53,2306,12747,0,0,3,2257,0,3,0,
2016-04-12,8420,136,142,2300,12747,0,0,3,2306,0,3,0,
2016-04-13,8420,81,157,2223,12747,3,0,0,2300,1,3,0,
2016-04-14,8420,73,42,2254,12747,0,0,0,2223,0,0,0,
2016-04-15,8420,138,157,2235,12747,0,0,0,2254,0,0,0,
2016-04-18,8420,83,32,2286,12747,0,0,0,2235,0,0,0,
2016-04-19,8420,93,61,2318,12747,0,0,0,2286,0,0,0,
2016-04-20,8420,56,49,2325,12747,0,0,0,2318,0,0,0,
2016-04-21,8420,11,49,2287,12747,0,0,0,2325,0,0,0,
2016-04-22,8420,44,30,2301,12747,0,0,0,2287,0,0,0,
2016-04-25,8420,27,57,2271,12747,0,0,0,2301,0,0,0,
2016-04-26,8420,63,85,2249,12747,0,0,0,2271,0,0,0,
2016-04-27,8420,54,82,2221,12747,0,0,0,2249,0,0,0,
2016-04-28,8420,117,208,2130,12747,0,0,0,2221,0,0,0,
2016-04-29,8420,25,21,2134,12747,0,0,0,2130,0,0,0,
2016-05-03,8420,76,43,2167,12747,0,0,0,2134,0,0,0,
2016-05-04,8420,19,25,2161,12747,0,0,0,2167,0,0,0,
2016-05-05,8420,4,24,2141,12747,0,0,0,2161,0,0,0,
2016-05-06,8420,40,77,2104,12747,0,0,0,2141,0,0,0,
2016-05-09,8420,142,45,2201,12747,0,1,1,2104,0,0,0,
2016-05-10,8420,43,80,2164,12747,1,2,2,2201,0,1,0,
2016-05-11,8420,35,46,2153,12747,0,0,2,2164,0,2,0,
2016-05-12,8420,15,79,2089,12747,0,1,3,2153,0,2,0,
2016-05-13,8420,16,47,2058,12747,0,0,3,2089,0,3,0,
2016-05-16,8420,6,20,2044,12747,2,0,1,2058,0,3,0,
2016-05-17,8420,0,5,2039,12747,0,0,1,2044,0,1,0,
2016-05-18,8420,42,15,2063,12747,0,1,2,2039,3,1,0,
2016-05-19,8420,3,6,2060,12747,0,0,2,2063,0,2,0,
2016-05-20,8420,14,5,2069,12747,0,0,2,2060,0,2,0,
2016-05-23,8420,11,5,2075,12747,1,0,1,2069,0,2,0,
2016-05-24,8420,3,7,2071,12747,0,0,1,2075,0,1,0,
2016-05-25,8420,25,17,2079,12747,0,0,1,2071,0,1,0,
2016-05-26,8420,12,2,2088,12747,0,0,1,2079,1,1,0,
2016-05-27,8420,0,12,2076,12747,0,0,1,2088,0,1,0,
2016-05-30,8420,2,33,2001,12747,0,0,1,2076,44,1,0,
2016-05-31,8420,3,11,1993,12747,0,0,1,2001,0,1,0,
2016-06-01,8420,30,43,1980,12747,0,0,1,1993,0,1,0,
2016-06-02,8420,7,8,1979,12747,0,0,1,1980,0,1,0,
2016-06-03,8420,13,7,1950,12747,0,0,1,1979,35,1,0,
2016-06-04,8420,10,6,1954,12747,0,0,1,1950,0,1,0,
2016-06-06,8420,3,1,1956,12747,0,0,1,1954,0,1,0,
2016-06-07,8420,4,9,1951,12747,0,0,1,1956,0,1,0,
2016-06-08,8420,5,15,1941,12747,0,0,1,1951,0,1,0,
2016-06-13,8420,13,3,1951,12747,0,0,1,1941,0,1,0,
2016-06-14,8420,9,18,1942,12747,0,0,1,1951,0,1,0,
2016-06-15,8420,12,9,1945,12747,0,0,1,1942,0,1,0,
2016-06-16,8420,21,45,1921,12747,0,0,1,1945,0,1,0,
2016-06-17,8420,6,9,1918,12747,0,0,1,1921,0,1,0,
2016-06-20,8420,20,46,1892,12747,1,0,0,1918,0,1,0,X
2016-06-21,8420,27,9,1910,12747,0,0,0,1892,0,0,0,X
2016-06-22,8420,5,23,1892,12747,0,0,0,1910,0,0,0,X
2016-06-23,8420,16,13,1895,12747,0,0,0,1892,0,0,0,X
2016-06-24,8420,16,109,1802,12747,0,0,0,1895,0,0,0,
2016-06-27,8420,12,3,1811,12747,0,1,1,1802,0,0,0,
2016-06-28,8420,10,3,1818,12747,0,0,1,1811,0,1,0,
2016-06-29,8420,9,0,1827,12747,0,0,1,1818,0,1,0,
2016-06-30,8420,6,0,1833,12747,1,0,0,1827,0,1,0,
2016-07-01,8420,27,3,1857,12747,0,6,6,1833,0,0,0,
2016-07-04,8420,2,0,1859,12747,0,0,6,1857,0,6,0,
2016-07-05,8420,2,3,1858,12747,0,0,6,1859,0,6,0,
2016-07-06,8420,3,4,1857,12747,6,0,0,1858,0,6,0,
2016-07-07,8420,4,12,1849,12747,0,0,0,1857,0,0,0,
2016-07-11,8420,7,13,1843,12747,0,0,0,1849,0,0,0,
2016-07-12,8420,44,5,1882,12747,0,0,0,1843,0,0,0,
2016-07-13,8420,39,13,1908,12747,0,0,0,1882,0,0,0,
2016-07-14,8420,74,32,1950,12747,0,0,0,1908,0,0,0,
2016-07-15,8420,36,11,1975,12747,0,0,0,1950,0,0,0,
2016-07-18,8420,13,7,1976,12747,0,0,0,1975,5,0,0,
2016-07-19,8420,2,20,1958,12747,0,0,0,1976,0,0,0,
2016-07-20,8420,1,6,1938,12747,0,0,0,1958,15,0,0,
2016-07-21,8420,2,0,1940,12747,0,0,0,1938,0,0,0,
2016-07-22,8420,2,4,1938,12747,0,0,0,1940,0,0,0,
2016-07-25,8420,2,9,1931,12747,0,0,0,1938,0,0,0,
2016-07-26,8420,1,0,1932,12747,0,0,0,1931,0,0,0,
2016-07-27,8420,7,24,1915,12747,0,0,0,1932,0,0,0,
2016-07-28,8420,7,2,1920,12747,0,0,0,1915,0,0,0,
2016-07-29,8420,18,0,1938,12747,0,0,0,1920,0,0,0,
2016-08-01,8420,24,8,1954,12747,0,0,0,1938,0,0,0,
2016-08-02,8420,8,1,1961,12747,0,0,0,1954,0,0,0,
2016-08-03,8420,26,19,1968,12747,0,0,0,1961,0,0,0,
2016-08-04,8420,40,18,1990,12747,0,0,0,1968,0,0,0,
2016-08-05,8420,30,5,2015,12747,0,0,0,1990,0,0,0,
2016-08-08,8420,102,86,2031,12747,0,0,0,2015,0,0,0,
2016-08-09,8420,94,7,2118,12747,0,0,0,2031,0,0,0,
2016-08-10,8420,223,102,2239,12747,0,1,1,2118,0,0,0,
2016-08-11,8420,46,76,2209,12747,1,0,0,2239,0,1,0,
2016-08-12,8420,3,45,2167,12747,0,0,0,2209,0,0,0,
2016-08-15,8420,27,15,2179,12747,0,0,0,2167,0,0,0,
2016-08-16,8420,36,69,2146,12747,0,0,0,2179,0,0,0,
2016-08-17,8420,2,6,2142,12747,0,0,0,2146,0,0,0,
2016-08-18,8420,26,0,2168,12747,0,0,0,2142,0,0,0,
2016-08-19,8420,23,8,2183,12747,0,0,0,2168,0,0,0,
2016-08-22,8420,37,2,2218,12747,0,0,0,2183,0,0,0,
2016-08-23,8420,11,6,2223,12747,0,0,0,2218,0,0,0,
2016-08-24,8420,7,8,2222,12747,0,0,0,2223,0,0,0,
2016-08-25,8420,37,1,2258,12747,0,0,0,2222,0,0,0,
2016-08-26,8420,26,35,2249,12747,0,0,0,2258,0,0,0,
2016-08-29,8420,18,22,2245,12747,0,0,0,2249,0,0,0,
2016-08-30,8420,30,24,2251,12747,0,0,0,2245,0,0,0,
2016-08-31,8420,32,37,2246,12747,0,0,0,2251,0,0,0,
2016-09-01,8420,16,17,2245,12747,0,1,1,2246,0,0,0,
2016-09-02,8420,6,10,2241,12747,0,0,1,2245,0,1,0,
2016-09-05,8420,1,23,2218,12747,0,0,1,2241,1,1,0,
2016-09-06,8420,10,7,2221,12747,0,0,1,2218,0,1,0,
2016-09-07,8420,1,17,2195,12747,0,0,1,2221,10,1,0,
2016-09-08,8420,2,6,2191,12747,0,0,1,2195,0,1,0,
2016-09-09,8420,12,19,2184,12747,1,0,0,2191,0,1,0,
2016-09-10,8420,16,0,2200,12747,0,0,0,2184,0,0,0,
2016-09-12,8420,18,15,2203,12747,0,0,0,2200,0,0,0,
2016-09-13,8420,45,53,2195,12747,0,0,0,2203,0,0,0,
2016-09-14,8420,25,15,2205,12747,0,0,0,2195,0,0,0,
2016-09-19,8420,22,82,2145,12747,0,0,0,2205,0,0,0,
2016-09-20,8420,18,65,2098,12747,0,0,0,2145,0,0,0,
2016-09-21,8420,34,23,2109,12747,0,0,0,2098,0,0,0,
2016-09-22,8420,2,54,2057,12747,0,0,0,2109,0,0,0,
2016-09-23,8420,32,55,2034,12747,0,0,0,2057,0,0,0,
2016-09-26,8420,33,24,2043,12747,0,0,0,2034,0,0,0,
2016-09-29,8420,2,7,2038,12747,0,0,0,2043,0,0,0,
2016-09-30,8420,0,7,2031,12747,0,0,0,2038,0,0,0,
2016-10-03,8420,14,10,2035,12747,0,0,0,2031,0,0,0,
2016-10-04,8420,57,43,2049,12747,0,0,0,2035,0,0,0,
2016-10-05,8420,5,18,2036,12747,0,0,0,2049,0,0,0,
2016-10-06,8420,10,11,2035,12747,0,0,0,2036,0,0,0,
2016-10-07,8420,11,13,2033,12747,0,0,0,2035,0,0,0,
2016-10-11,8420,52,13,2072,12747,0,0,0,2033,0,0,0,
2016-10-12,8420,31,7,2096,12747,0,0,0,2072,0,0,0,
2016-10-13,8420,5,3,2098,12747,0,0,0,2096,0,0,0,
2016-10-14,8420,5,26,2077,12747,0,0,0,2098,0,0,0,
2016-10-17,8420,2,23,2056,12747,0,0,0,2077,0,0,0,
2016-10-18,8420,11,10,2057,12747,0,0,0,2056,0,0,0,
2016-10-19,8420,7,4,2060,12747,0,0,0,2057,0,0,0,
2016-10-20,8420,5,22,2043,12747,0,0,0,2060,0,0,0,
2016-10-21,8420,4,19,2028,12747,0,0,0,2043,0,0,0,
2016-10-24,8420,13,130,1911,12747,0,0,0,2028,0,0,0,
2016-10-25,8420,10,1,1920,12747,0,0,0,1911,0,0,0,
2016-10-26,8420,12,11,1921,12747,0,0,0,1920,0,0,0,
2016-10-27,8420,12,2,1931,12747,0,0,0,1921,0,0,0,
2016-10-28,8420,14,15,1930,12747,0,0,0,1931,0,0,0,
2016-10-31,8420,24,20,1934,12747,0,0,0,1930,0,0,0,
2016-11-01,8420,5,6,1933,12747,0,0,0,1934,0,0,0,
2016-11-02,8420,35,48,1920,12747,0,0,0,1933,0,0,0,
2016-11-03,8420,12,1,1931,12747,0,0,0,1920,0,0,0,
2016-11-04,8420,10,4,1937,12747,0,0,0,1931,0,0,0,
2016-11-07,8420,9,11,1935,12747,0,0,0,1937,0,0,0,
2016-11-08,8420,2,4,1933,12747,0,0,0,1935,0,0,0,
2016-11-09,8420,0,20,1913,12747,0,0,0,1933,0,0,0,
2016-11-10,8420,8,4,1917,12747,0,0,0,1913,0,0,0,
2016-11-11,8420,6,66,1857,12747,0,0,0,1917,0,0,0,
2016-11-14,8420,23,6,1874,12747,0,0,0,1857,0,0,0,
2016-11-15,8420,11,12,1873,12747,0,0,0,1874,0,0,0,
2016-11-16,8420,0,0,1873,12747,0,0,0,1873,0,0,0,
2016-11-17,8420,5,1,1877,12747,0,0,0,1873,0,0,0,
2016-11-18,8420,7,0,1884,12747,0,0,0,1877,0,0,0,
2016-11-21,8420,6,1,1889,12747,0,0,0,1884,0,0,0,
2016-11-22,8420,0,0,1889,12747,0,0,0,1889,0,0,0,
2016-11-23,8420,37,12,1914,12747,0,0,0,1889,0,0,0,
2016-11-24,8420,5,0,1919,12747,0,0,0,1914,0,0,0,
2016-11-25,8420,0,0,1919,12747,0,0,0,1919,0,0,0,
2016-11-28,8420,3,6,1916,12747,0,0,0,1919,0,0,0,
2016-11-29,8420,19,4,1931,12747,0,0,0,1916,0,0,0,
2016-11-30,8420,10,15,1926,12747,0,0,0,1931,0,0,0,
2016-12-01,8420,3,6,1923,12747,0,0,0,1926,0,0,0,
2016-12-02,8420,1,2,1922,12747,0,0,0,1923,0,0,0,
2016-12-05,8420,1,0,1923,12747,0,0,0,1922,0,0,0,
2016-12-06,8420,0,45,1878,12747,0,0,0,1923,0,0,0,
2016-12-07,8420,11,14,1875,12747,0,0,0,1878,0,0,0,
2016-12-08,8420,4,1,1878,12747,0,0,0,1875,0,0,0,
2016-12-09,8420,22,6,1894,12747,0,0,0,1878,0,0,0,
2016-12-12,8420,6,7,1893,12747,0,0,0,1894,0,0,0,
2016-12-13,8420,19,19,1893,12747,0,0,0,1893,0,0,0,
2016-12-14,8420,2,0,1895,12747,0,0,0,1893,0,0,0,
2016-12-15,8420,12,0,1907,12747,0,0,0,1895,0,0,0,
2016-12-16,8420,4,0,1911,12747,0,0,0,1907,0,0,0,
2016-12-19,8420,3,0,1914,12747,0,0,0,1911,0,0,0,
2016-12-20,8420,19,22,1911,12747,0,0,0,1914,0,0,0,
2016-12-21,8420,1,4,1908,12747,0,0,0,1911,0,0,0,
2016-12-22,8420,17,6,1919,12747,0,0,0,1908,0,0,0,
2016-12-23,8420,0,0,1919,12747,0,0,0,1919,0,0,0,
2016-12-26,8420,11,2,1928,12747,0,0,0,1919,0,0,0,
2016-12-27,8420,18,12,1934,12747,0,0,0,1928,0,0,0,
2016-12-28,8420,36,18,1952,12747,0,0,0,1934,0,0,0,
2016-12-29,8420,125,30,2047,12747,0,0,0,1952,0,0,0,
2016-12-30,8420,37,14,2070,12747,0,0,0,2047,0,0,0,
2017-01-03,8420,20,0,2090,12747,0,0,0,2070,0,0,0,
2017-01-04,8420,5,7,2088,12747,0,0,0,2090,0,0,0,
2017-01-05,8420,44,16,2116,12747,0,0,0,2088,0,0,0,
2017-01-06,8420,12,0,2128,12747,0,0,0,2116,0,0,0,
2017-01-09,8420,0,4,2124,12747,0,0,0,2128,0,0,0,
2017-01-10,8420,3,4,2123,12747,0,0,0,2124,0,0,0,
2017-01-11,8420,1,41,2083,12747,0,0,0,2123,0,0,0,
2017-01-12,8420,9,0,2092,12747,0,0,0,2083,0,0,0,
2017-01-13,8420,0,0,2089,12747,0,0,0,2092,3,0,0,
2017-01-16,8420,9,33,2065,12747,0,0,0,2089,0,0,0,
2017-01-17,8420,3,1,2067,12747,0,0,0,2065,0,0,0,
2017-01-18,8420,5,20,2052,12747,0,0,0,2067,0,0,0,
2017-01-19,8420,0,3,2049,12747,0,0,0,2052,0,0,0,
2017-01-20,8420,0,6,2043,12747,0,0,0,2049,0,0,0,
2017-01-23,8420,8,0,2001,12747,0,0,0,2043,50,0,0,
2017-01-24,8420,3,1,1937,12747,0,0,0,2001,66,0,0,
2017-02-02,8420,4,28,1911,12747,0,0,0,1935,0,0,0,
2017-02-03,8420,2,13,1900,12747,0,0,0,1911,0,0,0,
2017-02-06,8420,39,16,1923,12747,0,0,0,1900,0,0,0,
2017-02-07,8420,2,3,1922,12747,0,0,0,1923,0,0,0,
2017-02-08,8420,4,21,1905,12747,0,0,0,1922,0,0,0,
2017-02-09,8420,50,16,1939,12747,0,0,0,1905,0,0,0,
2017-02-10,8420,51,114,1876,12747,0,0,0,1939,0,0,0,
2017-02-13,8420,19,71,1824,12747,0,0,0,1876,0,0,0,
2017-02-14,8420,41,48,1817,12747,0,0,0,1824,0,0,0,
2017-02-15,8420,67,16,1868,12747,0,0,0,1817,0,0,0,
2017-02-16,8420,10,27,1851,12747,0,0,0,1868,0,0,0,
2017-02-17,8420,0,3,1848,12747,0,0,0,1851,0,0,0,
2017-02-18,8420,2,4,1846,12747,0,0,0,1848,0,0,0,
2017-02-20,8420,0,11,1835,12747,0,0,0,1846,0,0,0,
2017-02-21,8420,16,8,1843,12747,0,0,0,1835,0,0,0,
2017-02-22,8420,6,9,1840,12747,0,0,0,1843,0,0,0,
2017-02-23,8420,5,6,1839,12747,0,0,0,1840,0,0,0,
2017-02-24,8420,10,12,1837,12747,0,0,0,1839,0,0,0,
2017-03-01,8420,3,10,1830,12747,0,0,0,1837,0,0,0,
2017-03-02,8420,5,17,1818,12747,0,0,0,1830,0,0,0,
2017-03-03,8420,5,10,1748,12747,0,0,0,1818,65,0,0,
2017-03-06,8420,14,14,1748,12747,0,0,0,1748,0,0,0,
2017-03-07,8420,8,26,1730,12747,0,0,0,1748,0,0,0,
2017-03-08,8420,0,2,1728,12747,0,0,0,1730,0,0,0,
2017-03-09,8420,225,142,1811,12747,0,1,1,1728,0,0,0,
2017-03-10,8420,101,66,1846,12747,0,0,1,1811,0,1,0,
2017-03-13,8420,49,24,1865,12747,1,0,0,1846,6,1,0,
2017-03-14,8420,49,21,1893,12747,0,0,0,1865,0,0,0,
2017-03-15,8420,18,2,1909,12747,0,0,0,1893,0,0,0,
2017-03-16,8420,17,29,1897,12747,0,0,0,1909,0,0,0,
2017-03-17,8420,38,11,1924,12747,0,0,0,1897,0,0,0,
2017-03-20,8420,3,16,1908,12747,0,0,0,1924,3,0,0,
2017-03-21,8420,8,27,1889,12747,0,0,0,1908,0,0,0,
2017-03-22,8420,5,2,1889,12747,0,0,0,1889,3,0,0,
2017-03-23,8420,24,36,1877,12747,0,0,0,1889,0,0,0,X
2017-03-24,8420,28,47,1858,12747,0,0,0,1877,0,0,0,X
2017-03-27,8420,30,33,1855,12747,0,0,0,1858,0,0,0,X
2017-03-28,8420,55,7,1903,12747,0,0,0,1855,0,0,0,X
2017-03-29,8420,2,7,1898,12747,0,0,0,1903,0,0,0,
2017-03-30,8420,23,14,1907,12747,0,0,0,1898,0,0,0,
2017-03-31,8420,0,2,1905,12747,0,0,0,1907,0,0,0,
2017-04-05,8420,4,5,1904,12747,0,0,0,1905,0,0,0,
2017-04-06,8420,18,36,1886,12747,0,0,0,1904,0,0,0,
2017-04-07,8420,29,24,1867,12747,0,0,0,1886,24,0,0,
2017-04-10,8420,3,7,1863,12747,0,0,0,1867,0,0,0,
2017-04-11,8420,15,7,1871,12747,0,0,0,1863,0,0,0,
2017-04-12,8420,15,21,1855,12747,0,0,0,1871,10,0,0,
2017-04-13,8420,11,20,1846,12747,0,0,0,1855,0,0,0,
2017-04-14,8420,10,22,1803,12747,0,0,0,1846,31,0,0,
2017-04-17,8420,2,5,1800,12747,0,0,0,1803,0,0,0,
2017-04-18,8420,6,44,1762,12747,0,0,0,1800,0,0,0,
2017-04-19,8420,11,9,1764,12747,0,0,0,1762,0,0,0,
2017-04-20,8420,30,31,1763,12747,0,0,0,1764,0,0,0,
2017-04-21,8420,3,1,1765,12747,0,0,0,1763,0,0,0,
2017-04-24,8420,0,5,1760,12747,0,0,0,1765,0,0,0,
2017-04-25,8420,1,0,1761,12747,0,0,0,1760,0,0,0,
2017-04-26,8420,6,18,1749,12747,0,0,0,1761,0,0,0,
2017-04-27,8420,0,3,1746,12747,0,0,0,1749,0,0,0,
2017-04-28,8420,0,7,1739,12747,0,0,0,1746,0,0,0,
2017-05-02,8420,5,27,1717,12747,0,0,0,1739,0,0,0,
2017-05-03,8420,0,0,1717,12747,0,0,0,1717,0,0,0,
2017-05-04,8420,1,17,1701,12747,0,0,0,1717,0,0,0,
2017-05-05,8420,17,7,1711,12747,0,0,0,1701,0,0,0,
2017-05-08,8420,16,26,1701,12747,0,0,0,1711,0,0,0,
2017-05-09,8420,14,2,1713,12747,0,50,50,1701,0,0,0,
2017-05-10,8420,8,26,1695,12747,0,10,60,1713,0,50,0,
2017-05-11,8420,129,206,1618,12747,30,9,39,1695,0,60,0,
2017-05-12,8420,61,156,1523,12747,33,11,17,1618,0,39,0,
2017-05-15,8420,15,24,1514,12747,1,0,16,1523,0,17,0,
2017-05-16,8420,2,7,1509,12747,0,0,16,1514,0,16,0,
2017-05-17,8420,7,0,1516,12747,0,0,16,1509,0,16,0,
2017-05-18,8420,1,10,1507,12747,8,0,8,1516,0,16,0,
2017-05-19,8420,1,1,1499,12747,3,0,5,1507,8,8,0,
2017-05-22,8420,0,3,1496,12747,0,0,5,1499,0,5,0,
2017-05-23,8420,2,4,1494,12747,0,0,5,1496,0,5,0,
2017-05-24,8420,0,1,1493,12747,0,0,5,1494,0,5,0,
2017-05-25,8420,0,11,1482,12747,0,0,5,1493,0,5,0,
2017-05-26,8420,11,40,1453,12747,5,0,0,1482,0,5,0,
2017-05-31,8420,0,3,1450,12747,0,0,0,1453,0,0,0,
2017-06-01,8420,0,0,1450,12747,0,0,0,1450,0,0,0,
2017-06-02,8420,5,2,1453,12747,0,0,0,1450,0,0,0,
2017-06-03,8420,0,2,1451,12747,0,0,0,1453,0,0,0,
2017-06-05,8420,4,4,1451,12747,0,0,0,1451,0,0,0,
2017-06-06,8420,6,21,1436,12747,0,0,0,1451,0,0,0,
2017-06-07,8420,1,20,1417,12747,0,0,0,1436,0,0,0,
2017-06-08,8420,0,15,1391,12747,0,0,0,1417,11,0,0,
2017-06-09,8420,2,17,1376,12747,0,0,0,1391,0,0,0,
2017-06-12,8420,2,2,1376,12747,0,0,0,1376,0,0,0,
2017-06-13,8420,0,3,1373,12747,0,0,0,1376,0,0,0,
2017-06-14,8420,4,7,1370,12747,0,0,0,1373,0,0,0,
2017-06-15,8420,11,0,1381,12747,0,0,0,1370,0,0,0,
2017-06-16,8420,0,0,1381,12747,0,0,0,1381,0,0,0,
2017-06-19,8420,0,15,1366,12747,0,0,0,1381,0,0,0,
2017-06-20,8420,0,2,1364,12747,0,0,0,1366,0,0,0,X
2017-06-21,8420,0,0,1364,12747,0,0,0,1364,0,0,0,X
2017-06-22,8420,0,1,1361,12747,0,0,0,1364,2,0,0,X
2017-06-23,8420,0,16,1342,12747,0,0,0,1361,3,0,0,X
2017-06-26,8420,7,17,1332,12747,0,0,0,1342,0,0,0,
2017-06-27,8420,20,3,1349,12747,0,30,30,1332,0,0,0,
2017-06-28,8420,2,2,1347,12747,3,0,27,1349,2,30,0,
2017-06-29,8420,0,0,1347,12747,0,0,27,1347,0,27,0,
2017-06-30,8420,4,2,1349,12747,1,0,26,1347,0,27,0,
2017-07-03,8420,17,91,1275,12747,26,0,0,1349,0,26,0,
2017-07-04,8420,2,49,1228,12747,0,0,0,1275,0,0,0,
2017-07-05,8420,1,0,1229,12747,0,0,0,1228,0,0,0,
2017-07-06,8420,0,0,1229,12747,0,0,0,1229,0,0,0,
2017-07-07,8420,0,0,1229,12747,0,0,0,1229,0,0,0,
2017-07-10,8420,1,0,1230,12747,0,0,0,1229,0,0,0,
2017-07-11,8420,0,1,1229,12747,0,0,0,1230,0,0,0,
2017-07-12,8420,0,18,1211,12747,0,0,0,1229,0,0,0,
2017-07-13,8420,0,9,1202,12747,0,0,0,1211,0,0,0,
2017-07-14,8420,0,5,1197,12747,0,0,0,1202,0,0,0,
2017-07-17,8420,0,12,1185,12747,0,0,0,1197,0,0,0,
2017-07-18,8420,3,11,1177,12747,0,0,0,1185,0,0,0,
2017-07-19,8420,0,4,1168,12747,0,0,0,1177,5,0,0,
2017-07-20,8420,0,2,1166,12747,0,0,0,1168,0,0,0,
2017-07-21,8420,0,0,1160,12747,0,0,0,1166,6,0,0,
2017-07-24,8420,1,3,1158,12747,0,0,0,1160,0,0,0,
2017-07-25,8420,2,0,1160,12747,0,0,0,1158,0,0,0,
2017-07-26,8420,0,0,1160,12747,0,0,0,1160,0,0,0,
2017-07-27,8420,0,4,1156,12747,0,0,0,1160,0,0,0,11     C
2017-07-28,8420,0,0,1156,12747,0,0,0,1156,0,0,0,11     C
2017-07-31,8420,0,6,1150,12747,0,0,0,1156,0,0,0,11     C
2017-08-01,8420,10,0,1160,12747,0,0,0,1150,0,0,0,11     C
2017-08-02,8420,3,0,1163,12747,0,0,0,1160,0,0,0,11     C
2017-08-03,8420,1,3,1161,12747,0,0,0,1163,0,0,0,11     C
2017-08-04,8420,16,14,1163,12747,0,0,0,1161,0,0,0,11     C
2017-08-07,8420,6,0,1169,12747,0,0,0,1163,0,0,0,11     C
2017-08-08,8420,0,0,1169,12747,0,0,0,1169,0,0,0,11     C
2017-08-09,8420,1,0,1170,12747,0,0,0,1169,0,0,0,11     C
2017-08-10,8420,6,0,1176,12747,0,7,7,1170,0,0,0,11     C
2017-08-11,8420,3,8,1170,12747,0,0,7,1176,1,7,0,11     C
2017-08-14,8420,6,2,1174,12747,0,0,7,1170,0,7,0,11     C
2017-08-15,8420,0,3,1171,12747,7,0,0,1174,0,7,0,11     C
2017-08-16,8420,2,7,1166,12747,0,0,0,1171,0,0,0,11     C
2017-08-17,8420,3,2,1167,12747,0,0,0,1166,0,0,0,11     C
2017-08-18,8420,0,0,1167,12747,0,0,0,1167,0,0,0,11     C
2017-08-21,8420,1,0,1168,12747,0,0,0,1167,0,0,0,11     C
2017-08-22,8420,1,7,1162,12747,0,0,0,1168,0,0,0,11     C
2017-08-23,8420,0,1,1160,12747,0,0,0,1162,1,0,0,11     C
2017-08-24,8420,0,10,1150,12747,0,0,0,1160,0,0,0,11     C
2017-08-25,8420,0,1,1149,12747,0,0,0,1150,0,0,0,11     C
2017-08-28,8420,0,5,1144,12747,0,0,0,1149,0,0,0,11     C
2017-08-29,8420,4,5,1143,12747,0,0,0,1144,0,0,0,11     C
2017-08-30,8420,1,0,1144,12747,0,0,0,1143,0,0,0,11     C
2017-08-31,8420,1,0,1145,12747,0,0,0,1144,0,0,0,11     C
2017-09-01,8420,0,12,1133,12747,0,0,0,1145,0,0,0,11     C
2017-09-04,8420,2,0,1135,12747,0,0,0,1133,0,0,0,11     C
2017-09-05,8420,0,33,1102,12747,0,0,0,1135,0,0,0,11     C
2017-09-06,8420,10,87,1025,12747,0,0,0,1102,0,0,0,11     C
2017-09-07,8420,19,41,1001,12747,0,0,0,1025,2,0,0,11     C
2017-09-08,8420,7,16,992,12747,0,0,0,1001,0,0,0,11     C
2017-09-11,8420,4,32,964,12747,0,0,0,992,0,0,0,11     C
2017-09-12,8420,2,2,964,12747,0,0,0,964,0,0,0,11     C
2017-09-13,8420,9,13,960,12747,0,0,0,964,0,0,0,11     C
2017-09-14,8420,1,11,950,12747,0,0,0,960,0,0,0,11     C
2017-09-15,8420,1,6,945,12747,0,0,0,950,0,0,0,11     C
2017-09-18,8420,36,110,871,12747,0,0,0,945,0,0,0,11     C
2017-09-19,8420,30,73,828,12747,0,0,0,871,0,0,0,11     C
2017-09-20,8420,23,50,801,12747,0,0,0,828,0,0,0,11     C
2017-09-21,8420,15,45,770,12747,0,0,0,801,1,0,0,11     C
2017-09-22,8420,19,89,700,12747,0,0,0,770,0,0,0,11     C
2017-09-25,8420,10,20,690,12747,0,0,0,700,0,0,0,11     C
2017-09-26,8420,1,7,684,12747,0,0,0,690,0,0,0,11     C
2017-09-27,8420,3,10,677,12747,0,0,0,684,0,0,0,11     C
2017-09-28,8420,2,3,676,12747,0,0,0,677,0,0,0,11     C
2017-09-29,8420,0,3,673,12747,0,0,0,676,0,0,0,11     C
2017-09-30,8420,3,0,676,12747,0,0,0,673,0,0,0,11     C
2017-10-02,8420,10,14,672,12747,0,0,0,676,0,0,0,11     C
2017-10-03,8420,6,25,653,12747,0,0,0,672,0,0,0,11     C
2017-10-05,8420,31,21,663,12747,0,3,3,653,0,0,0,11     C
2017-10-06,8420,5,20,648,12747,0,0,3,663,0,3,0,11     C
2017-10-11,8420,8,38,618,12747,3,0,0,648,0,3,0,11     C
2017-10-12,8420,3,10,611,12747,0,0,0,618,0,0,0,11     C
2017-10-13,8420,0,26,585,12747,0,0,0,611,0,0,0,
2017-10-16,8420,0,2,583,12747,0,0,0,585,0,0,0,
2017-10-17,8420,1,0,584,12747,0,0,0,583,0,0,0,
2017-10-18,8420,0,0,584,12747,0,0,0,584,0,0,0,
2017-10-19,8420,2,0,586,12747,0,0,0,584,0,0,0,
2017-10-20,8420,0,0,586,12747,0,0,0,586,0,0,0,
2017-10-23,8420,0,0,586,12747,0,0,0,586,0,0,0,
2017-10-24,8420,5,0,591,12747,0,0,0,586,0,0,0,
2017-10-25,8420,0,1,590,12747,0,0,0,591,0,0,0,
2017-10-26,8420,0,2,588,12747,0,0,0,590,0,0,0,
2017-10-27,8420,0,9,579,12747,0,0,0,588,0,0,0,
2017-10-30,8420,0,2,577,12747,0,0,0,579,0,0,0,
2017-10-31,8420,0,7,570,12747,0,0,0,577,0,0,0,
2017-11-01,8420,1,4,567,12747,0,0,0,570,0,0,0,
2017-11-02,8420,0,3,564,12747,0,0,0,567,0,0,0,
2017-11-03,8420,16,22,558,12747,0,0,0,564,0,0,0,
2017-11-06,8420,5,28,535,12747,0,0,0,558,0,0,0,
2017-11-07,8420,5,6,534,12747,0,0,0,535,0,0,0,11     C
2017-11-08,8420,0,0,534,12747,0,0,0,534,0,0,0,11     C
2017-11-09,8420,0,3,531,12747,0,0,0,534,0,0,0,11     C
2017-11-10,8420,1,2,528,12747,0,0,0,531,2,0,0,11     C
2017-11-13,8420,11,0,539,12747,0,0,0,528,0,0,0,11     C
2017-11-14,8420,9,0,548,12747,0,0,0,539,0,0,0,11     C
2017-11-15,8420,5,0,553,12747,0,0,0,548,0,0,0,11     C
2017-11-16,8420,5,15,543,12747,0,0,0,553,0,0,0,11     C
2017-11-17,8420,18,23,538,12747,0,0,0,543,0,0,0,11     C
2017-11-20,8420,3,2,539,12747,0,0,0,538,0,0,0,11     C
2017-11-21,8420,17,64,492,12747,0,0,0,539,0,0,0,11     C
2017-11-22,8420,0,4,488,12747,0,0,0,492,0,0,0,11     C
2017-11-23,8420,0,1,487,12747,0,0,0,488,0,0,0,11     C
2017-11-24,8420,5,0,492,12747,0,0,0,487,0,0,0,11     C
2017-11-27,8420,5,0,497,12747,0,0,0,492,0,0,0,11     C
2017-11-28,8420,0,0,497,12747,0,0,0,497,0,0,0,11     C
2017-11-29,8420,10,6,496,12747,0,0,0,497,5,0,0,11     C
2017-11-30,8420,16,2,510,12747,0,0,0,496,0,0,0,11     C
2017-12-01,8420,15,0,525,12747,0,0,0,510,0,0,0,11     C
2017-12-04,8420,0,0,525,12747,0,0,0,525,0,0,0,11     C
2017-12-05,8420,5,8,522,12747,0,0,0,525,0,0,0,11     C
2017-12-06,8420,16,0,538,12747,0,0,0,522,0,0,0,11     C
2017-12-07,8420,3,3,538,12747,0,0,0,538,0,0,0,11     C
2017-12-08,8420,0,0,538,12747,0,0,0,538,0,0,0,11     C
2017-12-11,8420,0,0,538,12747,0,0,0,538,0,0,0,11     C
2017-12-12,8420,0,0,538,12747,0,0,0,538,0,0,0,11     C
2017-12-13,8420,0,0,538,12747,0,0,0,538,0,0,0,11     C
2017-12-14,8420,1,0,539,12747,0,0,0,538,0,0,0,11     C
2017-12-15,8420,5,0,544,12747,0,0,0,539,0,0,0,11     C
2017-12-18,8420,0,0,544,12747,0,0,0,544,0,0,0,11     C
2017-12-19,8420,0,0,544,12747,0,0,0,544,0,0,0,11     C
2017-12-20,8420,1,0,545,12747,0,0,0,544,0,0,0,11     C
2017-12-21,8420,8,3,550,12747,0,0,0,545,0,0,0,11     C
2017-12-22,8420,0,2,548,12747,0,0,0,550,0,0,0,11     C
2017-12-25,8420,0,0,548,12747,0,0,0,548,0,0,0,11     C
2017-12-26,8420,0,8,540,12747,0,0,0,548,0,0,0,11     C
2017-12-27,8420,0,4,536,12747,0,0,0,540,0,0,0,11     C
2017-12-28,8420,0,20,516,12747,0,0,0,536,0,0,0,11     C
2017-12-29,8420,0,0,516,12747,0,0,0,516,0,0,0,11     C
2018-01-02,8420,0,0,516,12747,0,0,0,516,0,0,0,11     C
2018-01-03,8420,0,2,511,12747,0,0,0,516,3,0,0,11     C
2018-01-04,8420,0,0,511,12747,0,0,0,511,0,0,0,11     C
2018-01-05,8420,0,5,506,12747,0,0,0,511,0,0,0,11     C
2018-01-08,8420,0,0,506,12747,0,0,0,506,0,0,0,11     C
2018-01-09,8420,0,2,504,12747,0,0,0,506,0,0,0,11     C
2018-01-10,8420,1,0,505,12747,0,0,0,504,0,0,0,11     C
2018-01-11,8420,0,0,505,12747,0,0,0,505,0,0,0,11     C
2018-01-12,8420,0,1,504,12747,0,0,0,505,0,0,0,11     C
2018-01-15,8420,0,0,504,12747,0,0,0,504,0,0,0,11     C
2018-01-16,8420,3,1,506,12747,0,0,0,504,0,0,0,11     C
2018-01-17,8420,2,0,508,12747,0,0,0,506,0,0,0,11     C
2018-01-18,8420,0,0,508,12747,0,0,0,508,0,0,0,11     C
2018-01-19,8420,3,0,511,12747,0,0,0,508,0,0,0,11     C
2018-01-22,8420,6,0,517,12747,0,0,0,511,0,0,0,11     C
2018-01-23,8420,4,0,521,12747,0,0,0,517,0,0,0,11     C
2018-01-24,8420,4,0,525,12747,0,0,0,521,0,0,0,11     C
2018-01-25,8420,9,0,534,12747,0,0,0,525,0,0,0,11     C
2018-01-26,8420,11,3,542,12747,0,0,0,534,0,0,0,11     C
2018-01-29,8420,2,0,544,12747,0,0,0,542,0,0,0,11     C
2018-01-30,8420,0,0,544,12747,0,0,0,544,0,0,0,11     C
2018-01-31,8420,0,0,544,12747,0,0,0,544,0,0,0,11     C
2018-02-01,8420,7,0,551,12747,0,0,0,544,0,0,0,11     C
2018-02-02,8420,1,0,552,12747,0,0,0,551,0,0,0,11     C
2018-02-05,8420,3,0,555,12747,0,0,0,552,0,0,0,11     C
2018-02-06,8420,37,23,569,12747,0,0,0,555,0,0,0,11     C
2018-02-07,8420,3,0,572,12747,0,0,0,569,0,0,0,11     C
2018-02-08,8420,0,0,572,12747,0,0,0,572,0,0,0,11     C
2018-02-09,8420,32,2,602,12747,0,0,0,572,0,0,0,11     C
2018-02-12,8420,19,25,596,12747,0,0,0,602,0,0,0,11     C
2018-02-21,8420,3,6,591,12747,0,0,0,594,0,0,0,11     C
2018-02-22,8420,0,0,591,12747,0,0,0,591,0,0,0,11     C
2018-02-23,8420,0,3,588,12747,0,0,0,591,0,0,0,11     C
2018-02-26,8420,6,9,585,12747,0,0,0,588,0,0,0,11     C
2018-02-27,8420,0,3,582,12747,0,0,0,585,0,0,0,11     C
2018-03-01,8420,0,3,579,12747,0,0,0,582,0,0,0,11     C
2018-03-02,8420,0,3,576,12747,0,0,0,579,0,0,0,11     C
2018-03-05,8420,0,0,576,12747,0,0,0,576,0,0,0,11     C
2018-03-06,8420,0,4,572,12747,0,0,0,576,0,0,0,11     C
2018-03-07,8420,1,3,570,12747,0,0,0,572,0,0,0,11     C
2018-03-08,8420,0,5,565,12747,0,0,0,570,0,0,0,11     C
2018-03-09,8420,1,5,561,12747,0,0,0,565,0,0,0,11     C
2018-03-12,8420,24,77,508,12747,0,0,0,561,0,0,0,11     C
2018-03-13,8420,0,1,507,12747,0,0,0,508,0,0,0,11     C
2018-03-14,8420,20,18,509,12747,0,0,0,507,0,0,0,11     C
2018-03-15,8420,0,7,502,12747,0,0,0,509,0,0,0,11     C
2018-03-16,8420,4,0,506,12747,0,0,0,502,0,0,0,11 X   C
2018-03-19,8420,7,22,491,12747,0,0,0,506,0,0,0,11 X   C
2018-03-20,8420,0,0,491,12747,0,0,0,491,0,0,0,11 X   C
2018-03-21,8420,4,5,490,12747,0,0,0,491,0,0,0,11 X   C
2018-03-22,8420,0,2,488,12747,0,0,0,490,0,0,0,11     C
2018-03-23,8420,3,9,482,12747,0,0,0,488,0,0,0,11     C
2018-03-26,8420,0,0,482,12747,0,0,0,482,0,0,0,11     C
2018-03-27,8420,0,4,478,12747,0,0,0,482,0,0,0,11     C
2018-03-28,8420,0,2,476,12747,0,0,0,478,0,0,0,11     C
2018-03-29,8420,0,4,472,12747,0,0,0,476,0,0,0,11     C
2018-03-30,8420,0,0,472,12747,0,0,0,472,0,0,0,11     C
2018-03-31,8420,0,0,472,12747,0,0,0,472,0,0,0,11     C
2018-04-02,8420,1,2,471,12747,0,0,0,472,0,0,0,11     C
2018-04-03,8420,8,7,472,12747,0,0,0,471,0,0,0,11     C
2018-04-09,8420,1,1,472,12747,0,0,0,472,0,0,0,11     C
2018-04-10,8420,0,1,471,12747,0,0,0,472,0,0,0,11     C
2018-04-11,8420,0,7,464,12747,0,0,0,471,0,0,0,11     C
2018-04-12,8420,0,2,462,12747,0,0,0,464,0,0,0,11     C
2018-04-13,8420,0,3,459,12747,0,0,0,462,0,0,0,11     C
2018-04-16,8420,0,3,456,12747,0,0,0,459,0,0,0,11     C
2018-04-17,8420,0,2,454,12747,0,0,0,456,0,0,0,11     C
2018-04-18,8420,0,2,452,12747,0,0,0,454,0,0,0,11     C
2018-04-19,8420,0,1,451,12747,0,0,0,452,0,0,0,11     C
2018-04-20,8420,0,0,451,12747,0,0,0,451,0,0,0,11     C
2018-04-23,8420,0,0,451,12747,0,0,0,451,0,0,0,11     C
2018-04-24,8420,5,2,454,12747,0,0,0,451,0,0,0,11     C
2018-04-25,8420,0,1,453,12747,0,0,0,454,0,0,0,11     C
2018-04-26,8420,0,1,452,12747,0,0,0,453,0,0,0,11     C
2018-04-27,8420,0,0,452,12747,0,0,0,452,0,0,0,11     C
2018-04-30,8420,1,0,453,12747,0,0,0,452,0,0,0,11     C
2018-05-02,8420,0,2,451,12747,0,0,0,453,0,0,0,11     C
2018-05-03,8420,0,1,450,12747,0,0,0,451,0,0,0,11     C
2018-05-04,8420,10,9,451,12747,0,0,0,450,0,0,0,11     C
2018-05-07,8420,10,17,444,12747,0,0,0,451,0,0,0,11     C
2018-05-08,8420,10,98,356,12747,0,0,0,444,0,0,0,11     C
2018-05-09,8420,0,0,356,12747,0,0,0,356,0,0,0,11     C
2018-05-10,8420,1,0,357,12747,0,0,0,356,0,0,0,11     C
2018-05-11,8420,0,5,352,12747,0,0,0,357,0,0,0,11     C
2018-05-14,8420,3,0,355,12747,0,0,0,352,0,0,0,11     C
2018-05-15,8420,1,2,354,12747,0,0,0,355,0,0,0,11     C
2018-05-16,8420,0,0,354,12747,0,0,0,354,0,0,0,11     C
2018-05-17,8420,1,0,355,12747,0,0,0,354,0,0,0,11     C
2018-05-18,8420,0,12,343,12747,0,1,1,355,0,0,0,11     C
2018-05-21,8420,5,16,332,12747,1,0,0,343,0,1,0,11     C
2018-05-22,8420,15,13,334,12747,0,0,0,332,0,0,0,11     C
2018-05-23,8420,4,0,338,12747,0,0,0,334,0,0,0,11     C
2018-05-24,8420,2,0,340,12747,0,0,0,338,0,0,0,11     C
2018-05-25,8420,5,10,335,12747,0,0,0,340,0,0,0,11     C
2018-05-28,8420,20,0,355,12747,0,0,0,335,0,0,0,11     C
2018-05-29,8420,33,29,359,12747,0,0,0,355,0,0,0,11     C
2018-05-30,8420,7,0,366,12747,0,0,0,359,0,0,0,11     C
2018-05-31,8420,0,0,366,12747,0,0,0,366,0,0,0,11     C
2018-06-01,8420,0,1,365,12747,0,0,0,366,0,0,0,11     C
2018-06-04,8420,2,0,367,12747,0,0,0,365,0,0,0,11     C
2018-06-05,8420,0,0,367,12747,0,0,0,367,0,0,0,11     C
2018-06-06,8420,2,0,369,12747,0,0,0,367,0,0,0,11     C
2018-06-07,8420,0,0,369,12747,0,0,0,369,0,0,0,11     C
2018-06-08,8420,4,0,373,12747,0,0,0,369,0,0,0,11     C
2018-06-11,8420,6,4,375,12747,0,0,0,373,0,0,0,11     C
2018-06-12,8420,3,0,378,12747,0,0,0,375,0,0,0,11     C
2018-06-13,8420,14,13,379,12747,0,0,0,378,0,0,0,11     C
2018-06-14,8420,17,7,389,12747,0,0,0,379,0,0,0,11     C
2018-06-15,8420,13,0,402,12747,0,0,0,389,0,0,0,11    BC
2018-06-19,8420,8,0,410,12747,0,0,0,402,0,0,0,11 X  BC
2018-06-20,8420,0,0,410,12747,0,0,0,410,0,0,0,11 X  BC
2018-06-21,8420,8,0,418,12747,0,0,0,410,0,0,0,11 X  BC
2018-06-22,8420,3,0,421,12747,0,0,0,418,0,0,0,11 X  BC
2018-06-25,8420,4,0,425,12747,0,0,0,421,0,0,0,11    BC
2018-06-26,8420,0,0,425,12747,0,0,0,425,0,0,0,11    BC
2018-06-27,8420,0,0,425,12747,0,0,0,425,0,0,0,11    BC
2018-06-28,8420,0,2,423,12747,0,0,0,425,0,0,0,11    BC
2018-06-29,8420,0,0,423,12747,0,0,0,423,0,0,0,11    BC
2018-07-02,8420,2,3,415,12747,0,0,0,423,7,0,0,11    BC
2018-07-03,8420,0,0,415,12747,0,0,0,415,0,0,0,11    BC
2018-07-04,8420,0,0,415,12747,0,0,0,415,0,0,0,11    BC
2018-07-05,8420,9,0,424,12747,0,0,0,415,0,0,0,11    BC
2018-07-06,8420,0,0,424,12747,0,0,0,424,0,0,0,11    BC
2018-07-09,8420,0,0,424,12747,0,0,0,424,0,0,0,11    BC
2018-07-10,8420,2,0,426,12747,0,0,0,424,0,0,0,11    BC
2018-07-11,8420,1,18,409,12747,0,0,0,426,0,0,0,11    BC
2018-07-12,8420,0,0,409,12747,0,0,0,409,0,0,0,11    BC
2018-07-13,8420,4,4,409,12747,0,0,0,409,0,0,0,11    BC
2018-07-16,8420,18,4,423,12747,0,0,0,409,0,0,0,11    BC
2018-07-17,8420,12,0,435,12747,0,0,0,423,0,0,0,11    BC
2018-07-18,8420,4,0,410,12747,0,0,0,435,29,0,0,11    BC
2018-07-19,8420,2,1,411,12747,0,0,0,410,0,0,0,11    BC
2018-07-20,8420,2,2,411,12747,0,0,0,411,0,0,0,11    BC
2018-07-23,8420,0,0,411,12747,0,0,0,411,0,0,0,11    BC
2018-07-24,8420,0,0,411,12747,0,0,0,411,0,0,0,11    BC
2018-07-25,8420,1,0,412,12747,0,0,0,411,0,0,0,11    BC
2018-07-26,8420,2,1,413,12747,0,0,0,412,0,0,0,11    BC
2018-07-27,8420,1,0,414,12747,0,0,0,413,0,0,0,11    BC
2018-07-30,8420,0,0,414,12747,0,0,0,414,0,0,0,11    BC
2018-07-31,8420,0,0,414,12747,0,0,0,414,0,0,0,11    BC
2018-08-01,8420,1,0,415,12747,0,0,0,414,0,0,0,11    BC
2018-08-02,8420,4,10,409,12747,0,0,0,415,0,0,0,11    BC
2018-08-03,8420,0,0,409,12747,0,0,0,409,0,0,0,11    BC
2018-08-06,8420,1,0,410,12747,0,0,0,409,0,0,0,11    BC
2018-08-07,8420,2,5,407,12747,0,0,0,410,0,0,0,11    BC
2018-08-08,8420,0,0,407,12747,0,0,0,407,0,0,0,11    BC
2018-08-09,8420,2,1,408,12747,0,0,0,407,0,0,0,11    BC
2018-08-10,8420,2,0,410,12747,0,0,0,408,0,0,0,11    BC
2018-08-13,8420,15,15,410,12747,0,0,0,410,0,0,0,11    BC
2018-08-14,8420,2,0,412,12747,0,0,0,410,0,0,0,11    BC
2018-08-15,8420,1,0,413,12747,0,0,0,412,0,0,0,11    BC
2018-08-16,8420,0,0,413,12747,0,0,0,413,0,0,0,11    BC
2018-08-17,8420,0,1,412,12747,0,0,0,413,0,0,0,11    BC
2018-08-20,8420,0,0,412,12747,0,0,0,412,0,0,0,11    BC
2018-08-21,8420,2,9,405,12747,0,0,0,412,0,0,0,11    BC
2018-08-22,8420,0,9,396,12747,0,0,0,405,0,0,0,11    BC
2018-08-23,8420,1,0,397,12747,0,0,0,396,0,0,0,11    BC
2018-08-24,8420,1,0,398,12747,0,0,0,397,0,0,0,11    BC
2018-08-27,8420,4,5,397,12747,0,0,0,398,0,0,0,11    BC
2018-08-28,8420,8,4,401,12747,0,0,0,397,0,0,0,11    BC
2018-08-29,8420,17,20,398,12747,0,0,0,401,0,0,0,11    BC
2018-08-30,8420,0,15,383,12747,0,0,0,398,0,0,0,11    BC
2018-08-31,8420,7,8,382,12747,0,0,0,383,0,0,0,11    BC
2018-09-03,8420,0,0,382,12747,0,0,0,382,0,0,0,11    BC
2018-09-04,8420,0,0,382,12747,0,0,0,382,0,0,0,11    BC
2018-09-05,8420,5,3,384,12747,0,0,0,382,0,0,0,11    BC
2018-09-06,8420,7,0,386,12747,0,0,0,384,5,0,0,11    BC
2018-09-07,8420,3,1,388,12747,0,0,0,386,0,0,0,11    BC
2018-09-10,8420,0,0,388,12747,0,0,0,388,0,0,0,11    BC
2018-09-11,8420,0,0,388,12747,0,0,0,388,0,0,0,11    BC
2018-09-12,8420,5,6,387,12747,0,0,0,388,0,0,0,11    BC
2018-09-13,8420,0,0,387,12747,0,0,0,387,0,0,0,11    BC
2018-09-14,8420,0,0,383,12747,0,0,0,387,4,0,0,11    BC
2018-09-17,8420,0,0,383,12747,0,0,0,383,0,0,0,11    BC
2018-09-18,8420,0,0,383,12747,0,0,0,383,0,0,0,11    BC
2018-09-19,8420,0,2,372,12747,0,0,0,383,9,0,0,11    BC
2018-09-20,8420,2,3,371,12747,0,0,0,372,0,0,0,11    BC
2018-09-21,8420,0,0,371,12747,0,0,0,371,0,0,0,11    BC
2018-09-25,8420,15,10,376,12747,0,0,0,371,0,0,0,11    BC
2018-09-26,8420,5,5,376,12747,0,0,0,376,0,0,0,11    BC
2018-09-27,8420,0,8,368,12747,0,0,0,376,0,0,0,11    BC
2018-09-28,8420,0,2,366,12747,0,0,0,368,0,0,0,11    BC
2018-10-01,8420,0,0,366,12747,0,0,0,366,0,0,0,11    BC
2018-10-02,8420,2,2,366,12747,0,0,0,366,0,0,0,11    BC
2018-10-03,8420,0,8,358,12747,0,0,0,366,0,0,0,11    BC
2018-10-04,8420,0,2,356,12747,0,0,0,358,0,0,0,11    BC
2018-10-05,8420,0,0,356,12747,0,0,0,356,0,0,0,11    BC
2018-10-08,8420,3,5,354,12747,0,0,0,356,0,0,0,11    BC
2018-10-09,8420,0,7,347,12747,0,0,0,354,0,0,0,11    BC
2018-10-11,8420,17,11,353,12747,0,0,0,347,0,0,0,11    BC
2018-10-12,8420,6,0,359,12747,0,0,0,353,0,0,0,11    BC
2018-10-15,8420,1,0,360,12747,0,0,0,359,0,0,0,11    BC
2018-10-16,8420,0,0,360,12747,0,0,0,360,0,0,0,11    BC
2018-10-17,8420,0,5,355,12747,0,0,0,360,0,0,0,11    BC
2018-10-18,8420,2,7,350,12747,0,0,0,355,0,0,0,11    BC
2018-10-19,8420,0,2,348,12747,0,0,0,350,0,0,0,11    BC
2018-10-22,8420,5,0,353,12747,0,0,0,348,0,0,0,11    BC
2018-10-23,8420,13,0,366,12747,0,0,0,353,0,0,0,11    BC
2018-10-24,8420,2,0,368,12747,0,0,0,366,0,0,0,11    BC
2018-10-25,8420,6,8,366,12747,0,0,0,368,0,0,0,11    BC
2018-10-26,8420,0,0,366,12747,0,0,0,366,0,0,0,11    BC
2018-10-29,8420,0,1,365,12747,0,0,0,366,0,0,0,11    BC
2018-10-30,8420,2,0,367,12747,0,0,0,365,0,0,0,11    BC
2018-10-31,8420,1,0,368,12747,0,0,0,367,0,0,0,11    BC
2018-11-01,8420,4,0,372,12747,0,0,0,368,0,0,0,11    BC
2018-11-02,8420,7,0,379,12747,0,0,0,372,0,0,0,11    BC
2018-11-05,8420,0,0,379,12747,0,0,0,379,0,0,0,11    BC
2018-11-06,8420,3,0,382,12747,0,0,0,379,0,0,0,11    BC
2018-11-07,8420,3,1,384,12747,0,0,0,382,0,0,0,11    BC
2018-11-08,8420,2,1,385,12747,0,0,0,384,0,0,0,11    BC
2018-11-09,8420,11,0,396,12747,0,0,0,385,0,0,0,11    BC
2018-11-12,8420,2,7,391,12747,0,0,0,396,0,0,0,11    BC
2018-11-13,8420,0,12,379,12747,0,0,0,391,0,0,0,11    BC
2018-11-14,8420,1,1,379,12747,0,0,0,379,0,0,0,11    BC
2018-11-15,8420,0,0,379,12747,0,0,0,379,0,0,0,11    BC
2018-11-16,8420,4,0,369,12747,0,0,0,379,14,0,0,11    BC
2018-11-19,8420,5,4,370,12747,0,0,0,369,0,0,0,11    BC
2018-11-20,8420,0,0,370,12747,0,0,0,370,0,0,0,11    BC
2018-11-21,8420,0,0,370,12747,0,0,0,370,0,0,0,11    BC
2018-11-22,8420,1,5,366,12747,0,0,0,370,0,0,0,11    BC
2018-11-23,8420,2,0,368,12747,0,0,0,366,0,0,0,11    BC
2018-11-26,8420,4,5,367,12747,0,0,0,368,0,0,0,11    BC
2018-11-27,8420,4,16,355,12747,0,0,0,367,0,0,0,11    BC
2018-11-28,8420,20,0,375,12747,0,0,0,355,0,0,0,11    BC
2018-11-29,8420,3,4,374,12747,0,0,0,375,0,0,0,11    BC
2018-11-30,8420,16,0,390,12747,0,0,0,374,0,0,0,11    BC
2018-12-03,8420,5,1,394,12747,0,0,0,390,0,0,0,11    BC
2018-12-04,8420,8,0,402,12747,0,0,0,394,0,0,0,11    BC
2018-12-05,8420,1,3,400,12747,0,0,0,402,0,0,0,11    BC
2018-12-06,8420,8,3,405,12747,0,0,0,400,0,0,0,11    BC
2018-12-07,8420,10,5,410,12747,0,0,0,405,0,0,0,11    BC
2018-12-10,8420,1,2,409,12747,0,0,0,410,0,0,0,11    BC
2018-12-11,8420,4,12,401,12747,0,0,0,409,0,0,0,11    BC
2018-12-12,8420,2,6,397,12747,0,0,0,401,0,0,0,11    BC
2018-12-13,8420,6,7,396,12747,0,0,0,397,0,0,0,11    BC
2018-12-14,8420,2,2,396,12747,0,0,0,396,0,0,0,11    BC
2018-12-17,8420,0,2,394,12747,0,0,0,396,0,0,0,11    BC
2018-12-18,8420,3,2,395,12747,0,0,0,394,0,0,0,11    BC
2018-12-19,8420,0,0,395,12747,0,0,0,395,0,0,0,11    BC
2018-12-20,8420,1,12,384,12747,0,0,0,395,0,0,0,11    BC
2018-12-21,8420,6,6,384,12747,0,0,0,384,0,0,0,11    BC
2018-12-22,8420,5,0,389,12747,0,0,0,384,0,0,0,11    BC
2018-12-24,8420,0,0,389,12747,0,0,0,389,0,0,0,11    BC
2018-12-25,8420,0,0,389,12747,0,0,0,389,0,0,0,11    BC
2018-12-26,8420,0,0,389,12747,0,0,0,389,0,0,0,11    BC
2018-12-27,8420,2,5,386,12747,0,0,0,389,0,0,0,11    BC
2018-12-28,8420,1,2,385,12747,0,0,0,386,0,0,0,11    BC
2019-01-02,8420,4,0,389,12747,0,0,0,385,0,0,0,11    BC
2019-01-03,8420,5,0,394,12747,0,0,0,389,0,0,0,11    BC
2019-01-04,8420,2,0,396,12747,0,0,0,394,0,0,0,11    BC
2019-01-07,8420,1,0,397,12747,0,0,0,396,0,0,0,11    BC
2019-01-08,8420,1,0,398,12747,0,0,0,397,0,0,0,11    BC
2019-01-09,8420,1,1,398,12747,0,0,0,398,0,0,0,11    BC
2019-01-10,8420,3,0,401,12747,0,0,0,398,0,0,0,11    BC
2019-01-11,8420,0,0,401,12747,0,0,0,401,0,0,0,11    BC
2019-01-14,8420,3,0,404,12747,0,0,0,401,0,0,0,11    BC
2019-01-15,8420,0,0,404,12747,0,0,0,404,0,0,0,11    BC
2019-01-16,8420,0,0,404,12747,0,0,0,404,0,0,0,11    BC
2019-01-17,8420,2,0,406,12747,0,0,0,404,0,0,0,11    BC
2019-01-18,8420,0,8,398,12747,0,0,0,406,0,0,0,11    BC
2019-01-21,8420,0,0,398,12747,0,0,0,398,0,0,0,11    BC
2019-01-22,8420,2,0,400,12747,0,0,0,398,0,0,0,11    BC
2019-01-23,8420,0,0,400,12747,0,0,0,400,0,0,0,11    BC
2019-01-24,8420,0,0,400,12747,0,0,0,400,0,0,0,11    BC
2019-01-25,8420,0,2,398,12747,0,0,0,400,0,0,0,11    BC
2019-01-28,8420,0,0,396,12747,0,0,0,398,2,0,0,11    BC
2019-01-29,8420,3,0,399,12747,0,0,0,396,0,0,0,11    BC
2019-01-30,8420,1,0,400,12747,0,0,0,399,0,0,0,11    BC
2019-02-11,8420,2,0,399,12747,0,0,0,397,0,0,0,11    BC
2019-02-12,8420,8,3,407,12747,0,0,0,402,0,0,0,11    BC
2019-02-13,8420,1,4,404,12747,0,0,0,407,0,0,0,11    BC
2019-02-14,8420,0,0,404,12747,0,0,0,404,0,0,0,11    BC
2019-02-15,8420,17,20,401,12747,0,0,0,404,0,0,0,11    BC
2019-02-18,8420,4,0,405,12747,0,0,0,401,0,0,0,11    BC
2019-02-19,8420,0,0,405,12747,0,0,0,405,0,0,0,11    BC
2019-02-20,8420,2,0,407,12747,0,0,0,405,0,0,0,11    BC
2019-02-21,8420,7,1,413,12747,0,0,0,407,0,0,0,11    BC
2019-02-22,8420,4,1,416,12747,0,0,0,413,0,0,0,11    BC
2019-02-25,8420,2,2,416,12747,0,0,0,416,0,0,0,11    BC
2019-02-26,8420,2,0,418,12747,0,0,0,416,0,0,0,11    BC
2019-02-27,8420,0,0,418,12747,0,0,0,418,0,0,0,11    BC
2019-03-04,8420,121,94,445,12747,0,8,8,418,0,0,0,11    BC
2019-03-05,8420,2,47,400,12747,0,9,17,445,0,8,0,11    BC
2019-03-06,8420,239,116,523,12747,13,4,8,400,0,17,0,11    BC
2019-03-07,8420,223,108,638,12747,2,0,6,523,0,8,0,11    BC
2019-03-08,8420,224,162,700,12747,0,0,5,638,0,6,1,11    BC
2019-03-11,8420,72,83,689,12747,3,0,2,700,0,5,0,11    B
2019-03-12,8420,84,41,732,12747,2,0,0,689,0,2,0,11    B
2019-03-13,8420,113,138,707,12747,0,0,0,732,0,0,0,11    B
2019-03-14,8420,182,136,753,12747,0,2,2,707,0,0,0,11    B
2019-03-15,8420,49,59,743,12747,0,0,2,753,0,2,0,11    B
2019-03-18,8420,43,85,701,12747,0,0,2,743,0,2,0,11    B
2019-03-19,8420,26,47,680,12747,0,0,2,701,0,2,0,11    B
2019-03-20,8420,31,22,689,12747,0,0,2,680,0,2,0,11    B
2019-03-21,8420,48,38,699,12747,1,0,1,689,0,2,0,11    B
2019-03-22,8420,43,43,698,12747,0,0,1,699,1,1,0,11 X  B
2019-03-25,8420,62,57,703,12747,1,0,0,698,0,1,0,11 X  B
2019-03-26,8420,21,49,675,12747,0,0,0,703,0,0,0,11 X  B
2019-03-27,8420,16,44,647,12747,0,0,0,675,0,0,0,11 X  B
2019-03-28,8420,43,27,663,12747,0,0,0,647,0,0,0,11    B
2019-03-29,8420,199,121,741,12747,0,0,0,663,0,0,0,11    B
2019-04-01,8420,78,89,730,12747,0,0,0,741,0,0,0,11    B
2019-04-02,8420,11,35,706,12747,0,0,0,730,0,0,0,11    B
2019-04-03,8420,10,7,709,12747,0,0,0,706,0,0,0,11    B
2019-04-08,8420,31,13,727,12747,0,0,0,709,0,0,0,11    B
2019-04-09,8420,52,77,702,12747,0,0,0,727,0,0,0,11    B
2019-04-10,8420,15,32,685,12747,0,0,0,702,0,0,0,11    B
2019-04-11,8420,10,26,669,12747,0,0,0,685,0,0,0,11    B
2019-04-12,8420,5,10,664,12747,0,0,0,669,0,0,0,11    B
2019-04-15,8420,5,4,665,12747,0,0,0,664,0,0,0,11    B
2019-04-16,8420,354,123,896,12747,0,0,0,665,0,0,0,11    B
2019-04-17,8420,373,301,968,12747,0,21,21,896,0,0,0,11    B
2019-04-18,8420,207,263,912,12747,16,0,5,968,0,21,0,11    B
2019-04-19,8420,210,233,889,12747,0,6,11,912,0,5,0,11    B
2019-04-22,8420,71,39,921,12747,0,0,11,889,0,11,0,11    B
2019-04-23,8420,62,52,931,12747,0,0,11,921,0,11,0,11    B
2019-04-24,8420,35,46,920,12747,0,0,11,931,0,11,0,11    B
2019-04-25,8420,124,117,927,12747,0,2,13,920,0,11,0,11    B
2019-04-26,8420,109,150,886,12747,1,2,14,927,0,13,0,11    B
2019-04-29,8420,57,67,876,12747,5,2,11,886,0,14,0,11    B
2019-04-30,8420,28,73,831,12747,4,0,7,876,0,11,0,11    B
2019-05-02,8420,66,101,796,12747,1,0,6,831,0,7,0,11    B
2019-05-03,8420,71,45,822,12747,0,0,6,796,0,6,0,11    B
2019-05-06,8420,56,54,824,12747,0,0,6,822,0,6,0,11    B
2019-05-07,8420,67,39,852,12747,0,0,6,824,0,6,0,11    B
2019-05-08,8420,105,132,825,12747,0,2,8,852,0,6,0,11    B
2019-05-09,8420,126,134,817,12747,1,0,7,825,0,8,0,11    B
2019-05-10,8420,104,78,843,12747,0,3,10,817,0,7,0,11    B
2019-05-13,8420,67,31,879,12747,3,0,7,843,0,10,0,11    B
2019-05-14,8420,79,65,885,12747,0,0,2,879,8,7,5,11    B
2019-05-15,8420,66,92,859,12747,0,0,2,885,0,2,0,11    B
2019-05-16,8420,24,8,875,12747,0,0,2,859,0,2,0,11    B
2019-05-17,8420,48,35,888,12747,1,0,1,875,0,2,0,11    B
2019-05-20,8420,31,11,908,12747,0,0,1,888,0,1,0,11    B
2019-05-21,8420,6,7,907,12747,0,0,1,908,0,1,0,11    B
2019-05-22,8420,37,91,853,12747,1,0,0,907,0,1,0,11    B
2019-05-23,8420,47,20,880,12747,0,0,0,853,0,0,0,11    B
2019-05-24,8420,19,4,895,12747,0,0,0,880,0,0,0,11    B
2019-05-27,8420,5,2,898,12747,0,0,0,895,0,0,0,11    B
2019-05-28,8420,5,5,898,12747,0,0,0,898,0,0,0,11    B
2019-05-29,8420,22,10,910,12747,0,0,0,898,0,0,0,11    B
2019-05-30,8420,7,27,890,12747,0,0,0,910,0,0,0,11    B
2019-05-31,8420,11,23,878,12747,0,0,0,890,0,0,0,11    B
2019-06-03,8420,9,14,873,12747,0,0,0,878,0,0,0,11    B
2019-06-04,8420,5,2,876,12747,0,0,0,873,0,0,0,11    B
2019-06-05,8420,25,5,896,12747,0,0,0,876,0,0,0,11    B
2019-06-06,8420,24,10,910,12747,0,0,0,896,0,0,0,11    B
2019-06-10,8420,20,9,921,12747,0,0,0,910,0,0,0,11    B
2019-06-11,8420,18,19,920,12747,0,0,0,921,0,0,0,11    B
2019-06-12,8420,18,6,932,12747,0,0,0,920,0,0,0,11    B
2019-06-13,8420,6,1,937,12747,0,0,0,932,0,0,0,11    B
2019-06-14,8420,10,8,939,12747,0,0,0,937,0,0,0,11    B
2019-06-17,8420,5,2,942,12747,0,0,0,939,0,0,0,11    B
2019-06-18,8420,6,3,945,12747,0,0,0,942,0,0,0,11    B
2019-06-19,8420,5,11,939,12747,0,0,0,945,0,0,0,11    B
2019-06-20,8420,16,5,950,12747,0,0,0,939,0,0,0,11    B
2019-06-21,8420,20,26,944,12747,0,0,0,950,0,0,0,
2019-06-24,8420,66,101,909,12747,0,0,0,944,0,0,0,
2019-06-25,8420,23,51,881,12747,0,0,0,909,0,0,0,
2019-06-26,8420,9,5,885,12747,0,0,0,881,0,0,0,X
2019-06-27,8420,7,10,882,12747,0,0,0,885,0,0,0,X
2019-06-28,8420,7,8,881,12747,0,0,0,882,0,0,0,X
2019-07-01,8420,25,23,883,12747,0,0,0,881,0,0,0,X
2019-07-02,8420,40,51,872,12747,0,0,0,883,0,0,0,
2019-07-03,8420,15,25,862,12747,0,0,0,872,0,0,0,
2019-07-04,8420,15,11,866,12747,0,0,0,862,0,0,0,
2019-07-05,8420,3,13,856,12747,0,0,0,866,0,0,0,
2019-07-08,8420,8,19,845,12747,0,0,0,856,0,0,0,
2019-07-09,8420,7,7,845,12747,0,0,0,845,0,0,0,
2019-07-10,8420,17,25,837,12747,0,0,0,845,0,0,0,
2019-07-11,8420,6,4,839,12747,0,0,0,837,0,0,0,
2019-07-12,8420,7,0,846,12747,0,0,0,839,0,0,0,
2019-07-15,8420,10,4,852,12747,0,0,0,846,0,0,0,
2019-07-16,8420,18,24,846,12747,0,0,0,852,0,0,0,
2019-07-17,8420,16,4,858,12747,0,0,0,846,0,0,0,
2019-07-18,8420,5,25,838,12747,0,0,0,858,0,0,0,
2019-07-19,8420,8,13,833,12747,0,0,0,838,0,0,0,
2019-07-22,8420,15,1,847,12747,0,0,0,833,0,0,0,
2019-07-23,8420,10,2,855,12747,0,0,0,847,0,0,0,
2019-07-24,8420,20,12,863,12747,0,0,0,855,0,0,0,
2019-07-25,8420,9,6,866,12747,0,0,0,863,0,0,0,
2019-07-26,8420,13,24,855,12747,0,0,0,866,0,0,0,
2019-07-29,8420,12,8,859,12747,0,0,0,855,0,0,0,
2019-07-30,8420,22,22,859,12747,0,0,0,859,0,0,0,
2019-07-31,8420,12,6,865,12747,0,0,0,859,0,0,0,
2019-08-01,8420,55,59,861,12747,0,0,0,865,0,0,0,
2019-08-02,8420,27,52,836,12747,0,0,0,861,0,0,0,
2019-08-05,8420,72,61,847,12747,0,0,0,836,0,0,0,
2019-08-06,8420,37,43,841,12747,0,0,0,847,0,0,0,
2019-08-07,8420,38,35,844,12747,0,0,0,841,0,0,0,
2019-08-08,8420,158,105,897,12747,0,0,0,844,0,0,0,
2019-08-12,8420,144,126,915,12747,0,1,1,897,0,0,0,
2019-08-13,8420,70,130,855,12747,0,0,1,915,0,1,0,
2019-08-14,8420,40,30,865,12747,1,0,0,855,0,1,0,
2019-08-15,8420,34,40,859,12747,0,0,0,865,0,0,0,
2019-08-16,8420,31,12,878,12747,0,0,0,859,0,0,0,
2019-08-19,8420,22,22,878,12747,0,0,0,878,0,0,0,
2019-08-20,8420,84,74,888,12747,0,0,0,878,0,0,0,
2019-08-21,8420,19,24,883,12747,0,0,0,888,0,0,0,
2019-08-22,8420,35,24,894,12747,0,0,0,883,0,0,0,
2019-08-23,8420,13,2,905,12747,0,0,0,894,0,0,0,
2019-08-26,8420,19,15,909,12747,0,0,0,905,0,0,0,
2019-08-27,8420,18,18,909,12747,0,0,0,909,0,0,0,
2019-08-28,8420,18,25,902,12747,0,0,0,909,0,0,0,
2019-08-29,8420,6,27,881,12747,0,0,0,902,0,0,0,
2019-08-30,8420,15,25,871,12747,0,0,0,881,0,0,0,
2019-09-02,8420,8,16,863,12747,0,0,0,871,0,0,0,
2019-09-03,8420,6,3,866,12747,0,0,0,863,0,0,0,
2019-09-04,8420,2,11,857,12747,0,0,0,866,0,0,0,
2019-09-05,8420,3,6,854,12747,0,0,0,857,0,0,0,
2019-09-06,8420,12,10,856,12747,0,0,0,854,0,0,0,
2019-09-09,8420,3,13,846,12747,0,0,0,856,0,0,0,
2019-09-10,8420,8,6,848,12747,0,0,0,846,0,0,0,
2019-09-11,8420,7,5,850,12747,0,0,0,848,0,0,0,
2019-09-12,8420,5,21,834,12747,0,0,0,850,0,0,0,
2019-09-16,8420,0,11,823,12747,0,0,0,834,0,0,0,
2019-09-17,8420,2,14,811,12747,0,0,0,823,0,0,0,
2019-09-18,8420,14,26,799,12747,0,0,0,811,0,0,0,
2019-09-19,8420,12,25,786,12747,0,0,0,799,0,0,0,
2019-09-20,8420,0,10,776,12747,0,0,0,786,0,0,0,
2019-09-23,8420,0,7,769,12747,0,0,0,776,0,0,0,
2019-09-24,8420,1,11,759,12747,0,0,0,769,0,0,0,
2019-09-25,8420,2,24,737,12747,0,0,0,759,0,0,0,
2019-09-26,8420,28,20,745,12747,0,0,0,737,0,0,0,
2019-09-27,8420,61,105,701,12747,0,0,0,745,0,0,0,
2019-10-01,8420,8,19,690,12747,0,0,0,701,0,0,0,
2019-10-02,8420,4,1,693,12747,0,0,0,690,0,0,0,
2019-10-03,8420,10,4,699,12747,0,0,0,693,0,0,0,
2019-10-04,8420,14,14,699,12747,0,0,0,699,0,0,0,
2019-10-07,8420,3,1,701,12747,0,0,0,699,0,0,0,
2019-10-08,8420,5,9,697,12747,0,0,0,701,0,0,0,
2019-10-09,8420,3,2,698,12747,0,0,0,697,0,0,0,
2019-10-14,8420,7,7,698,12747,0,0,0,698,0,0,0,
2019-10-15,8420,6,9,695,12747,0,0,0,698,0,0,0,
2019-10-16,8420,0,13,682,12747,0,0,0,695,0,0,0,
2019-10-17,8420,2,2,682,12747,0,0,0,682,0,0,0,
2019-10-18,8420,1,3,680,12747,0,0,0,682,0,0,0,
2019-10-21,8420,0,0,680,12747,0,0,0,680,0,0,0,
2019-10-22,8420,1,0,681,12747,0,0,0,680,0,0,0,
2019-10-23,8420,0,1,680,12747,0,0,0,681,0,0,0,
2019-10-24,8420,6,16,670,12747,0,0,0,680,0,0,0,
2019-10-25,8420,3,0,673,12747,0,0,0,670,0,0,0,
2019-10-28,8420,5,2,676,12747,0,0,0,673,0,0,0,
2019-10-29,8420,11,10,677,12747,0,0,0,676,0,0,0,
2019-10-30,8420,9,6,680,12747,0,0,0,677,0,0,0,
2019-10-31,8420,0,1,679,12747,0,0,0,680,0,0,0,
2019-11-01,8420,2,0,681,12747,0,0,0,679,0,0,0,
2019-11-04,8420,1,4,678,12747,0,0,0,681,0,0,0,
2019-11-05,8420,12,15,675,12747,0,0,0,678,0,0,0,
2019-11-06,8420,5,4,676,12747,0,0,0,675,0,0,0,
2019-11-07,8420,1,2,675,12747,0,0,0,676,0,0,0,
2019-11-08,8420,0,0,675,12747,0,0,0,675,0,0,0,
2019-11-11,8420,5,4,676,12747,0,0,0,675,0,0,0,
2019-11-12,8420,14,6,684,12747,0,0,0,676,0,0,0,
2019-11-13,8420,4,2,686,12747,0,0,0,684,0,0,0,
2019-11-14,8420,4,14,676,12747,0,0,0,686,0,0,0,
2019-11-15,8420,0,2,674,12747,0,0,0,676,0,0,0,
2019-11-18,8420,4,9,669,12747,0,0,0,674,0,0,0,
2019-11-19,8420,1,6,664,12747,0,0,0,669,0,0,0,
2019-11-20,8420,0,0,664,12747,0,0,0,664,0,0,0,
2019-11-21,8420,12,12,664,12747,0,0,0,664,0,0,0,
2019-11-22,8420,2,4,662,12747,0,0,0,664,0,0,0,
2019-11-25,8420,3,1,664,12747,0,0,0,662,0,0,0,
2019-11-26,8420,8,14,658,12747,0,0,0,664,0,0,0,
2019-11-27,8420,2,0,660,12747,0,0,0,658,0,0,0,
2019-11-28,8420,4,0,664,12747,0,0,0,660,0,0,0,11     C
2019-11-29,8420,2,0,666,12747,0,0,0,664,0,0,0,11     C
2019-12-02,8420,6,0,672,12747,0,0,0,666,0,0,0,11     C
2019-12-03,8420,2,2,672,12747,0,0,0,672,0,0,0,11     C
2019-12-04,8420,3,3,672,12747,0,0,0,672,0,0,0,11     C
2019-12-05,8420,2,5,669,12747,0,0,0,672,0,0,0,11     C
2019-12-06,8420,3,1,671,12747,0,0,0,669,0,0,0,11     C
2019-12-09,8420,8,14,665,12747,0,0,0,671,0,0,0,11     C
2019-12-10,8420,2,11,656,12747,0,0,0,665,0,0,0,11     C
2019-12-11,8420,0,10,646,12747,0,0,0,656,0,0,0,11     C
2019-12-12,8420,4,0,650,12747,0,0,0,646,0,0,0,11     C
2019-12-13,8420,1,9,642,12747,0,0,0,650,0,0,0,11     C
2019-12-16,8420,1,19,624,12747,0,0,0,642,0,0,0,11     C
2019-12-17,8420,0,3,621,12747,0,0,0,624,0,0,0,11     C
2019-12-18,8420,0,1,620,12747,0,0,0,621,0,0,0,11     C
2019-12-19,8420,1,4,617,12747,0,0,0,620,0,0,0,11     C
2019-12-20,8420,1,16,602,12747,0,0,0,617,0,0,0,11     C
2019-12-23,8420,0,6,596,12747,0,0,0,602,0,0,0,11     C
2019-12-24,8420,0,3,593,12747,0,0,0,596,0,0,0,11     C
2019-12-25,8420,0,3,590,12747,0,0,0,593,0,0,0,11     C
2019-12-26,8420,2,6,586,12747,0,0,0,590,0,0,0,11     C
2019-12-27,8420,5,2,589,12747,0,0,0,586,0,0,0,11     C
2019-12-30,8420,1,4,586,12747,0,0,0,589,0,0,0,11     C
2019-12-31,8420,6,8,584,12747,0,0,0,586,0,0,0,11     C
2020-01-02,8420,0,0,584,12747,0,0,0,584,0,0,0,11     C
2020-01-03,8420,0,0,584,12747,0,0,0,584,0,0,0,11     C
2020-01-06,8420,3,1,586,12747,0,0,0,584,0,0,0,11     C
2020-01-07,8420,0,5,581,12747,0,0,0,586,0,0,0,11     C
2020-01-08,8420,0,0,581,12747,0,0,0,581,0,0,0,11     C
2020-01-09,8420,0,2,579,12747,0,0,0,581,0,0,0,11     C
2020-01-10,8420,12,9,582,12747,0,0,0,579,0,0,0,11     C
2020-01-13,8420,0,1,581,12747,0,0,0,582,0,0,0,11     C
2020-01-14,8420,0,1,580,12747,0,0,0,581,0,0,0,11     C
2020-01-15,8420,0,1,579,12747,0,0,0,580,0,0,0,11     C
2020-01-16,8420,0,1,578,12747,0,0,0,579,0,0,0,11     C
2020-01-17,8420,2,16,564,12747,0,0,0,578,0,0,0,11     C
2020-01-20,8420,0,24,540,12747,0,0,0,564,0,0,0,11     C
2020-01-30,8420,13,18,535,12747,0,0,0,540,0,0,0,11     C
2020-01-31,8420,3,5,533,12747,0,0,0,535,0,0,0,11     C
2020-02-03,8420,0,5,528,12747,0,0,0,533,0,0,0,11     C
2020-02-04,8420,2,7,523,12747,0,0,0,528,0,0,0,11     C
2020-02-05,8420,0,2,521,12747,0,0,0,523,0,0,0,11     C
2020-02-06,8420,1,2,520,12747,0,0,0,521,0,0,0,11     C
2020-02-07,8420,0,0,520,12747,0,0,0,520,0,0,0,11     C
2020-02-10,8420,0,7,513,12747,0,0,0,520,0,0,0,11     C
2020-02-11,8420,0,2,511,12747,0,0,0,513,0,0,0,11     C
2020-02-12,8420,0,0,511,12747,0,0,0,511,0,0,0,11     C
2020-02-13,8420,0,1,510,12747,0,0,0,511,0,0,0,11     C
2020-02-14,8420,0,0,510,12747,0,0,0,510,0,0,0,11     C
2020-02-17,8420,0,1,509,12747,0,0,0,510,0,0,0,11     C
2020-02-18,8420,0,0,509,12747,0,0,0,509,0,0,0,11     C
2020-02-19,8420,0,0,509,12747,0,0,0,509,0,0,0,11     C
2020-02-20,8420,1,5,505,12747,0,0,0,509,0,0,0,11     C
2020-02-21,8420,0,0,505,12747,0,0,0,505,0,0,0,11     C
2020-02-24,8420,0,0,505,12747,0,0,0,505,0,0,0,11     C
2020-02-25,8420,4,8,501,12747,0,0,0,505,0,0,0,11     C
2020-02-26,8420,20,8,513,12747,0,0,0,501,0,0,0,11     C
2020-02-27,8420,3,3,513,12747,0,0,0,513,0,0,0,11     C
2020-03-02,8420,28,2,539,12747,0,0,0,513,0,0,0,11     C
2020-03-03,8420,11,1,549,12747,0,0,0,539,0,0,0,11     C
2020-03-04,8420,2,7,544,12747,0,0,0,549,0,0,0,11     C
2020-03-05,8420,0,3,529,12747,0,0,0,544,12,0,0,11     C
2020-03-06,8420,2,0,531,12747,0,0,0,529,0,0,0,11     C
2020-03-09,8420,23,5,549,12747,0,0,0,531,0,0,0,11     C
2020-03-10,8420,29,6,572,12747,0,0,0,549,0,0,0,11     C
2020-03-11,8420,1,11,562,12747,0,0,0,572,0,0,0,11     C
2020-03-12,8420,15,12,563,12747,0,0,0,562,2,0,0,11     C
2020-03-13,8420,10,44,526,12747,0,0,0,563,3,0,0,11     C
2020-03-16,8420,4,1,529,12747,0,0,0,526,0,0,0,11     C
2020-03-17,8420,55,115,469,12747,0,0,0,529,0,0,0,11     C
2020-03-18,8420,7,4,472,12747,0,0,0,469,0,0,0,11     C
2020-03-19,8420,12,57,427,12747,0,0,0,472,0,0,0,11 X   C
2020-03-20,8420,0,9,418,12747,0,0,0,427,0,0,0,11 X   C
2020-03-23,8420,0,0,418,12747,0,0,0,418,0,0,0,11 X   C
2020-03-24,8420,0,0,418,12747,0,0,0,418,0,0,0,11 X   C
2020-03-25,8420,0,2,416,12747,0,0,0,418,0,0,0,
2020-03-26,8420,6,0,422,12747,0,0,0,416,0,0,0,
2020-03-27,8420,3,2,423,12747,0,0,0,422,0,0,0,
2020-03-30,8420,0,0,423,12747,0,0,0,423,0,0,0,
2020-03-31,8420,0,0,423,12747,0,0,0,423,0,0,0,
2020-04-01,8420,0,0,423,12747,0,0,0,423,0,0,0,
2020-04-06,8420,0,3,420,12747,0,0,0,423,0,0,0,
2020-04-07,8420,0,7,413,12747,0,0,0,420,0,0,0,
2020-04-08,8420,2,4,411,12747,0,0,0,413,0,0,0,
2020-04-09,8420,1,2,410,12747,0,0,0,411,0,0,0,
2020-04-10,8420,4,6,408,12747,0,0,0,410,0,0,0,
2020-04-13,8420,0,2,406,12747,0,0,0,408,0,0,0,
2020-04-14,8420,0,1,405,12747,0,0,0,406,0,0,0,
2020-04-15,8420,0,1,404,12747,0,0,0,405,0,0,0,
2020-04-16,8420,0,0,404,12747,0,0,0,404,0,0,0,
2020-04-17,8420,2,0,406,12747,0,0,0,404,0,0,0,
2020-04-20,8420,0,0,406,12747,0,0,0,406,0,0,0,
2020-04-21,8420,0,0,406,12747,0,0,0,406,0,0,0,
2020-04-22,8420,0,0,406,12747,0,0,0,406,0,0,0,
2020-04-23,8420,0,0,406,12747,0,0,0,406,0,0,0,
2020-04-24,8420,0,0,403,12747,0,0,0,406,3,0,0,
2020-04-27,8420,0,1,402,12747,0,0,0,403,0,0,0,
2020-04-28,8420,0,0,402,12747,0,0,0,402,0,0,0,
2020-04-29,8420,0,4,398,12747,0,0,0,402,0,0,0,11     C
2020-04-30,8420,1,3,396,12747,0,0,0,398,0,0,0,11     C
2020-05-04,8420,1,0,397,12747,0,0,0,396,0,0,0,11     C
2020-05-05,8420,1,0,398,12747,0,0,0,397,0,0,0,11     C
2020-05-06,8420,0,0,398,12747,0,0,0,398,0,0,0,11     C
2020-05-07,8420,0,0,398,12747,0,0,0,398,0,0,0,11     C
2020-05-08,8420,1,1,388,12747,0,0,0,398,10,0,0,11     C
2020-05-11,8420,1,0,389,12747,0,0,0,388,0,0,0,11     C
2020-05-12,8420,0,0,389,12747,0,0,0,389,0,0,0,11     C
2020-05-13,8420,0,0,389,12747,0,0,0,389,0,0,0,11     C
2020-05-14,8420,0,0,389,12747,0,0,0,389,0,0,0,11     C
2020-05-15,8420,0,1,388,12747,0,0,0,389,0,0,0,11     C
2020-05-18,8420,0,0,388,12747,0,0,0,388,0,0,0,11     C
2020-05-19,8420,0,0,388,12747,0,0,0,388,0,0,0,11     C
2020-05-20,8420,0,0,388,12747,0,0,0,388,0,0,0,11     C
2020-05-21,8420,0,0,388,12747,0,0,0,388,0,0,0,11     C
2020-05-22,8420,0,0,388,12747,0,0,0,388,0,0,0,11     C
2020-05-25,8420,0,0,388,12747,0,0,0,388,0,0,0,11     C
2020-05-26,8420,0,0,388,12747,0,0,0,388,0,0,0,11     C
2020-05-27,8420,0,0,388,12747,0,0,0,388,0,0,0,11     C
2020-05-28,8420,0,0,388,12747,0,0,0,388,0,0,0,11     C
2020-05-29,8420,0,0,388,12747,0,0,0,388,0,0,0,11     C
2020-06-01,8420,0,0,388,12747,0,0,0,388,0,0,0,11     C
2020-06-02,8420,6,0,394,12747,0,0,0,388,0,0,0,11     C
2020-06-03,8420,0,3,391,12747,0,0,0,394,0,0,0,11     C
2020-06-04,8420,0,5,386,12747,0,0,0,391,0,0,0,11     C
2020-06-05,8420,1,10,377,12747,0,0,0,386,0,0,0,11     C
2020-06-08,8420,0,0,377,12747,0,0,0,377,0,0,0,11     C
2020-06-09,8420,0,3,374,12747,0,0,0,377,0,0,0,11     C
2020-06-10,8420,0,1,373,12747,0,0,0,374,0,0,0,11     C
2020-06-11,8420,0,3,370,12747,0,0,0,373,0,0,0,11     C
2020-06-12,8420,0,1,369,12747,0,0,0,370,0,0,0,11     C
2020-06-15,8420,4,2,371,12747,0,0,0,369,0,0,0,11     C
2020-06-16,8420,0,0,371,12747,0,0,0,371,0,0,0,11     C
2020-06-17,8420,0,1,370,12747,0,0,0,371,0,0,0,11     C
2020-06-18,8420,0,0,370,12747,0,0,0,370,0,0,0,11 X  BC
2020-06-19,8420,0,0,370,12747,0,0,0,370,0,0,0,11 X  BC
2020-06-22,8420,1,0,371,12747,0,0,0,370,0,0,0,11 X  BC
2020-06-23,8420,1,0,372,12747,0,0,0,371,0,0,0,11 X  BC
2020-06-24,8420,10,0,354,12747,0,0,0,372,28,0,0,11    BC
2020-06-29,8420,5,1,358,12747,0,0,0,354,0,0,0,11    BC
2020-06-30,8420,0,0,358,12747,0,0,0,358,0,0,0,11    BC
2020-07-01,8420,0,0,358,12747,0,0,0,358,0,0,0,11    BC
2020-07-02,8420,2,0,360,12747,0,0,0,358,0,0,0,11    BC
2020-07-03,8420,6,1,357,12747,0,0,0,360,8,0,0,11    BC
2020-07-06,8420,4,6,355,12747,0,0,0,357,0,0,0,11    BC
2020-07-07,8420,0,0,355,12747,0,0,0,355,0,0,0,11    BC
2020-07-08,8420,0,0,355,12747,0,0,0,355,0,0,0,11    BC
2020-07-09,8420,0,0,355,12747,0,0,0,355,0,0,0,11    BC
2020-07-10,8420,0,1,354,12747,0,0,0,355,0,0,0,11    BC
2020-07-13,8420,0,0,354,12747,0,0,0,354,0,0,0,11    BC
2020-07-14,8420,2,2,354,12747,0,0,0,354,0,0,0,11    BC
2020-07-15,8420,0,0,354,12747,0,0,0,354,0,0,0,11    BC
2020-07-16,8420,0,0,354,12747,0,0,0,354,0,0,0,11    BC
2020-07-17,8420,0,0,354,12747,0,0,0,354,0,0,0,11    BC
2020-07-20,8420,0,0,354,12747,0,0,0,354,0,0,0,11    BC
2020-07-21,8420,2,0,356,12747,0,0,0,354,0,0,0,11    BC
2020-07-22,8420,2,2,356,12747,0,0,0,356,0,0,0,11    BC
2020-07-23,8420,0,0,350,12747,0,0,0,356,6,0,0,11    BC
2020-07-24,8420,2,0,352,12747,0,0,0,350,0,0,0,11    BC
2020-07-27,8420,0,0,352,12747,0,0,0,352,0,0,0,11    BC
2020-07-28,8420,0,2,350,12747,0,0,0,352,0,0,0,11    BC
2020-07-29,8420,0,2,348,12747,0,0,0,350,0,0,0,11    BC
2020-07-30,8420,0,1,347,12747,0,0,0,348,0,0,0,11    BC
2020-07-31,8420,2,1,348,12747,0,0,0,347,0,0,0,11    BC
2020-08-03,8420,2,1,349,12747,0,0,0,348,0,0,0,11    BC
2020-08-04,8420,4,0,353,12747,0,0,0,349,0,0,0,11    BC
2020-08-05,8420,10,0,363,12747,0,0,0,353,0,0,0,11    BC
2020-08-06,8420,4,0,367,12747,0,0,0,363,0,0,0,11    BC
2020-08-07,8420,42,0,409,12747,0,0,0,367,0,0,0,11    BC
2020-08-10,8420,13,0,422,12747,0,0,0,409,0,0,0,11    BC
2020-08-11,8420,12,0,434,12747,0,0,0,422,0,0,0,11    BC
2020-08-12,8420,2,0,436,12747,0,0,0,434,0,0,0,11    BC
2020-08-13,8420,3,1,438,12747,0,0,0,436,0,0,0,11    BC
2020-08-14,8420,0,0,438,12747,0,0,0,438,0,0,0,11    BC
2020-08-17,8420,0,0,438,12747,0,0,0,438,0,0,0,11    BC
2020-08-18,8420,0,1,437,12747,0,0,0,438,0,0,0,11    BC
2020-08-19,8420,0,1,436,12747,0,0,0,437,0,0,0,11    BC
2020-08-20,8420,0,0,436,12747,0,0,0,436,0,0,0,11    BC
2020-08-21,8420,0,0,436,12747,0,0,0,436,0,0,0,11    BC
2020-08-24,8420,0,0,436,12747,0,0,0,436,0,0,0,11    BC
2020-08-25,8420,0,0,436,12747,0,0,0,436,0,0,0,11    BC
2020-08-26,8420,0,4,432,12747,0,0,0,436,0,0,0,11    BC
2020-08-27,8420,0,13,419,12747,0,0,0,432,0,0,0,11    BC
2020-08-28,8420,0,6,413,12747,0,0,0,419,0,0,0,11    BC
2020-08-31,8420,0,0,413,12747,0,0,0,413,0,0,0,11    BC
2020-09-01,8420,0,2,411,12747,0,0,0,413,0,0,0,11    BC
2020-09-02,8420,0,1,410,12747,0,0,0,411,0,0,0,11    BC
2020-09-03,8420,1,4,407,12747,0,0,0,410,0,0,0,11    BC
2020-09-04,8420,35,26,416,12747,0,0,0,407,0,0,0,11    BC
2020-09-07,8420,27,24,418,12747,0,0,0,416,1,0,0,11    BC
2020-09-08,8420,12,16,414,12747,0,0,0,418,0,0,0,11    BC
2020-09-09,8420,5,4,415,12747,0,0,0,414,0,0,0,11    BC
2020-09-10,8420,9,13,411,12747,0,0,0,415,0,0,0,11    BC
2020-09-11,8420,4,10,405,12747,0,0,0,411,0,0,0,11    BC
2020-09-14,8420,66,5,466,12747,0,0,0,405,0,0,0,11    B
2020-09-15,8420,13,6,473,12747,0,0,0,466,0,0,0,11    B
2020-09-16,8420,12,4,481,12747,0,0,0,473,0,0,0,11    B
2020-09-17,8420,0,5,476,12747,0,0,0,481,0,0,0,11    B
2020-09-18,8420,1,4,473,12747,0,0,0,476,0,0,0,11    B
2020-09-21,8420,0,1,472,12747,0,0,0,473,0,0,0,11    B
2020-09-22,8420,0,0,472,12747,0,0,0,472,0,0,0,11    B
2020-09-23,8420,0,0,472,12747,0,0,0,472,0,0,0,11    B
2020-09-24,8420,6,0,478,12747,0,0,0,472,0,0,0,11    B
2020-09-25,8420,0,0,478,12747,0,0,0,478,0,0,0,11    B
2020-09-28,8420,0,5,473,12747,0,0,0,478,0,0,0,11    B
2020-09-29,8420,0,1,472,12747,0,0,0,473,0,0,0,11    B
2020-09-30,8420,16,6,482,12747,0,0,0,472,0,0,0,11    B
2020-10-05,8420,0,10,472,12747,0,0,0,482,0,0,0,11    B
2020-10-06,8420,6,4,474,12747,0,0,0,472,0,0,0,11    B
2020-10-07,8420,1,1,474,12747,0,0,0,474,0,0,0,11    B
2020-10-08,8420,2,4,472,12747,0,0,0,474,0,0,0,11    B
2020-10-12,8420,1,10,463,12747,0,0,0,472,0,0,0,11    B
2020-10-13,8420,22,4,481,12747,0,0,0,463,0,0,0,11    B
2020-10-14,8420,2,0,483,12747,0,0,0,481,0,0,0,11    B
2020-10-15,8420,0,0,483,12747,0,0,0,483,0,0,0,11    B
2020-10-16,8420,0,1,482,12747,0,0,0,483,0,0,0,11    B
2020-10-19,8420,1,0,475,12747,0,0,0,482,8,0,0,11    B
2020-10-20,8420,9,18,466,12747,0,0,0,475,0,0,0,11    B
2020-10-21,8420,0,0,466,12747,0,0,0,466,0,0,0,11    B
2020-10-22,8420,0,0,466,12747,0,0,0,466,0,0,0,11    B
2020-10-23,8420,16,40,442,12747,0,0,0,466,0,0,0,11    B
2020-10-26,8420,0,9,433,12747,0,0,0,442,0,0,0,11    B
2020-10-27,8420,0,2,431,12747,0,0,0,433,0,0,0,11    B
2020-10-28,8420,0,0,431,12747,0,0,0,431,0,0,0,11    BC
2020-10-29,8420,0,0,431,12747,0,0,0,431,0,0,0,11    BC
2020-10-30,8420,0,0,431,12747,0,0,0,431,0,0,0,11    BC
2020-11-02,8420,0,5,426,12747,0,0,0,431,0,0,0,11    BC
2020-11-03,8420,1,2,425,12747,0,0,0,426,0,0,0,11    BC
2020-11-04,8420,0,0,425,12747,0,0,0,425,0,0,0,11    BC
2020-11-05,8420,0,2,423,12747,0,0,0,425,0,0,0,11    BC
2020-11-06,8420,0,0,423,12747,0,0,0,423,0,0,0,11    BC
2020-11-09,8420,23,7,439,12747,0,0,0,423,0,0,0,11    BC
2020-11-10,8420,0,26,413,12747,0,0,0,439,0,0,0,11    BC
2020-11-11,8420,0,0,413,12747,0,0,0,413,0,0,0,11    BC
2020-11-12,8420,0,0,413,12747,0,0,0,413,0,0,0,11    BC
2020-11-13,8420,0,0,413,12747,0,0,0,413,0,0,0,11    BC
2020-11-16,8420,2,1,414,12747,0,0,0,413,0,0,0,11    BC
2020-11-17,8420,0,1,413,12747,0,0,0,414,0,0,0,11    BC
2020-11-18,8420,0,11,402,12747,0,0,0,413,0,0,0,11    BC
2020-11-19,8420,5,0,407,12747,0,0,0,402,0,0,0,11    BC
2020-11-20,8420,4,28,383,12747,0,0,0,407,0,0,0,11    BC
2020-11-23,8420,2,2,383,12747,0,0,0,383,0,0,0,11    BC
2020-11-24,8420,0,0,383,12747,0,0,0,383,0,0,0,11    BC
2020-11-25,8420,0,16,367,12747,0,0,0,383,0,0,0,11    BC
2020-11-26,8420,0,1,366,12747,0,0,0,367,0,0,0,11    B
2020-11-27,8420,0,0,366,12747,0,0,0,366,0,0,0,11    B
2020-11-30,8420,8,11,363,12747,0,0,0,366,0,0,0,11    B
2020-12-01,8420,12,2,373,12747,0,0,0,363,0,0,0,11    B
2020-12-02,8420,0,6,367,12747,0,0,0,373,0,0,0,11    B
2020-12-03,8420,0,0,367,12747,0,0,0,367,0,0,0,11    B
2020-12-04,8420,0,1,366,12747,0,0,0,367,0,0,0,11    B
2020-12-07,8420,5,2,369,12747,0,0,0,366,0,0,0,11    B
2020-12-08,8420,2,0,371,12747,0,0,0,369,0,0,0,11    B
2020-12-09,8420,2,0,373,12747,0,0,0,371,0,0,0,11    B
2020-12-10,8420,2,2,373,12747,0,0,0,373,0,0,0,11    B
2020-12-11,8420,0,5,355,12747,0,0,0,373,13,0,0,11    B
2020-12-14,8420,0,10,345,12747,0,0,0,355,0,0,0,11    B
2020-12-15,8420,0,7,338,12747,0,0,0,345,0,0,0,11    B
2020-12-16,8420,0,0,338,12747,0,0,0,338,0,0,0,11    B
2020-12-17,8420,0,0,338,12747,0,0,0,338,0,0,0,11    B
2020-12-18,8420,0,0,338,12747,0,0,0,338,0,0,0,11    B
2020-12-21,8420,0,1,337,12747,0,0,0,338,0,0,0,11    B
2020-12-22,8420,0,0,337,12747,0,0,0,337,0,0,0,11    B
2020-12-23,8420,0,0,337,12747,0,0,0,337,0,0,0,11    B
2020-12-24,8420,0,4,333,12747,0,0,0,337,0,0,0,11    B
2020-12-25,8420,0,0,333,12747,0,0,0,333,0,0,0,11    B
2020-12-28,8420,0,0,333,12747,0,0,0,333,0,0,0,11    B
2020-12-29,8420,0,3,330,12747,0,0,0,333,0,0,0,11    B
2020-12-30,8420,0,0,330,12747,0,0,0,330,0,0,0,11    B
2020-12-31,8420,0,1,329,12747,0,0,0,330,0,0,0,11    B
2021-01-04,8420,0,0,329,12747,0,0,0,329,0,0,0,11    B
2021-01-05,8420,0,4,325,12747,0,0,0,329,0,0,0,11    B
2021-01-06,8420,0,8,317,12747,0,0,0,325,0,0,0,11    B
2021-01-07,8420,0,2,315,12747,0,0,0,317,0,0,0,11    BC
2021-01-08,8420,27,28,314,12747,0,0,0,315,0,0,0,11    BC
2021-01-11,8420,0,13,301,12747,0,0,0,314,0,0,0,11    BC
2021-01-12,8420,0,13,288,12747,0,0,0,301,0,0,0,11    BC
2021-01-13,8420,0,7,281,12747,0,0,0,288,0,0,0,11    BC
2021-01-14,8420,0,2,279,12747,0,0,0,281,0,0,0,11    BC
2021-01-15,8420,0,1,278,12747,0,0,0,279,0,0,0,11    BC
2021-01-18,8420,0,0,278,12747,0,0,0,278,0,0,0,11    BC
2021-01-19,8420,0,0,276,12747,0,0,0,278,2,0,0,11    BC
2021-01-20,8420,0,0,276,12747,0,0,0,276,0,0,0,11    BC
2021-01-21,8420,0,0,276,12747,0,0,0,276,0,0,0,11    BC
2021-01-22,8420,0,6,270,12747,0,0,0,276,0,0,0,11    BC
2021-01-25,8420,0,3,267,12747,0,0,0,270,0,0,0,11    BC
2021-01-26,8420,0,4,263,12747,0,0,0,267,0,0,0,11    BC
2021-01-27,8420,8,2,269,12747,0,0,0,263,0,0,0,11    BC
2021-01-28,8420,0,0,269,12747,0,0,0,269,0,0,0,11    BC
2021-01-29,8420,0,6,260,12747,0,0,0,269,3,0,0,11    BC
2021-02-01,8420,0,0,260,12747,0,0,0,260,0,0,0,11    BC
2021-02-02,8420,0,0,256,12747,0,5,5,260,4,0,0,11    BC
2021-02-03,8420,0,0,256,12747,0,0,5,256,0,5,0,11    BC
2021-02-04,8420,0,3,253,12747,0,0,5,256,0,5,0,11    BC
2021-02-05,8420,0,8,245,12747,5,0,0,253,0,5,0,11    BC
2021-02-17,8420,6,0,244,12747,0,0,0,245,7,0,0,11    BC
2021-02-18,8420,0,2,242,12747,0,0,0,244,0,0,0,11    BC
2021-02-19,8420,0,0,242,12747,0,0,0,242,0,0,0,11    BC
2021-02-22,8420,1,1,150,12747,0,0,0,242,92,0,0,11    BC
2021-02-23,8420,0,1,149,12747,0,0,0,150,0,0,0,11    BC
2021-02-24,8420,2,0,151,12747,0,0,0,149,0,0,0,11    BC
2021-02-25,8420,0,0,149,12747,0,0,0,151,2,0,0,11    BC
2021-02-26,8420,0,0,149,12747,0,0,0,149,0,0,0,11    BC
2021-03-02,8420,0,0,149,12747,0,0,0,149,0,0,0,11    BC
2021-03-03,8420,0,1,148,12747,0,0,0,149,0,0,0,11    BC
2021-03-04,8420,2,2,148,12747,0,0,0,148,0,0,0,11    BC
2021-03-05,8420,570,34,684,12747,0,0,0,148,0,0,0,11    BC
2021-03-08,8420,182,293,573,12747,0,1,1,684,0,0,0,11    BC
2021-03-09,8420,137,279,431,12747,1,0,0,573,0,1,0,11    BC
2021-03-10,8420,23,74,380,12747,0,1,1,431,0,0,0,11    BC
2021-03-11,8420,12,36,356,12747,0,0,1,380,0,1,0,11    BC
2021-03-12,8420,8,22,342,12747,0,0,1,356,0,1,0,11    B
2021-03-15,8420,8,38,312,12747,0,0,1,342,0,1,0,11    B
2021-03-16,8420,5,0,317,12747,0,0,1,312,0,1,0,11    B
2021-03-17,8420,0,4,313,12747,0,0,1,317,0,1,0,11    B
2021-03-18,8420,24,61,276,12747,1,0,0,313,0,1,0,11    B
2021-03-19,8420,9,4,281,12747,0,0,0,276,0,0,0,11    B
2021-03-22,8420,3,2,282,12747,0,0,0,281,0,0,0,11    B
2021-03-23,8420,5,2,285,12747,0,0,0,282,0,0,0,11    B
2021-03-24,8420,1,6,280,12747,0,0,0,285,0,0,0,11 X  B
2021-03-25,8420,7,5,282,12747,0,0,0,280,0,0,0,11 X  B
2021-03-26,8420,11,0,293,12747,0,0,0,282,0,0,0,11 X  B
2021-03-29,8420,46,0,339,12747,0,0,0,293,0,0,0,11 X  B
2021-03-30,8420,29,3,365,12747,0,0,0,339,0,0,0,11    B
2021-03-31,8420,31,3,393,12747,0,0,0,365,0,0,0,11    B
2021-04-01,8420,2,6,389,12747,0,0,0,393,0,0,0,11    B
2021-04-06,8420,21,14,396,12747,0,0,0,389,0,0,0,11    B
2021-04-07,8420,48,12,432,12747,0,0,0,396,0,0,0,11    B
2021-04-08,8420,13,19,421,12747,0,0,0,432,5,0,0,11    B
2021-04-09,8420,51,20,452,12747,0,0,0,421,0,0,0,11    B
2021-04-12,8420,7,17,442,12747,0,0,0,452,0,0,0,11    B
2021-04-13,8420,11,19,434,12747,0,0,0,442,0,0,0,11    B
2021-04-14,8420,13,20,427,12747,0,0,0,434,0,0,0,11    B
2021-04-15,8420,102,9,520,12747,0,0,0,427,0,0,0,11    B
2021-04-16,8420,22,12,530,12747,0,0,0,520,0,0,0,11    B
2021-04-19,8420,24,19,535,12747,0,0,0,530,0,0,0,11    B
2021-04-20,8420,18,67,486,12747,0,0,0,535,0,0,0,11    B
2021-04-21,8420,97,36,547,12747,0,0,0,486,0,0,0,11    B
2021-04-22,8420,71,5,613,12747,0,0,0,547,0,0,0,11    B
2021-04-23,8420,28,36,598,12747,0,0,0,613,7,0,0,11    B
2021-04-26,8420,18,33,581,12747,0,0,0,598,2,0,0,11    B
2021-04-27,8420,214,59,736,12747,0,0,0,581,0,0,0,11    B
2021-04-28,8420,153,37,852,12747,0,0,0,736,0,0,0,11    B
2021-04-29,8420,91,23,920,12747,0,0,0,852,0,0,0,11    B
2021-05-03,8420,36,17,939,12747,0,0,0,920,0,0,0,11    B
2021-05-04,8420,105,302,737,12747,0,0,0,939,5,0,0,11    B
2021-05-05,8420,70,11,796,12747,0,0,0,737,0,0,0,11    B
2021-05-06,8420,24,3,817,12747,0,0,0,796,0,0,0,11    B
2021-05-07,8420,79,37,859,12747,0,0,0,817,0,0,0,11    B
2021-05-10,8420,38,60,837,12747,0,0,0,859,0,0,0,11    B
2021-05-11,8420,29,97,769,12747,0,0,0,837,0,0,0,11    B
2021-05-12,8420,91,233,627,12747,0,0,0,769,0,0,0,11    B
2021-05-13,8420,1,16,612,12747,0,0,0,627,0,0,0,11    B
2021-05-14,8420,2,12,602,12747,0,0,0,612,0,0,0,11    B
2021-05-17,8420,0,20,582,12747,0,0,0,602,0,0,0,11    B
2021-05-18,8420,14,4,592,12747,0,0,0,582,0,0,0,11    B
2021-05-19,8420,1,1,592,12747,0,0,0,592,0,0,0,11    B
2021-05-20,8420,11,6,597,12747,0,0,0,592,0,0,0,11    B
2021-05-21,8420,0,2,595,12747,0,0,0,597,0,0,0,11    B
2021-05-24,8420,3,13,585,12747,0,0,0,595,0,0,0,11    B
2021-05-25,8420,4,1,588,12747,0,0,0,585,0,0,0,11    B
2021-05-26,8420,0,2,586,12747,0,0,0,588,0,0,0,11    B
2021-05-27,8420,0,1,585,12747,0,0,0,586,0,0,0,11    B
2021-05-28,8420,7,44,548,12747,0,2,2,585,0,0,0,11    B
2021-05-31,8420,18,55,511,12747,0,0,2,548,0,2,0,11    B
2021-06-01,8420,26,1,536,12747,2,0,0,511,0,2,0,11    B
2021-06-02,8420,24,3,557,12747,0,0,0,536,0,0,0,11    B
2021-06-03,8420,16,2,571,12747,0,0,0,557,0,0,0,11    B
2021-06-04,8420,1,2,570,12747,0,0,0,571,0,0,0,11    B
2021-06-07,8420,22,0,592,12747,0,0,0,570,0,0,0,11    B
2021-06-08,8420,0,3,589,12747,0,0,0,592,0,0,0,11    B
2021-06-09,8420,22,9,602,12747,0,0,0,589,0,0,0,11    B
2021-06-10,8420,25,7,620,12747,0,0,0,602,0,0,0,11    B
2021-06-11,8420,17,0,637,12747,0,0,0,620,0,0,0,11    B
2021-06-15,8420,8,2,643,12747,0,0,0,637,0,0,0,11    B
2021-06-16,8420,2,2,643,12747,0,0,0,643,0,0,0,11    B
2021-06-17,8420,9,0,652,12747,0,0,0,643,0,0,0,11    B
2021-06-18,8420,0,3,649,12747,0,0,0,652,0,0,0,11    B
2021-06-21,8420,0,0,649,12747,0,0,0,649,0,0,0,11    B
2021-06-22,8420,1,0,650,12747,0,0,0,649,0,0,0,11    B
2021-06-23,8420,0,0,650,12747,0,0,0,650,0,0,0,11    B
2021-06-24,8420,1,0,651,12747,0,0,0,650,0,0,0,11    B
2021-06-25,8420,3,2,649,12747,0,0,0,651,3,0,0,11    B
2021-06-28,8420,5,5,649,12747,0,0,0,649,0,0,0,11    B
2021-06-29,8420,2,0,651,12747,0,0,0,649,0,0,0,11    B
2021-06-30,8420,9,1,653,12747,0,0,0,651,6,0,0,11    B
2021-07-01,8420,5,9,649,12747,0,0,0,653,0,0,0,11    B
2021-07-02,8420,4,3,650,12747,0,0,0,649,0,0,0,11    B
2021-07-05,8420,7,7,650,12747,0,0,0,650,0,0,0,11    B
2021-07-06,8420,17,0,667,12747,0,0,0,650,0,0,0,11    B
2021-07-07,8420,75,8,734,12747,0,0,0,667,0,0,0,11    B
2021-07-08,8420,37,2,769,12747,0,0,0,734,0,0,0,11    B
2021-07-09,8420,231,107,893,12747,0,0,0,769,0,0,0,11    B
2021-07-12,8420,157,56,994,12747,0,0,0,893,0,0,0,11    B
2021-07-13,8420,37,30,1001,12747,0,0,0,994,0,0,0,11    B
2021-07-14,8420,193,84,1110,12747,0,0,0,1001,0,0,0,11    B
2021-07-15,8420,376,339,1147,12747,0,2,2,1110,0,0,0,11    B
2021-07-16,8420,216,297,1066,12747,2,0,0,1147,0,2,0,11    B
2021-07-19,8420,170,79,1157,12747,0,0,0,1066,0,0,0,11    B
2021-07-20,8420,129,75,1211,12747,0,0,0,1157,0,0,0,11    B
2021-07-21,8420,69,60,1220,12747,0,2,2,1211,0,0,0,11 X  B
2021-07-22,8420,55,50,1225,12747,2,0,0,1220,0,2,0,11 X  B
2021-07-23,8420,29,43,1211,12747,0,0,0,1225,0,0,0,11 X  B
2021-07-26,8420,41,32,1220,12747,0,0,0,1211,0,0,0,11 X  B
2021-07-27,8420,36,39,1217,12747,0,0,0,1220,0,0,0,11    B
2021-07-28,8420,21,64,1174,12747,0,0,0,1217,0,0,0,11    B
2021-07-29,8420,8,12,1170,12747,0,0,0,1174,0,0,0,11    B
2021-07-30,8420,21,32,1159,12747,0,0,0,1170,0,0,0,11    B
2021-08-02,8420,31,6,1184,12747,0,0,0,1159,0,0,0,11    B
2021-08-03,8420,29,4,1209,12747,0,0,0,1184,0,0,0,11    B
2021-08-04,8420,45,8,1246,12747,0,0,0,1209,0,0,0,11    B
2021-08-05,8420,40,59,1227,12747,0,0,0,1246,0,0,0,11    B
2021-08-06,8420,302,11,1518,12747,0,2,2,1227,0,0,0,11    B
2021-08-09,8420,346,413,1451,12747,2,12,12,1518,0,2,0,11    B
2021-08-10,8420,187,118,1520,12747,8,5,9,1451,0,12,0,11    B
2021-08-11,8420,74,136,1458,12747,6,4,7,1520,0,9,0,11    B
2021-08-12,8420,99,70,1487,12747,0,5,12,1458,0,7,0,11    B
2021-08-13,8420,63,143,1407,12747,5,3,10,1487,0,12,0,11    B
2021-08-16,8420,172,572,1007,12747,5,20,25,1407,0,10,0,11    B
2021-08-17,8420,26,45,988,12747,16,1,10,1007,0,25,0,11    B
2021-08-18,8420,53,55,986,12747,1,0,9,988,0,10,0,11    B
2021-08-19,8420,40,50,976,12747,1,0,8,986,0,9,0,11    B
2021-08-20,8420,25,20,981,12747,3,0,5,976,0,8,0,11    B
2021-08-23,8420,87,72,996,12747,0,0,5,981,0,5,0,11    B
2021-08-24,8420,81,25,1052,12747,0,1,6,996,0,5,0,11    B
2021-08-25,8420,89,32,1109,12747,0,0,6,1052,0,6,0,11    B
2021-08-26,8420,45,47,1107,12747,0,0,6,1109,0,6,0,11    B
2021-08-27,8420,8,33,1082,12747,3,0,3,1107,0,6,0,11    B
2021-08-30,8420,22,25,1079,12747,0,0,3,1082,0,3,0,11    B
2021-08-31,8420,10,12,1077,12747,0,0,3,1079,0,3,0,11    B
2021-09-01,8420,47,32,1090,12747,0,0,3,1077,2,3,0,11    B
2021-09-02,8420,68,57,1101,12747,1,2,4,1090,0,3,0,11    B
2021-09-03,8420,19,106,1014,12747,2,3,5,1101,0,4,0,11    B
2021-09-06,8420,42,55,1001,12747,0,0,5,1014,0,5,0,11    B
2021-09-07,8420,31,20,1012,12747,3,5,7,1001,0,5,0,11    B
2021-09-08,8420,14,33,993,12747,0,0,7,1012,0,7,0,11    B
2021-09-09,8420,23,60,956,12747,0,0,7,993,0,7,0,11    B
2021-09-10,8420,32,10,978,12747,6,0,1,956,0,7,0,11    B
2021-09-13,8420,108,74,1012,12747,0,3,4,978,0,1,0,11    B
2021-09-14,8420,17,52,977,12747,1,0,3,1012,0,4,0,11    B
2021-09-15,8420,16,4,989,12747,2,0,1,977,0,3,0,11    B
2021-09-16,8420,51,7,1033,12747,0,0,1,989,0,1,0,11    B
2021-09-17,8420,4,10,1027,12747,0,0,1,1033,0,1,0,11    B
2021-09-22,8420,32,17,1042,12747,0,0,1,1027,0,1,0,11    B
2021-09-23,8420,15,29,1028,12747,0,0,1,1042,0,1,0,11    B
2021-09-24,8420,32,48,1012,12747,0,0,1,1028,0,1,0,11    B
2021-09-27,8420,29,15,1025,12747,0,0,1,1012,1,1,0,11    B
2021-09-28,8420,16,15,1026,12747,0,0,1,1025,0,1,0,11    B
2021-09-29,8420,33,38,1021,12747,0,0,1,1026,0,1,0,11    B
2021-09-30,8420,12,5,1028,12747,0,0,1,1021,0,1,0,11    B
2021-10-01,8420,37,27,1038,12747,0,0,1,1028,0,1,0,11    B
2021-10-04,8420,4,23,1019,12747,0,0,1,1038,0,1,0,11    B
2021-10-05,8420,5,5,1019,12747,0,0,1,1019,0,1,0,11    B
2021-10-06,8420,51,30,1040,12747,0,2,3,1019,0,1,0,11    B
2021-10-07,8420,14,26,1028,12747,0,0,3,1040,0,3,0,11    B
2021-10-08,8420,6,1,1033,12747,0,0,3,1028,0,3,0,11    B
2021-10-12,8420,18,30,1021,12747,2,0,1,1033,0,3,0,11    B
2021-10-13,8420,16,10,1027,12747,0,3,4,1021,0,1,0,11    B
2021-10-14,8420,10,6,1031,12747,0,0,4,1027,0,4,0,11    B
2021-10-15,8420,0,12,1019,12747,0,0,4,1031,0,4,0,11    B
2021-10-18,8420,2,2,1019,12747,0,0,4,1019,0,4,0,11    B
2021-10-19,8420,6,6,1019,12747,2,0,2,1019,0,4,0,11    B
2021-10-20,8420,9,38,990,12747,0,0,2,1019,0,2,0,11    B
2021-10-21,8420,10,11,989,12747,0,0,2,990,0,2,0,11    B
2021-10-22,8420,3,8,984,12747,0,0,2,989,0,2,0,11    B
2021-10-25,8420,4,6,982,12747,0,0,2,984,0,2,0,11    B
2021-10-26,8420,2,28,956,12747,0,0,2,982,0,2,0,11    B
2021-10-27,8420,5,8,953,12747,0,0,2,956,0,2,0,11    B
2021-10-28,8420,15,6,962,12747,0,0,2,953,0,2,0,11    B
2021-10-29,8420,15,28,949,12747,0,0,2,962,0,2,0,11    B
2021-11-01,8420,23,21,951,12747,0,0,2,949,0,2,0,11    B
2021-11-02,8420,25,38,938,12747,0,0,2,951,0,2,0,11    B
2021-11-03,8420,23,17,944,12747,0,0,2,938,0,2,0,11    B
2021-11-04,8420,36,40,940,12747,0,0,2,944,0,2,0,11    B
2021-11-05,8420,54,59,935,12747,0,0,2,940,0,2,0,11    B
2021-11-08,8420,71,59,947,12747,0,0,2,935,0,2,0,11    B
2021-11-09,8420,21,17,951,12747,0,0,2,947,0,2,0,11    B
2021-11-10,8420,34,68,917,12747,0,0,2,951,0,2,0,11    B
2021-11-11,8420,11,41,887,12747,0,0,2,917,0,2,0,11    B
2021-11-12,8420,19,66,840,12747,0,0,2,887,0,2,0,11    B
2021-11-15,8420,53,63,830,12747,0,0,2,840,0,2,0,11    B
2021-11-16,8420,27,26,831,12747,0,0,2,830,0,2,0,11    B
2021-11-17,8420,38,25,844,12747,0,0,2,831,0,2,0,11    B
2021-11-18,8420,17,28,833,12747,0,0,2,844,0,2,0,11    B
2021-11-19,8420,18,4,847,12747,0,0,2,833,0,2,0,11    B
2021-11-22,8420,17,23,841,12747,0,0,2,847,0,2,0,11    B
2021-11-23,8420,17,9,849,12747,0,0,2,841,0,2,0,11    B
2021-11-24,8420,6,3,852,12747,0,0,2,849,0,2,0,11    B
2021-11-25,8420,15,10,857,12747,0,0,2,852,0,2,0,11    B
2021-11-26,8420,43,67,833,12747,0,0,2,857,0,2,0,11    B
2021-11-29,8420,35,16,852,12747,0,0,2,833,0,2,0,11    B
2021-11-30,8420,25,6,871,12747,0,0,2,852,0,2,0,11    B
2021-12-01,8420,12,13,870,12747,0,0,2,871,0,2,0,11    B
2021-12-02,8420,3,2,871,12747,0,0,2,870,0,2,0,11    B
2021-12-03,8420,25,4,892,12747,0,0,2,871,0,2,0,11    B
2021-12-06,8420,2,9,885,12747,0,0,2,892,0,2,0,11    B
2021-12-07,8420,18,22,881,12747,0,0,2,885,0,2,0,11    B
2021-12-08,8420,1,5,877,12747,0,0,2,881,0,2,0,11    B
2021-12-09,8420,4,7,874,12747,0,0,2,877,0,2,0,11    B
2021-12-10,8420,7,29,852,12747,0,0,2,874,0,2,0,11    B
2021-12-13,8420,4,0,856,12747,0,0,2,852,0,2,0,11    B
2021-12-14,8420,16,43,829,12747,0,0,2,856,0,2,0,11    B
2021-12-15,8420,5,4,830,12747,0,0,2,829,0,2,0,11    B
2021-12-16,8420,12,6,836,12747,0,0,2,830,0,2,0,11    B
2021-12-17,8420,8,0,844,12747,0,0,2,836,0,2,0,11    B
2021-12-20,8420,2,6,840,12747,0,0,2,844,0,2,0,11    B
2021-12-21,8420,7,4,843,12747,0,0,2,840,0,2,0,11    B
2021-12-22,8420,1,2,842,12747,0,0,2,843,0,2,0,11    B
2021-12-23,8420,5,3,844,12747,0,0,2,842,0,2,0,11    B
2021-12-24,8420,1,0,845,12747,0,0,2,844,0,2,0,11    B
2021-12-27,8420,0,0,845,12747,0,0,2,845,0,2,0,11    B
2021-12-28,8420,6,14,837,12747,0,0,2,845,0,2,0,11    B
2021-12-29,8420,28,8,857,12747,0,0,2,837,0,2,0,11    B
2021-12-30,8420,21,18,860,12747,0,0,2,857,0,2,0,11    B
2022-01-03,8420,8,9,859,12747,0,0,2,860,0,2,0,11    B
2022-01-04,8420,2,0,861,12747,0,0,2,859,0,2,0,11    B
2022-01-05,8420,3,4,860,12747,0,0,2,861,0,2,0,11    B
2022-01-06,8420,39,7,892,12747,0,0,2,860,0,2,0,11    B
2022-01-07,8420,71,103,860,12747,0,0,2,892,0,2,0,11    B
2022-01-10,8420,5,9,856,12747,0,0,2,860,0,2,0,11    B
2022-01-11,8420,15,17,854,12747,0,0,2,856,0,2,0,11    B
2022-01-12,8420,12,29,837,12747,0,0,2,854,0,2,0,11    B
2022-01-13,8420,0,7,830,12747,0,0,2,837,0,2,0,11    B
2022-01-14,8420,7,3,834,12747,0,0,2,830,0,2,0,11    B
2022-01-17,8420,1,19,816,12747,0,0,2,834,0,2,0,11    B
2022-01-18,8420,37,25,828,12747,0,0,2,816,0,2,0,11    B
2022-01-19,8420,6,2,832,12747,0,1,3,828,0,2,0,11    B
2022-01-20,8420,8,3,837,12747,0,0,3,832,0,3,0,11    B
2022-01-21,8420,18,0,844,12747,1,0,2,837,11,3,0,11    B
2022-01-24,8420,10,9,835,12747,0,0,2,844,10,2,0,11    B
2022-01-25,8420,3,0,838,12747,0,0,2,835,0,2,0,11    B
2022-01-26,8420,10,4,844,12747,0,0,2,838,0,2,0,11    B
2022-02-07,8420,1,1,844,12747,0,0,2,844,0,2,0,11    B
2022-02-08,8420,12,0,856,12747,0,0,2,844,0,2,0,11    B
2022-02-09,8420,24,3,877,12747,0,0,2,856,0,2,0,11    B
2022-02-10,8420,308,143,1042,12747,0,3,5,877,0,2,0,11    B
2022-02-11,8420,274,252,1064,12747,2,13,16,1042,0,5,0,11    B
2022-02-14,8420,99,119,1044,12747,6,0,10,1064,0,16,0,11    B
2022-02-15,8420,85,72,1057,12747,0,4,14,1044,0,10,0,11    B
2022-02-16,8420,51,116,992,12747,1,0,13,1057,0,14,0,11    B
2022-02-17,8420,32,38,986,12747,0,2,15,992,0,13,0,11    B
2022-02-18,8420,34,30,990,12747,0,2,17,986,0,15,0,11    B
2022-02-21,8420,10,7,993,12747,0,0,17,990,0,17,0,11    B
2022-02-22,8420,55,48,1000,12747,2,4,19,993,0,17,0,11    B
2022-02-23,8420,48,19,1029,12747,0,0,19,1000,0,19,0,11    B
2022-02-24,8420,83,38,1074,12747,0,4,23,1029,0,19,0,11    B
2022-02-25,8420,30,27,1077,12747,0,2,25,1074,0,23,0,11    B
2022-03-01,8420,20,61,1036,12747,1,0,24,1077,0,25,0,11    B
2022-03-02,8420,15,23,1028,12747,2,0,22,1036,0,24,0,11    B
2022-03-03,8420,1,9,1020,12747,0,0,22,1028,0,22,0,11    B
2022-03-04,8420,14,8,1026,12747,0,0,22,1020,0,22,0,11    B
2022-03-07,8420,77,422,681,12747,0,4,26,1026,0,22,0,11    B
2022-03-08,8420,79,27,733,12747,1,1,26,681,0,26,0,11    B
2022-03-09,8420,13,1,745,12747,0,0,26,733,0,26,0,11    B
2022-03-10,8420,1,5,741,12747,1,0,25,745,0,26,0,11    B
2022-03-11,8420,15,14,742,12747,0,0,25,741,0,25,0,11    B
2022-03-14,8420,11,5,748,12747,0,0,25,742,0,25,0,11    B
2022-03-15,8420,5,6,747,12747,4,0,21,748,0,25,0,11    B
2022-03-16,8420,3,1,749,12747,12,0,9,747,0,21,0,11    B
2022-03-17,8420,13,0,762,12747,1,0,8,749,0,9,0,11    B
2022-03-18,8420,4,4,762,12747,2,0,6,762,0,8,0,11    B
2022-03-21,8420,8,0,770,12747,5,0,1,762,0,6,0,11    B
2022-03-22,8420,0,1,769,12747,0,0,1,770,0,1,0,11    B
2022-03-23,8420,5,0,774,12747,0,0,1,769,0,1,0,11    B
2022-03-24,8420,0,1,773,12747,0,0,1,774,0,1,0,11 X  B
2022-03-25,8420,1,0,774,12747,1,0,0,773,0,1,0,11 X  B
2022-03-28,8420,2,0,776,12747,0,0,0,774,0,0,0,11 X  B
2022-03-29,8420,2,6,772,12747,0,0,0,776,0,0,0,11 X  B
2022-03-30,8420,56,63,765,12747,0,0,0,772,0,0,0,11    B
2022-03-31,8420,49,52,762,12747,0,0,0,765,0,0,0,11    B
2022-04-01,8420,19,8,773,12747,0,0,0,762,0,0,0,11    B
2022-04-06,8420,19,1,791,12747,0,0,0,773,0,0,0,11    B
2022-04-07,8420,12,4,799,12747,0,0,0,791,0,0,0,11    B
2022-04-08,8420,19,37,781,12747,0,0,0,799,0,0,0,11    B
2022-04-11,8420,11,2,790,12747,0,0,0,781,0,0,0,11    B
2022-04-12,8420,24,1,813,12747,0,0,0,790,0,0,0,11    B
2022-04-13,8420,72,63,822,12747,0,0,0,813,0,0,0,11    B
2022-04-14,8420,18,6,834,12747,0,0,0,822,0,0,0,11    B
2022-04-15,8420,9,10,833,12747,0,0,0,834,0,0,0,11    B
2022-04-18,8420,8,7,834,12747,0,0,0,833,0,0,0,11    B
2022-04-19,8420,0,9,825,12747,0,0,0,834,0,0,0,11    B
2022-04-20,8420,19,2,842,12747,0,0,0,825,0,0,0,11    B
2022-04-21,8420,15,22,835,12747,0,0,0,842,0,0,0,11    B
2022-04-22,8420,40,44,831,12747,0,0,0,835,0,0,0,11    B
2022-04-25,8420,41,9,863,12747,0,0,0,831,0,0,0,11    B
2022-04-26,8420,106,118,851,12747,0,0,0,863,0,0,0,11    B
2022-04-27,8420,123,69,905,12747,0,2,2,851,0,0,0,11    B
2022-04-28,8420,16,51,870,12747,1,0,1,905,0,2,0,11    B
2022-04-29,8420,23,11,882,12747,1,0,0,870,0,1,0,11    B
2022-05-03,8420,82,86,878,12747,0,0,0,882,0,0,0,11    B
2022-05-04,8420,80,89,869,12747,0,0,0,878,0,0,0,11    B
2022-05-05,8420,77,36,910,12747,0,11,11,869,0,0,0,11    B
2022-05-06,8420,40,79,871,12747,0,8,19,910,0,11,0,11    B
2022-05-09,8420,82,69,884,12747,0,7,26,871,0,19,0,11    B
2022-05-10,8420,29,24,889,12747,0,4,30,884,0,26,0,11    B
2022-05-11,8420,15,36,868,12747,0,0,30,889,0,30,0,11    B
2022-05-12,8420,82,157,793,12747,0,2,32,868,0,30,0,11    B
2022-05-13,8420,17,37,773,12747,1,2,33,793,0,32,0,11    B
2022-05-16,8420,53,27,799,12747,0,2,35,773,0,33,0,11    B
2022-05-17,8420,84,133,750,12747,0,16,51,799,0,35,0,11    B
2022-05-18,8420,471,159,1062,12747,9,12,54,750,0,51,0,11    B
2022-05-19,8420,111,221,952,12747,12,58,100,1062,0,54,0,11    B
2022-05-20,8420,188,141,999,12747,32,6,74,952,0,100,0,11    B
2022-05-23,8420,60,62,997,12747,7,21,88,999,0,74,0,11    B
2022-05-24,8420,79,111,965,12747,29,1,60,997,0,88,0,11    B
2022-05-25,8420,173,193,945,12747,2,39,97,965,0,60,0,11    B
2022-05-26,8420,234,173,1006,12747,37,10,70,945,0,97,0,11    B
2022-05-27,8420,47,79,974,12747,12,12,70,1006,0,70,0,11    B
2022-05-30,8420,39,41,972,12747,6,5,69,974,0,70,0,11    B
2022-05-31,8420,17,40,949,12747,12,1,58,972,0,69,0,11    B
2022-06-01,8420,25,57,917,12747,13,1,46,949,0,58,0,11    B
2022-06-02,8420,127,115,929,12747,1,2,47,917,0,46,0,11    B
2022-06-06,8420,182,98,1013,12747,4,4,47,929,0,47,0,11    B
2022-06-07,8420,46,110,949,12747,4,3,46,1013,0,47,0,11    B
2022-06-08,8420,217,154,1012,12747,4,11,53,949,0,46,0,11    B
2022-06-09,8420,98,103,1007,12747,2,4,55,1012,0,53,0,11    B
2022-06-10,8420,18,128,897,12747,22,5,38,1007,0,55,0,11    B
2022-06-13,8420,19,87,829,12747,16,1,23,897,0,38,0,11    B
2022-06-14,8420,77,30,876,12747,9,7,21,829,0,23,0,11    B
2022-06-15,8420,7,24,859,12747,7,0,14,876,0,21,0,11    B
2022-06-16,8420,116,83,892,12747,3,3,14,859,0,14,0,11    B
2022-06-17,8420,25,48,869,12747,9,4,9,892,0,14,0,11 X  B
2022-06-20,8420,32,29,872,12747,9,0,0,869,0,9,0,11 X  B
2022-06-21,8420,3,56,767,12747,0,0,0,872,52,0,0,X
2022-06-22,8420,27,24,770,12747,0,0,0,767,0,0,0,X
2022-06-23,8420,16,14,729,12747,0,0,0,770,43,0,0,
2022-06-24,8420,43,35,737,12747,0,8,8,729,0,0,0,
2022-06-27,8420,8,9,736,12747,4,0,4,737,0,8,0,
2022-06-28,8420,16,3,749,12747,0,0,4,736,0,4,0,
2022-06-29,8420,7,6,750,12747,1,0,3,749,0,4,0,
2022-06-30,8420,42,16,776,12747,1,0,2,750,0,3,0,
2022-07-01,8420,63,68,771,12747,0,2,4,776,0,2,0,
2022-07-04,8420,9,9,771,12747,0,2,6,771,0,4,0,
2022-07-05,8420,17,32,756,12747,0,0,6,771,0,6,0,
2022-07-06,8420,22,1,777,12747,0,4,10,756,0,6,0,
2022-07-07,8420,14,15,776,12747,1,0,9,777,0,10,0,
2022-07-08,8420,29,92,713,12747,4,0,5,776,0,9,0,
2022-07-11,8420,26,74,665,12747,0,0,5,713,0,5,0,
2022-07-12,8420,3,20,648,12747,0,0,5,665,0,5,0,
2022-07-13,8420,15,29,634,12747,0,0,5,648,0,5,0,
2022-07-14,8420,13,17,630,12747,0,0,5,634,0,5,0,
2022-07-15,8420,32,49,613,12747,0,0,5,630,0,5,0,
2022-07-18,8420,42,37,618,12747,0,0,5,613,0,5,0,
2022-07-19,8420,14,22,610,12747,0,1,6,618,0,5,0,
2022-07-20,8420,24,34,600,12747,0,0,6,610,0,6,0,
2022-07-21,8420,14,37,577,12747,0,1,7,600,0,6,0,
2022-07-22,8420,14,15,576,12747,0,0,7,577,0,7,0,
2022-07-25,8420,5,21,560,12747,0,0,7,576,0,7,0,
2022-07-26,8420,6,15,551,12747,0,0,7,560,0,7,0,
2022-07-27,8420,24,11,564,12747,0,0,7,551,0,7,0,
2022-07-28,8420,14,12,566,12747,0,0,7,564,0,7,0,
2022-07-29,8420,9,17,558,12747,0,0,7,566,0,7,0,
2022-08-01,8420,49,32,575,12747,0,0,7,558,0,7,0,
2022-08-02,8420,44,60,559,12747,0,0,7,575,0,7,0,
2022-08-03,8420,19,17,561,12747,0,0,7,559,0,7,0,
2022-08-04,8420,43,36,568,12747,0,0,7,561,0,7,0,
2022-08-05,8420,109,145,532,12747,0,6,13,568,0,7,0,
2022-08-08,8420,372,173,731,12747,0,1,14,532,0,13,0,
2022-08-09,8420,162,233,660,12747,1,73,86,731,0,14,0,
2022-08-10,8420,176,241,595,12747,28,3,61,660,0,86,0,
2022-08-11,8420,103,62,636,12747,12,4,53,595,0,61,0,
2022-08-12,8420,89,186,539,12747,1,36,87,636,0,53,1,
2022-08-15,8420,234,95,678,12747,20,1,68,539,0,87,0,
2022-08-16,8420,114,61,731,12747,2,5,71,678,0,68,0,
2022-08-17,8420,186,187,730,12747,2,7,76,731,0,71,0,
2022-08-18,8420,131,169,692,12747,4,0,72,730,0,76,0,
2022-08-19,8420,74,93,673,12747,0,0,72,692,0,72,0,
2022-08-22,8420,128,89,712,12747,7,0,65,673,0,72,0,
2022-08-23,8420,49,65,696,12747,0,3,68,712,0,65,0,
2022-08-24,8420,45,43,698,12747,0,1,69,696,0,68,0,
2022-08-25,8420,273,128,843,12747,1,0,68,698,0,69,0,
2022-08-26,8420,27,41,829,12747,14,0,54,843,0,68,0,
2022-08-29,8420,27,34,822,12747,3,0,51,829,0,54,0,
2022-08-30,8420,55,135,742,12747,0,2,53,822,0,51,0,
2022-08-31,8420,154,108,788,12747,0,6,59,742,0,53,0,
2022-09-01,8420,74,147,715,12747,1,6,64,788,0,59,0,
2022-09-02,8420,415,237,893,12747,7,4,61,715,0,64,0,
2022-09-05,8420,363,220,1036,12747,16,14,59,893,0,61,0,
2022-09-06,8420,68,131,973,12747,13,0,46,1036,0,59,0,
2022-09-07,8420,45,103,915,12747,0,3,49,973,0,46,0,
2022-09-08,8420,14,30,899,12747,2,2,49,915,0,49,0,
2022-09-12,8420,15,23,891,12747,0,0,49,899,0,49,0,
2022-09-13,8420,25,77,839,12747,0,1,50,891,0,49,0,
2022-09-14,8420,34,15,858,12747,0,0,50,839,0,50,0,
2022-09-15,8420,22,20,860,12747,1,0,49,858,0,50,0,
2022-09-16,8420,61,56,865,12747,1,8,56,860,0,49,0,
2022-09-19,8420,79,33,911,12747,9,9,56,865,0,56,0,
2022-09-20,8420,16,63,864,12747,4,4,56,911,0,56,0,
2022-09-21,8420,20,5,879,12747,0,0,56,864,0,56,0,
2022-09-22,8420,17,9,887,12747,7,2,51,879,0,56,0,
2022-09-23,8420,14,12,889,12747,18,0,33,887,0,51,0,
2022-09-26,8420,44,56,877,12747,15,0,18,889,0,33,0,
2022-09-27,8420,13,27,862,12747,1,1,18,877,1,18,0,
2022-09-28,8420,47,21,888,12747,2,0,16,862,0,18,0,
2022-09-29,8420,2,66,824,12747,0,1,17,888,0,16,0,
2022-09-30,8420,16,29,811,12747,2,2,17,824,0,17,0,
2022-10-03,8420,24,0,835,12747,0,0,17,811,0,17,0,
2022-10-04,8420,15,53,797,12747,1,1,17,835,0,17,0,
2022-10-05,8420,15,18,794,12747,0,0,17,797,0,17,0,
2022-10-06,8420,38,50,782,12747,0,1,18,794,0,17,0,
2022-10-07,8420,21,3,800,12747,1,0,17,782,0,18,0,
2022-10-11,8420,47,52,794,12747,0,1,18,800,1,17,0,
2022-10-12,8420,58,27,825,12747,3,1,16,794,0,18,0,
2022-10-13,8420,57,34,848,12747,0,3,19,825,0,16,0,
2022-10-14,8420,17,16,849,12747,2,0,17,848,0,19,0,
2022-10-17,8420,34,40,843,12747,0,0,17,849,0,17,0,
2022-10-18,8420,39,16,866,12747,1,0,16,843,0,17,0,
2022-10-19,8420,15,10,871,12747,0,0,16,866,0,16,0,
2022-10-20,8420,7,15,863,12747,1,0,15,871,0,16,0,
2022-10-21,8420,1,2,862,12747,0,1,16,863,0,15,0,
2022-10-24,8420,8,2,868,12747,0,0,16,862,0,16,0,
2022-10-25,8420,1,3,866,12747,0,0,16,868,0,16,0,
2022-10-26,8420,13,11,868,12747,1,3,18,866,0,16,0,
2022-10-27,8420,14,2,880,12747,0,0,18,868,0,18,0,
2022-10-28,8420,6,9,877,12747,0,0,18,880,0,18,0,
2022-10-31,8420,48,11,910,12747,1,0,17,877,4,18,0,
2022-11-01,8420,82,42,950,12747,4,5,18,910,0,17,0,
2022-11-02,8420,170,98,1022,12747,0,2,20,950,0,18,0,
2022-11-03,8420,192,86,1128,12747,1,6,25,1022,0,20,0,
2022-11-04,8420,85,93,1120,12747,1,0,24,1128,0,25,0,
2022-11-07,8420,40,24,1136,12747,0,1,25,1120,0,24,0,
2022-11-08,8420,31,8,1159,12747,0,1,26,1136,0,25,0,
2022-11-09,8420,30,23,1166,12747,0,0,26,1159,0,26,0,
2022-11-10,8420,39,12,1193,12747,2,0,24,1166,0,26,0,
2022-11-11,8420,87,30,1250,12747,0,0,24,1193,0,24,0,
2022-11-14,8420,18,13,1255,12747,0,5,29,1250,0,24,0,
2022-11-15,8420,14,4,1265,12747,0,0,29,1255,0,29,0,
2022-11-16,8420,41,13,1293,12747,0,0,29,1265,0,29,0,
2022-11-17,8420,42,41,1294,12747,16,1,14,1293,0,29,0,
2022-11-18,8420,21,15,1300,12747,0,0,14,1294,0,14,0,
2022-11-21,8420,42,18,1324,12747,1,4,17,1300,0,14,0,
2022-11-22,8420,37,18,1343,12747,0,0,17,1324,0,17,0,
2022-11-23,8420,29,18,1354,12747,0,0,17,1343,0,17,0,
2022-11-24,8420,56,16,1393,12747,0,0,17,1354,1,17,0,
2022-11-25,8420,62,20,1435,12747,2,0,15,1393,0,17,0,
2022-11-28,8420,8,8,1435,12747,0,0,15,1435,0,15,0,
2022-11-29,8420,15,24,1426,12747,0,0,15,1435,0,15,0,
2022-11-30,8420,45,25,1446,12747,0,0,15,1426,0,15,0,
2022-12-01,8420,41,18,1469,12747,0,0,15,1446,0,15,0,
2022-12-02,8420,57,70,1456,12747,0,0,15,1469,0,15,0,
2022-12-05,8420,136,121,1471,12747,1,1,15,1456,0,15,0,
2022-12-06,8420,50,60,1461,12747,0,0,15,1471,0,15,0,
2022-12-07,8420,148,155,1454,12747,1,0,14,1461,0,15,0,
2022-12-08,8420,75,115,1414,12747,0,3,17,1454,0,14,0,
2022-12-09,8420,69,82,1401,12747,5,0,12,1414,0,17,0,
2022-12-12,8420,23,24,1400,12747,0,0,12,1401,0,12,0,
2022-12-13,8420,15,35,1380,12747,0,0,12,1400,0,12,0,
2022-12-14,8420,18,33,1365,12747,0,0,12,1380,0,12,0,
2022-12-15,8420,59,68,1356,12747,0,1,13,1365,0,12,0,
2022-12-16,8420,23,19,1360,12747,1,4,16,1356,0,13,0,
2022-12-19,8420,38,28,1370,12747,0,0,16,1360,0,16,0,
2022-12-20,8420,49,82,1337,12747,0,0,16,1370,0,16,0,
2022-12-21,8420,16,9,1344,12747,0,0,16,1337,0,16,0,
2022-12-22,8420,64,40,1368,12747,0,1,17,1344,0,16,0,
2022-12-23,8420,29,42,1355,12747,0,0,17,1368,0,17,0,
2022-12-26,8420,11,26,1340,12747,0,0,17,1355,0,17,0,
2022-12-27,8420,58,66,1332,12747,0,0,17,1340,0,17,0,
2022-12-28,8420,14,25,1321,12747,0,2,19,1332,0,17,0,
2022-12-29,8420,17,9,1329,12747,0,0,19,1321,0,19,0,
2022-12-30,8420,11,12,1328,12747,0,0,19,1329,0,19,0,
2023-01-03,8420,11,3,1335,12747,0,0,19,1328,1,19,0,
2023-01-04,8420,10,24,1321,12747,0,0,19,1335,0,19,0,
2023-01-05,8420,24,20,1325,12747,0,0,19,1321,0,19,0,
2023-01-06,8420,20,39,1306,12747,0,0,19,1325,0,19,0,
2023-01-09,8420,38,25,1319,12747,0,0,19,1306,0,19,0,
2023-01-10,8420,116,283,1152,12747,0,0,19,1319,0,19,0,
2023-01-11,8420,148,160,1140,12747,0,6,25,1152,0,19,0,
2023-01-12,8420,241,196,1185,12747,0,158,183,1140,0,25,0,
2023-01-13,8420,196,260,1121,12747,1,255,437,1185,0,183,0,
2023-01-16,8420,249,165,1205,12747,1,4,440,1121,0,437,0,
2023-01-17,8420,72,107,1170,12747,0,5,431,1205,0,440,14,
2023-01-30,8420,45,55,1160,12747,0,0,408,1170,0,431,23,
2023-01-31,8420,15,69,1106,12747,0,0,384,1160,0,408,24,
2023-02-01,8420,74,39,1140,12747,1,0,344,1106,1,384,39,
2023-02-02,8420,50,35,1155,12747,31,0,309,1140,0,344,4,
2023-02-03,8420,81,20,1216,12747,50,0,236,1155,0,309,23,
2023-02-06,8420,46,27,1235,12747,14,5,179,1216,0,236,48,
2023-02-07,8420,69,94,1210,12747,41,0,132,1235,0,179,6,
2023-02-08,8420,100,103,1207,12747,2,0,105,1210,0,132,25,
2023-02-09,8420,55,71,1191,12747,0,0,98,1207,0,105,7,
2023-02-10,8420,95,208,1078,12747,5,0,63,1191,0,98,30,
2023-02-13,8420,44,59,1063,12747,0,1,41,1078,0,63,23,
2023-02-14,8420,8,49,1022,12752,1,0,40,1063,0,41,0,
2023-02-15,8420,34,20,1036,12752,0,0,36,1022,0,40,4,
2023-02-16,8420,29,39,1026,12752,0,0,36,1036,0,36,0,
2023-02-17,8420,18,18,1026,12752,0,0,26,1026,0,36,10,
2023-02-20,8420,22,63,985,12752,0,0,26,1026,0,26,0,
2023-02-21,8420,67,51,1001,12752,0,0,26,985,0,26,0,
2023-02-22,8420,69,115,955,12752,0,0,21,1001,0,26,5,
2023-02-23,8420,294,192,1057,12752,0,27,48,955,0,21,0,
2023-02-24,8420,160,185,1026,12752,0,126,174,1057,6,48,0,
2023-03-01,8420,93,129,990,12752,0,32,206,1026,0,174,0,
2023-03-02,8420,113,57,1046,12752,0,29,230,990,0,206,5,
2023-03-03,8420,76,95,1027,12752,1,3,232,1046,0,230,0,
2023-03-06,8420,45,94,978,12752,2,58,283,1027,0,232,5,
2023-03-07,8420,37,38,977,12752,1,8,290,978,0,283,0,
2023-03-08,8420,104,124,957,12752,0,31,273,977,0,290,48,
2023-03-09,8420,52,140,869,12752,0,16,200,957,0,273,89,
2023-03-10,8420,46,102,813,12752,12,6,147,869,0,200,47,
2023-03-13,8420,298,80,1031,12752,5,19,127,813,0,147,34,
2023-03-14,8420,128,76,1083,12837,2,40,147,1031,0,127,18,
2023-03-15,8420,38,87,1019,12837,3,36,180,1083,15,147,0,
2023-03-16,8420,76,64,1031,12837,79,2,43,1019,0,180,60,
2023-03-17,8420,25,37,1019,12837,16,0,27,1031,0,43,0,
2023-03-20,8420,24,60,983,12837,8,0,18,1019,0,27,1,
2023-03-21,8420,51,7,1027,12837,0,0,10,983,0,18,8,
2023-03-22,8420,12,24,1015,12837,0,0,10,1027,0,10,0,
2023-03-23,8420,29,60,984,12837,3,0,7,1015,0,10,0,X
2023-03-24,8420,113,54,1043,12837,6,0,0,984,0,7,1,X
2023-03-27,8420,11,30,1024,12837,0,0,0,1043,0,0,0,X
2023-03-28,8420,169,120,1073,12837,0,0,0,1024,0,0,0,X
2023-03-29,8420,44,72,1045,12837,0,0,0,1073,0,0,0,
2023-03-30,8420,62,100,1007,12837,0,2,2,1045,0,0,0,
2023-03-31,8420,24,32,999,12837,0,5,7,1007,0,2,0,
2023-04-06,8420,20,50,969,12837,0,0,7,999,0,7,0,
2023-04-07,8420,86,91,964,12837,5,3,5,969,0,7,0,
2023-04-10,8420,43,24,983,12837,0,2,7,964,0,5,0,
2023-04-11,8420,120,55,1048,12837,2,0,5,983,0,7,0,
2023-04-12,8420,24,16,1056,12837,0,0,5,1048,0,5,0,
2023-04-13,8420,55,83,1028,12837,0,0,5,1056,0,5,0,
2023-04-14,8420,23,28,1023,13024,0,0,5,1028,0,5,0,
2023-04-17,8420,38,98,963,13024,0,10,15,1023,0,5,0,
2023-04-18,8420,25,61,927,13024,1,2,16,963,0,15,0,
2023-04-19,8420,34,44,917,13024,0,0,16,927,0,16,0,
2023-04-20,8420,77,36,958,13024,1,1,16,917,0,16,0,
2023-04-21,8420,35,66,927,13024,1,1,10,958,0,16,6,
2023-04-24,8420,4,8,923,13024,0,6,16,927,0,10,0,
2023-04-25,8420,37,12,948,13024,1,0,15,923,0,16,0,
2023-04-26,8420,53,63,938,13024,1,1,15,948,0,15,0,
2023-04-27,8420,21,20,939,13024,1,0,14,938,0,15,0,
2023-04-28,8420,51,52,938,13024,1,1,14,939,0,14,0,
2023-05-02,8420,43,24,957,13024,0,0,14,938,0,14,0,
2023-05-03,8420,16,12,961,13024,0,0,14,957,0,14,0,
2023-05-04,8420,116,39,1038,13024,1,39,52,961,0,14,0,
2023-05-05,8420,64,42,1060,13024,6,12,58,1038,0,52,0,
2023-05-08,8420,58,106,1012,13024,0,52,110,1060,0,58,0,
2023-05-09,8420,49,69,992,13024,0,80,190,1012,0,110,0,
2023-05-10,8420,53,155,890,13024,2,89,277,992,0,190,0,
2023-05-11,8420,17,83,824,13024,1,20,296,890,0,277,0,
2023-05-12,8420,26,22,828,13024,0,41,283,824,0,296,54,
2023-05-15,8420,27,35,820,13024,0,0,283,828,0,283,0,
2023-05-16,8420,34,5,849,13024,16,0,246,820,0,283,21,
2023-05-17,8420,40,27,862,13024,0,0,228,849,0,246,18,
2023-05-18,8420,80,34,907,13024,1,0,227,862,1,228,0,
2023-05-19,8420,34,31,910,13024,0,7,213,907,0,227,21,
2023-05-22,8420,46,21,935,13024,0,21,211,910,0,213,23,
2023-05-23,8420,14,84,865,13024,0,0,211,935,0,211,0,
2023-05-24,8420,6,36,835,13024,4,22,229,865,0,211,0,
2023-05-25,8420,26,26,835,13024,10,0,215,835,0,229,4,
2023-05-26,8420,76,25,886,13024,0,95,310,835,0,215,0,
2023-05-29,8420,15,7,894,13024,0,0,310,886,0,310,0,
2023-05-30,8420,67,17,944,13024,0,30,340,894,0,310,0,
2023-05-31,8420,12,8,948,13024,0,3,343,944,0,340,0,
2023-06-01,8420,160,29,1079,13024,0,64,407,948,0,343,0,
2023-06-02,8420,68,31,1116,13024,1,14,292,1079,0,407,128,
2023-06-05,8420,27,17,1126,13024,9,30,280,1116,0,292,33,
2023-06-06,8420,38,28,1136,13024,0,0,265,1126,0,280,15,
2023-06-07,8420,85,71,1150,13024,0,0,223,1136,0,265,42,
2023-06-08,8420,87,42,1195,13024,0,0,147,1150,0,223,76,
2023-06-09,8420,361,102,1454,13024,0,347,483,1195,0,147,11,
2023-06-12,8420,379,265,1562,13024,0,246,729,1454,6,483,0,
2023-06-13,8420,77,126,1513,13024,0,47,734,1562,0,729,42,
2023-06-14,8420,67,92,1488,13024,0,67,764,1513,0,734,37,
2023-06-15,8420,40,75,1453,13024,0,23,662,1488,0,764,125,
2023-06-16,8420,78,33,1498,13024,0,10,577,1453,0,662,95,
2023-06-19,8420,105,53,1550,13024,0,8,535,1498,0,577,50,
2023-06-20,8420,98,90,1558,13024,0,20,435,1550,0,535,120,
2023-06-21,8420,37,9,1586,13024,3,1,310,1558,0,435,123,
2023-06-26,8420,34,47,1573,13024,0,17,212,1586,0,310,115,
2023-06-27,8420,53,28,1598,13024,0,0,167,1573,0,212,45,
2023-06-28,8420,9,87,1520,13024,5,1,110,1598,0,167,53,
2023-06-29,8420,16,15,1520,13024,6,0,104,1520,1,110,0,
2023-06-30,8420,63,15,1568,13024,0,16,98,1520,0,104,22,
2023-07-03,8420,37,15,1590,13024,0,34,110,1568,0,98,22,
2023-07-04,8420,77,24,1643,13024,0,0,80,1590,0,110,30,
2023-07-05,8420,45,19,1669,13024,0,14,94,1643,0,80,0,
2023-07-06,8420,128,120,1677,13024,0,88,182,1669,0,94,0,
2023-07-07,8420,94,30,1741,13024,6,9,159,1677,0,182,26,
2023-07-10,8420,48,60,1729,13024,0,36,195,1741,0,159,0,
2023-07-11,8420,23,4,1746,13024,0,6,161,1729,2,195,40,
2023-07-12,8420,66,15,1797,13024,0,0,74,1746,0,161,87,
2023-07-13,8420,36,24,1809,13024,0,5,68,1797,0,74,11,
2023-07-14,8420,81,19,1871,13680,0,3,68,1809,0,68,3,
2023-07-17,8420,63,36,1898,13680,0,0,30,1871,0,68,38,
2023-07-18,8420,99,60,1937,13680,0,4,33,1898,0,30,1,
2023-07-19,8420,76,21,1992,13680,0,0,31,1937,0,33,2,
2023-07-20,8420,56,79,1969,13680,3,35,63,1992,0,31,0,
2023-07-21,8420,52,28,1993,13680,0,5,68,1969,0,63,0,
2023-07-24,8420,97,31,2059,13680,5,25,88,1993,0,68,0,
2023-07-25,8420,35,31,2063,13680,0,0,88,2059,0,88,0,
2023-07-26,8420,25,82,2006,13680,8,0,65,2063,0,88,15,
2023-07-27,8420,16,28,1994,13680,0,1,66,2006,0,65,0,
2023-07-28,8420,38,29,2003,13680,0,0,32,1994,0,66,34,
2023-07-31,8420,76,146,1933,13680,0,1,31,2003,0,32,2,
2023-08-01,8420,73,111,1895,13680,0,0,31,1933,0,31,0,
2023-08-02,8420,33,50,1878,13680,0,0,31,1895,0,31,0,
2023-08-04,8420,56,149,1785,13680,4,1,28,1878,0,31,0,
2023-08-07,8420,16,60,1741,13680,0,0,28,1785,0,28,0,
2023-08-08,8420,46,182,1605,13680,0,6,34,1741,0,28,0,
2023-08-09,8420,15,90,1530,13680,0,6,40,1605,0,34,0,
2023-08-10,8420,54,57,1526,13680,0,2,41,1530,1,40,1,
2023-08-11,8420,12,56,1481,13680,2,10,49,1526,1,41,0,
2023-08-14,8420,46,26,1501,13804,3,1,47,1481,0,49,0,
2023-08-15,8420,2,12,1491,13804,0,0,47,1501,0,47,0,
2023-08-16,8420,13,8,1496,13804,0,0,47,1491,0,47,0,
2023-08-17,8420,6,12,1490,13804,15,0,32,1496,0,47,0,
2023-08-18,8420,3,13,1480,13804,0,0,32,1490,0,32,0,
2023-08-21,8420,22,18,1484,13804,1,0,31,1480,0,32,0,
2023-08-22,8420,48,18,1507,13804,0,0,31,1484,7,31,0,
2023-08-23,8420,22,28,1501,13804,0,0,31,1507,0,31,0,
2023-08-24,8420,22,27,1496,13804,0,0,31,1501,0,31,0,
2023-08-25,8420,13,3,1506,13804,0,1,32,1496,0,31,0,
2023-08-28,8420,13,22,1497,13804,0,1,33,1506,0,32,0,
2023-08-29,8420,20,3,1514,13804,0,1,34,1497,0,33,0,
2023-08-30,8420,9,20,1503,13804,0,1,33,1514,0,34,2,
2023-08-31,8420,5,17,1491,13804,0,0,33,1503,0,33,0,
2023-09-01,8420,49,17,1523,13804,0,1,34,1491,0,33,0,
2023-09-04,8420,12,18,1517,13804,0,2,36,1523,0,34,0,
2023-09-05,8420,0,50,1467,13804,1,0,35,1517,0,36,0,
2023-09-06,8420,2,8,1461,13804,0,0,35,1467,0,35,0,
2023-09-07,8420,5,52,1412,13804,0,0,35,1461,2,35,0,
2023-09-08,8420,14,13,1413,13804,7,1,29,1412,0,35,0,
2023-09-11,8420,27,40,1400,13804,2,2,29,1413,0,29,0,
2023-09-12,8420,3,11,1392,13804,2,0,27,1400,0,29,0,
2023-09-13,8420,0,28,1364,13804,0,1,28,1392,0,27,0,
2023-09-14,8420,7,3,1368,13804,0,0,28,1364,0,28,0,
2023-09-15,8420,2,4,1366,13804,2,0,26,1368,0,28,0,
2023-09-18,8420,14,42,1338,13804,2,0,24,1366,0,26,0,
2023-09-19,8420,20,10,1348,13804,2,1,23,1338,0,24,0,
2023-09-20,8420,33,13,1368,13804,3,1,21,1348,0,23,0,
2023-09-21,8420,7,31,1344,13804,1,0,20,1368,0,21,0,
2023-09-22,8420,5,27,1322,13804,0,0,20,1344,0,20,0,
2023-09-25,8420,7,0,1307,13804,0,101,121,1322,22,20,0,
2023-09-26,8420,15,33,1264,13804,0,17,138,1307,25,121,0,
2023-09-27,8420,703,859,1091,0,17,126,247,1264,17,138,0,OX
2023-09-28,8420,0,147,944,0,0,0,247,1091,0,247,0,OX
2023-10-02,8420,0,50,893,0,0,0,247,944,1,247,0,OX
2023-10-03,8420,0,40,852,0,71,0,176,893,1,247,0,OX
2023-10-04,8420,0,6,846,0,0,0,176,852,0,176,0,OX
2023-10-05,8420,0,33,813,0,0,0,176,846,0,176,0,OX
2023-10-06,8420,0,42,771,0,4,0,172,813,0,176,0,OX
2023-10-11,8420,0,32,739,0,10,0,147,771,0,172,15,OX
2023-10-12,8420,0,90,649,0,0,0,147,739,0,147,0,OX
2023-10-13,8420,0,19,630,0,0,0,147,649,0,147,0,OX
2023-10-16,8420,0,30,600,0,0,0,147,630,0,147,0,OX
2023-10-17,8420,0,44,556,0,0,0,147,600,0,147,0,OX
2023-10-18,8420,0,1,555,0,4,0,143,556,0,147,0,OX
2023-10-19,8420,0,1,554,0,7,0,136,555,0,143,0,OX
2023-10-20,8420,0,2,552,0,7,0,129,554,0,136,0,OX
2023-10-23,8420,0,18,534,0,1,0,128,552,0,129,0,OX
2023-10-24,8420,0,0,534,0,0,0,128,534,0,128,0,OX
2023-10-25,8420,0,0,534,0,3,0,125,534,0,128,0,OX
2023-10-26,8420,0,0,534,0,1,0,124,534,0,125,0,OX
2023-10-27,8420,0,1,533,0,5,0,119,534,0,124,0,OX
2023-10-30,8420,0,41,492,0,14,0,105,533,0,119,0,OX
2023-10-31,8420,0,21,471,0,8,0,97,492,0,105,0,OX
2023-11-01,8420,0,0,471,0,1,0,96,471,0,97,0,OX
2023-11-02,8420,0,1,465,0,0,0,96,471,5,96,0,OX
2023-11-03,8420,0,0,465,0,0,0,96,465,0,96,0,OX
2023-11-06,8420,0,1,464,0,0,0,96,465,0,96,0,OX
2023-11-07,8420,0,16,448,0,6,0,90,464,0,96,0,OX
2023-11-08,8420,0,0,448,0,2,0,88,448,0,90,0,OX
2023-11-09,8420,0,3,445,0,10,0,78,448,0,88,0,OX
2023-11-10,8420,0,5,440,0,2,0,74,445,0,78,2,OX
2023-11-13,8420,0,0,431,0,0,0,74,440,9,74,0,OX
2023-11-14,8420,0,0,431,0,0,0,74,431,0,74,0,OX
2023-11-15,8420,0,0,429,0,0,0,74,431,2,74,0,OX
2023-11-16,8420,0,6,423,0,0,0,74,429,0,74,0,OX
2023-11-17,8420,0,0,423,0,0,0,74,423,0,74,0,OX
2023-11-20,8420,0,4,419,0,0,0,74,423,0,74,0,OX
2023-11-21,8420,0,0,419,0,0,0,74,419,0,74,0,OX
2023-11-22,8420,0,2,417,0,0,0,74,419,0,74,0,OX
2023-11-23,8420,0,0,417,0,0,0,74,417,0,74,0,OX
2023-11-24,8420,0,5,412,0,0,0,74,417,0,74,0,OX
2023-11-27,8420,0,0,412,0,0,0,74,412,0,74,0,OX
2023-11-28,8420,0,0,412,0,0,0,30,412,0,74,44,OX
2023-11-29,8420,0,5,407,0,0,0,30,412,0,30,0,OX
2023-11-30,8420,0,1,406,0,0,0,30,407,0,30,0,OX
2023-12-01,8420,0,0,406,0,0,0,30,406,0,30,0,OX
2023-12-04,8420,0,3,403,0,0,0,12,406,0,30,18,OX
2023-12-05,8420,0,2,401,0,0,0,12,403,0,12,0,OX
2023-12-06,8420,0,0,401,0,0,0,12,401,0,12,0,OX
2023-12-07,8420,0,0,401,0,0,0,12,401,0,12,0,OX
2023-12-08,8420,0,1,400,0,0,0,12,401,0,12,0,OX
2023-12-11,8420,0,1,399,0,0,0,12,400,0,12,0,OX
2023-12-12,8420,0,0,399,0,0,0,12,399,0,12,0,OX
2023-12-13,8420,0,0,399,0,0,0,12,399,0,12,0,OX
2023-12-14,8420,0,2,397,0,0,0,12,399,0,12,0,OX
2023-12-15,8420,0,1,396,0,0,0,12,397,0,12,0,OX
2023-12-18,8420,0,0,396,0,0,0,12,396,0,12,0,OX
2023-12-19,8420,0,0,396,0,0,0,12,396,0,12,0,OX
2023-12-20,8420,0,0,396,0,0,0,12,396,0,12,0,OX
2023-12-21,8420,0,0,396,0,0,0,12,396,0,12,0,OX
2023-12-22,8420,0,0,396,0,0,0,12,396,0,12,0,OX
2023-12-25,8420,0,0,396,0,0,0,12,396,0,12,0,OX
2023-12-26,8420,0,0,396,0,0,0,12,396,0,12,0,OX
2023-12-27,8420,0,4,392,0,0,0,12,396,0,12,0,OX
2023-12-28,8420,0,0,377,0,0,0,12,392,15,12,0,OX
2023-12-29,8420,0,0,377,0,0,0,12,377,0,12,0,OX
2024-01-02,8420,0,3,374,0,0,0,12,377,0,12,0,OX
2024-01-03,8420,0,0,374,0,0,0,12,374,0,12,0,OX
2024-01-04,8420,0,0,374,0,0,0,12,374,0,12,0,OX
2024-01-05,8420,0,0,374,0,0,0,12,374,0,12,0,OX
2024-01-08,8420,0,4,370,0,0,0,12,374,0,12,0,OX
2024-01-09,8420,0,0,370,0,0,0,12,370,0,12,0,OX
2024-01-10,8420,0,2,368,0,0,0,12,370,0,12,0,OX
2024-01-11,8420,0,1,367,0,0,0,12,368,0,12,0,OX
2024-01-12,8420,0,0,367,0,1,0,11,367,0,12,0,OX
2024-01-15,8420,0,0,367,0,0,0,11,367,0,11,0,OX
2024-01-16,8420,0,1,366,0,0,0,11,367,0,11,0,OX
2024-01-17,8420,0,1,365,0,0,0,11,366,0,11,0,OX
2024-01-18,8420,0,0,365,0,0,0,11,365,0,11,0,OX
2024-01-19,8420,0,1,363,0,0,0,11,364,0,11,0,OX
2024-01-22,8420,0,0,364,0,0,0,11,364,0,11,0,OX
2024-01-23,8420,0,4,360,0,0,0,11,364,0,11,0,OX
2024-01-24,8420,0,2,358,0,0,0,11,360,0,11,0,OX
2024-01-25,8420,0,7,351,0,0,0,11,358,0,11,0,OX
2024-01-26,8420,0,0,351,0,0,0,11,351,0,11,0,OX
2024-01-29,8420,0,0,351,0,0,0,11,351,0,11,0,OX
2024-01-30,8420,0,0,351,0,0,0,11,351,0,11,0,OX
2024-01-31,8420,0,0,351,0,0,0,11,351,0,11,0,OX
2024-02-01,8420,0,1,350,0,0,0,11,351,0,11,0,OX
2024-02-02,8420,0,0,350,0,0,0,11,350,0,11,0,OX
2024-02-05,8420,0,2,347,0,0,0,11,350,1,11,0,OX
2024-02-15,8420,0,4,343,0,0,0,11,347,0,11,0,OX
2024-02-16,8420,0,0,340,0,0,0,11,343,3,11,0,OX
2024-02-19,8420,0,0,324,0,0,0,11,340,16,11,0,OX
2024-02-20,8420,0,0,324,0,0,0,11,324,0,11,0,OX
2024-02-21,8420,0,0,324,0,0,0,11,324,0,11,0,OX
2024-02-22,8420,0,0,324,0,0,0,11,324,0,11,0,OX
2024-02-23,8420,0,1,323,0,1,0,10,324,0,11,0,OX
2024-02-26,8420,0,0,323,0,0,0,10,323,0,10,0,OX
2024-02-27,8420,0,0,323,0,0,0,10,323,0,10,0,OX
2024-02-29,8420,0,0,323,0,1,0,9,323,0,10,0,OX
2024-03-01,8420,0,0,323,0,0,0,9,323,0,9,0,OX
2024-03-04,8420,0,0,315,0,0,0,9,323,8,9,0,OX
2024-03-05,8420,0,0,315,0,0,0,9,315,0,9,0,OX
2024-03-06,8420,0,0,315,0,0,0,9,315,0,9,0,OX
2024-03-07,8420,0,0,315,0,0,0,9,315,0,9,0,OX
2024-03-08,8420,0,0,315,0,0,0,9,315,0,9,0,OX
2024-03-11,8420,0,0,315,0,0,0,9,315,0,9,0,OX
2024-03-12,8420,0,2,313,0,0,0,9,315,0,9,0,OX
2024-03-13,8420,0,0,313,0,0,0,9,313,0,9,0,OX
2024-03-14,8420,0,0,313,0,0,0,9,313,0,9,0,OX
2024-03-15,8420,0,1,312,0,0,0,9,313,0,9,0,OX
2024-03-18,8420,0,1,291,0,0,0,9,312,20,9,0,OX
2024-03-19,8420,0,0,291,0,0,0,9,291,0,9,0,OX
2024-03-20,8420,0,1,290,0,0,0,9,291,0,9,0,OX
2024-03-21,8420,0,0,290,0,9,0,0,290,0,9,0,OX
2024-03-22,8420,0,0,290,0,0,0,0,290,0,0,0,OX
2024-03-25,8420,0,1,289,0,0,0,0,290,0,0,0,OX
2024-03-26,8420,0,1,288,0,0,0,0,289,0,0,0,OX
2024-03-27,8420,0,0,288,0,0,0,0,288,0,0,0,OX
2024-03-28,8420,0,0,288,0,0,0,0,288,0,0,0,OX
2024-03-29,8420,0,2,286,0,0,0,0,288,0,0,0,OX
2024-04-01,8420,0,0,286,0,0,0,0,286,0,0,0,OX
2024-04-02,8420,0,0,286,0,0,0,0,286,0,0,0,OX
2024-04-03,8420,0,0,286,0,0,0,0,286,0,0,0,OX
2024-04-08,8420,0,0,286,0,0,0,0,286,0,0,0,OX
2024-04-09,8420,0,0,286,0,0,0,0,286,0,0,0,OX
2024-04-10,8420,0,0,286,0,0,0,0,286,0,0,0,OX
2024-04-11,8420,0,0,285,0,0,0,0,286,1,0,0,OX
2024-04-12,8420,0,0,285,0,0,0,0,285,0,0,0,OX
2024-04-15,8420,0,0,285,0,0,0,0,285,0,0,0,OX
2024-04-16,8420,0,0,285,0,0,0,0,285,0,0,0,OX
2024-04-17,8420,0,0,285,0,0,0,0,285,0,0,0,OX
2024-04-18,8420,0,0,285,0,0,0,0,285,0,0,0,OX
2024-04-19,8420,0,19,266,0,0,0,0,285,0,0,0,OX
2024-04-22,8420,0,2,264,0,0,0,0,266,0,0,0,OX
2024-04-23,8420,0,0,264,0,0,0,0,264,0,0,0,OX
2024-04-24,8420,0,0,264,0,0,0,0,264,0,0,0,OX
2024-04-25,8420,0,0,264,0,0,0,0,264,0,0,0,OX
2024-04-26,8420,0,0,264,0,0,0,0,264,0,0,0,OX
2024-04-29,8420,0,0,264,0,0,0,0,264,0,0,0,OX
2024-04-30,8420,0,0,264,0,0,0,0,264,0,0,0,OX
2024-05-02,8420,0,1,263,0,0,0,0,264,0,0,0,OX
2024-05-03,8420,0,0,263,0,0,0,0,263,0,0,0,OX
2024-05-06,8420,0,0,263,0,0,0,0,263,0,0,0,OX
2024-05-07,8420,0,2,261,0,0,0,0,263,0,0,0,OX
2024-05-08,8420,0,0,261,0,0,0,0,261,0,0,0,OX
2024-05-09,8420,0,0,261,0,0,0,0,261,0,0,0,OX
2024-05-10,8420,0,0,261,0,0,0,0,261,0,0,0,OX
2024-05-13,8420,0,0,261,0,0,0,0,261,0,0,0,OX
2024-05-14,8420,0,0,261,0,0,0,0,261,0,0,0,OX
2024-05-15,8420,0,0,261,0,0,0,0,261,0,0,0,OX
2024-05-16,8420,0,0,261,0,0,0,0,261,0,0,0,OX
2024-05-17,8420,0,0,261,0,0,0,0,261,0,0,0,OX
2024-05-20,8420,0,0,261,0,0,0,0,261,0,0,0,OX
2024-05-21,8420,0,10,251,0,0,0,0,261,0,0,0,OX
2024-05-22,8420,0,0,251,0,0,0,0,251,0,0,0,OX
2024-05-23,8420,0,1,250,0,0,0,0,251,0,0,0,OX
2024-05-24,8420,0,0,250,0,0,0,0,250,0,0,0,OX
2024-05-27,8420,0,5,245,0,0,0,0,250,0,0,0,OX
2024-05-28,8420,0,0,245,0,0,0,0,245,0,0,0,OX
2024-05-29,8420,0,3,242,0,0,0,0,245,0,0,0,OX
2024-05-30,8420,0,2,240,0,0,0,0,242,0,0,0,OX
2024-05-31,8420,0,6,234,0,0,0,0,240,0,0,0,OX
2024-06-03,8420,0,0,234,0,0,0,0,234,0,0,0,OX
2024-06-04,8420,0,0,234,0,0,0,0,234,0,0,0,OX
2024-06-05,8420,0,0,234,0,0,0,0,234,0,0,0,OX
2024-06-06,8420,0,0,234,0,0,0,0,234,0,0,0,OX
2024-06-07,8420,0,0,234,0,0,0,0,234,0,0,0,OX
2024-06-11,8420,0,0,234,0,0,0,0,234,0,0,0,OX
2024-06-12,8420,0,0,234,0,0,0,0,234,0,0,0,OX
2024-06-13,8420,0,4,230,0,0,0,0,234,0,0,0,OX
2024-06-14,8420,0,0,230,0,0,0,0,230,0,0,0,OX
2024-06-17,8420,0,0,230,0,0,0,0,230,0,0,0,OX
2024-06-18,8420,0,0,230,0,0,0,0,230,0,0,0,OX
2024-06-19,8420,0,10,220,0,0,0,0,230,0,0,0,OX
2024-06-20,8420,0,0,220,0,0,0,0,220,0,0,0,OX
2024-06-21,8420,0,0,220,0,0,0,0,220,0,0,0,OX
2024-06-24,8420,0,0,220,0,0,0,0,220,0,0,0,OX
2024-06-25,8420,0,0,220,0,0,0,0,220,0,0,0,OX
2024-06-26,8420,0,0,220,0,0,0,0,220,0,0,0,OX
2024-06-27,8420,0,0,220,0,0,0,0,220,0,0,0,OX
2024-06-28,8420,0,0,220,0,0,0,0,220,0,0,0,OX
2024-07-01,8420,0,0,211,0,0,0,0,220,9,0,0,OX
2024-07-02,8420,0,0,211,0,0,0,0,211,0,0,0,OX
2024-07-03,8420,0,1,210,0,0,0,0,211,0,0,0,OX
2024-07-04,8420,0,0,210,0,0,0,0,210,0,0,0,OX
2024-07-05,8420,0,0,210,0,0,0,0,210,0,0,0,OX
2024-07-08,8420,0,0,210,0,0,0,0,210,0,0,0,OX
2024-07-09,8420,0,0,210,0,0,0,0,210,0,0,0,OX
2024-07-10,8420,0,0,210,0,0,0,0,210,0,0,0,OX
2024-07-11,8420,0,0,210,0,0,0,0,210,0,0,0,OX
2024-07-12,8420,0,0,210,0,0,0,0,210,0,0,0,OX
2024-07-15,8420,0,0,201,0,0,0,0,210,9,0,0,OX
2024-07-16,8420,0,0,201,0,0,0,0,201,0,0,0,OX
2024-07-17,8420,0,0,201,0,0,0,0,201,0,0,0,OX
2024-07-18,8420,0,0,201,0,0,0,0,201,0,0,0,OX
2024-07-19,8420,0,0,201,0,0,0,0,201,0,0,0,OX
2024-07-22,8420,0,0,201,0,0,0,0,201,0,0,0,OX
2024-07-23,8420,0,0,201,0,0,0,0,201,0,0,0,OX
2024-07-26,8420,0,0,201,0,0,0,0,201,0,0,0,OX
2024-07-29,8420,0,0,201,0,0,0,0,201,0,0,0,OX
2024-07-30,8420,0,0,201,0,0,0,0,201,0,0,0,OX
2024-07-31,8420,0,1,200,0,0,0,0,201,0,0,0,OX
2024-08-01,8420,0,0,200,0,0,0,0,200,0,0,0,11OX   C
2024-08-02,8420,0,1,199,0,0,0,0,200,0,0,0,11OX   C
2024-08-05,8420,0,5,194,0,0,0,0,199,0,0,0,11OX   C
2024-08-06,8420,0,6,188,0,0,0,0,194,0,0,0,11OX   C
2024-08-07,8420,0,0,188,0,0,0,0,188,0,0,0,11OX   C
2024-08-08,8420,0,0,188,0,0,0,0,188,0,0,0,11OX   C
2024-08-09,8420,0,0,188,0,0,0,0,188,0,0,0,11OX   C
2024-08-12,8420,0,4,184,0,0,0,0,188,0,0,0,11OX   C
2024-08-13,8420,0,0,184,0,0,0,0,184,0,0,0,11OX   C
2024-08-14,8420,0,0,184,0,0,0,0,184,0,0,0,11OX   C
2024-08-15,8420,0,0,184,0,0,0,0,184,0,0,0,11OX   C
2024-08-16,8420,0,0,184,0,0,0,0,184,0,0,0,11OX   C
2024-08-19,8420,0,0,184,0,0,0,0,184,0,0,0,11OX   C
2024-08-20,8420,0,0,184,0,0,0,0,184,0,0,0,11OX   C
2024-08-21,8420,0,0,184,0,0,0,0,184,0,0,0,11OX   C
2024-08-22,8420,0,0,184,0,0,0,0,184,0,0,0,11OX   C
2024-08-23,8420,0,0,184,0,0,0,0,184,0,0,0,11OX   C
2024-08-26,8420,0,1,183,0,0,0,0,184,0,0,0,11OX   C
2024-08-27,8420,0,0,183,0,0,0,0,183,0,0,0,11OX   C
2024-08-28,8420,0,0,183,0,0,0,0,183,0,0,0,11OX   C
2024-08-29,8420,0,0,183,0,0,0,0,183,0,0,0,11OX   C
2024-08-30,8420,0,0,183,0,0,0,0,183,0,0,0,11OX   C
2024-09-02,8420,0,1,182,0,0,0,0,183,0,0,0,11OX   C
2024-09-03,8420,0,0,182,0,0,0,0,182,0,0,0,11OX   C
2024-09-04,8420,0,0,182,0,0,0,0,182,0,0,0,11OX   C
2024-09-05,8420,0,0,182,0,0,0,0,182,0,0,0,11OX   C
2024-09-06,8420,0,0,182,0,0,0,0,182,0,0,0,11OX   C
2024-09-09,8420,0,0,182,0,0,0,0,182,0,0,0,11OX   C
2024-09-10,8420,0,0,182,0,0,0,0,182,0,0,0,11OX   C
2024-09-11,8420,0,0,182,0,0,0,0,182,0,0,0,11OX   C
2024-09-12,8420,0,0,182,0,0,0,0,182,0,0,0,11OX   C
2024-09-13,8420,0,0,182,0,0,0,0,182,0,0,0,11OX   C
2024-09-16,8420,0,1,181,0,0,0,0,182,0,0,0,11OX   C
2024-09-18,8420,0,0,181,0,0,0,0,181,0,0,0,11OX   C
2024-09-19,8420,0,0,181,0,0,0,0,181,0,0,0,11OX   C
2024-09-20,8420,0,0,148,0,0,0,0,181,33,0,0,11OX   C
2024-09-23,8420,0,0,148,0,0,0,0,148,0,0,0,11OX   C
2024-09-24,8420,0,0,135,0,0,0,0,148,13,0,0,11OX   C
2024-09-25,8420,0,0,135,0,0,0,0,135,0,0,0,11OX   C
2024-09-26,8420,0,0,135,0,0,0,0,135,0,0,0,11OX   C
2024-09-27,8420,0,0,135,0,0,0,0,135,0,0,0,11OX   C
2024-09-30,8420,0,0,135,0,0,0,0,135,0,0,0,11OX   C
2024-10-01,8420,0,0,135,0,0,0,0,135,0,0,0,11OX   C
2024-10-04,8420,0,0,135,0,0,0,0,135,0,0,0,11OX   C
2024-10-07,8420,0,0,135,0,0,0,0,135,0,0,0,11OX   C
2024-10-08,8420,0,0,135,0,0,0,0,135,0,0,0,11OX   C
2024-10-09,8420,0,0,135,0,0,0,0,135,0,0,0,11OX   C
2024-10-11,8420,0,1,132,0,0,0,0,135,2,0,0,11OX   C
2024-10-14,8420,0,0,104,0,0,0,0,132,28,0,0,11OX   C
2024-10-15,8420,0,0,104,0,0,0,0,104,0,0,0,11OX   C
2024-10-16,8420,0,0,104,0,0,0,0,104,0,0,0,11OX   C
2024-10-17,8420,0,0,104,0,0,0,0,104,0,0,0,11OX   C
2024-10-18,8420,0,0,104,0,0,0,0,104,0,0,0,11OX   C
2024-10-21,8420,0,3,101,0,0,0,0,104,0,0,0,11OX   C
2024-10-22,8420,0,0,101,0,0,0,0,101,0,0,0,11OX   C
2024-10-23,8420,0,0,101,0,0,0,0,101,0,0,0,11OX   C
2024-10-24,8420,0,0,99,0,0,0,0,101,2,0,0,11OX   C
2024-10-25,8420,0,0,99,0,0,0,0,99,0,0,0,OX
2024-10-28,8420,0,0,99,0,0,0,0,99,0,0,0,OX
2024-10-29,8420,0,0,99,0,0,0,0,99,0,0,0,OX
2024-10-30,8420,0,0,99,0,0,0,0,99,0,0,0,OX
2024-11-01,8420,0,0,99,0,0,0,0,99,0,0,0,OX
2024-11-04,8420,0,0,99,0,0,0,0,99,0,0,0,OX
2024-11-05,8420,0,10,89,0,0,0,0,99,0,0,0,OX
2024-11-06,8420,0,0,89,0,0,0,0,89,0,0,0,OX
2024-11-07,8420,0,0,89,0,0,0,0,89,0,0,0,OX
2024-11-08,8420,0,0,89,0,0,0,0,89,0,0,0,OX
2024-11-11,8420,0,0,89,0,0,0,0,89,0,0,0,OX
2024-11-12,8420,0,0,89,0,0,0,0,89,0,0,0,OX
2024-11-13,8420,0,0,89,0,0,0,0,89,0,0,0,OX
2024-11-14,8420,0,1,87,0,0,0,0,89,1,0,0,OX
2024-11-15,8420,0,1,86,0,0,0,0,87,0,0,0,11OX   C
2024-11-18,8420,0,0,86,0,0,0,0,86,0,0,0,11OX   C
2024-11-19,8420,0,0,86,0,0,0,0,86,0,0,0,11OX   C
2024-11-20,8420,0,0,86,0,0,0,0,86,0,0,0,11OX   C    !
2024-11-21,8420,0,0,86,0,0,0,0,86,0,0,0,11OX   C    !
2024-11-22,8420,0,0,86,0,0,0,0,86,0,0,0,11OX   C    !
2024-11-25,8420,0,0,86,0,0,0,0,86,0,0,0,11OX   C    !
2024-11-26,8420,0,0,86,0,0,0,0,86,0,0,0,11OX   C    !
2024-11-27,8420,0,0,86,0,0,0,0,86,0,0,0,11OX   C    !
2024-11-28,8420,0,0,86,0,0,0,0,86,0,0,0,11OX   C    !
