date,stock_id,close,yield_pct,dividend_year,per,pbr,fs_quarter
2016-05-17,1101,,4.59,,20.57,0.99,
2016-05-17,1102,,4.45,,23.08,0.65,
2016-05-17,1103,,3.54,,24.94,0.44,
2016-05-17,1104,,5.47,,8.55,0.78,
2016-05-17,1108,,8.42,,9.81,0.83,
2016-05-17,1109,,2.00,,,0.70,
2016-05-17,1110,,1.37,,36.38,0.94,
2016-05-17,1201,,0.00,,,1.66,
2016-05-17,1203,,4.63,,21.60,1.19,
2016-05-17,1210,,2.93,,17.57,1.16,
2016-05-17,1213,,5.75,,87.00,1.31,
2016-05-17,1215,,7.05,,9.88,1.34,
2016-05-17,1216,,3.32,,24.18,3.41,
2016-05-17,1217,,0.00,,48.00,0.71,
2016-05-17,1218,,0.00,,22.45,1.21,
2016-05-17,1219,,1.66,,41.81,1.25,
2016-05-17,1220,,4.78,,12.01,0.85,
2016-05-17,1225,,3.07,,11.46,2.22,
2016-05-17,1227,,3.51,,22.51,4.31,
2016-05-17,1229,,7.23,,12.08,0.86,
2016-05-17,1231,,5.52,,11.54,1.52,
2016-05-17,1232,,6.41,,14.77,3.25,
2016-05-17,1233,,5.31,,17.11,2.32,
2016-05-17,1234,,4.76,,21.58,0.72,
2016-05-17,1235,,3.36,,10.72,0.79,
2016-05-17,1236,,3.56,,34.47,1.10,
2016-05-17,1256,,3.57,,15.01,3.35,
2016-05-17,1262,,3.36,,13.80,2.14,
2016-05-17,1301,,4.67,,14.88,1.66,
2016-05-17,1303,,5.56,,14.21,1.43,
2016-05-17,1304,,4.02,,13.24,0.74,
2016-05-17,1305,,7.97,,9.01,1.06,
2016-05-17,1307,,5.31,,12.12,1.67,
2016-05-17,1308,,4.68,,16.60,0.95,
2016-05-17,1309,,0.00,,66.09,0.70,
2016-05-17,1310,,6.60,,7.43,1.21,
2016-05-17,1312,,5.23,,7.97,0.82,
2016-05-17,1313,,2.35,,,0.54,
2016-05-17,1314,,0.00,,,0.33,
2016-05-17,1315,,4.65,,16.09,0.63,
2016-05-17,1316,,0.00,,,1.46,
2016-05-17,1319,,2.79,,15.61,1.59,
2016-05-17,1321,,0.00,,149.12,1.13,
2016-05-17,1323,,4.79,,11.85,1.65,
2016-05-17,1324,,3.67,,11.98,0.82,
2016-05-17,1325,,3.65,,16.55,1.02,
2016-05-17,1326,,4.24,,14.70,1.65,
2016-05-17,1337,,2.75,,10.83,0.46,
2016-05-17,1338,,3.69,,13.39,1.56,
2016-05-17,1339,,4.60,,9.99,1.08,
2016-05-17,1340,,1.59,,8.19,1.25,
2016-05-17,1402,,4.50,,19.14,0.61,
2016-05-17,1409,,3.03,,18.77,0.54,
2016-05-17,1410,,5.39,,13.85,1.42,
2016-05-17,1413,,0.00,,25.12,0.99,
2016-05-17,1414,,3.49,,63.67,0.41,
2016-05-17,1416,,5.26,,26.03,0.93,
2016-05-17,1417,,0.00,,,0.41,
2016-05-17,1418,,0.00,,,1.16,
2016-05-17,1419,,0.92,,88.84,1.60,
2016-05-17,1423,,0.00,,,0.43,
2016-05-17,1432,,0.00,,58.82,1.42,
2016-05-17,1434,,4.18,,16.31,0.83,
2016-05-17,1435,,0.00,,,0.59,
2016-05-17,1436,,2.53,,,1.23,
2016-05-17,1437,,0.00,,32.38,0.55,
2016-05-17,1438,,0.00,,,0.75,
2016-05-17,1439,,3.80,,,0.61,
2016-05-17,1440,,3.60,,19.53,0.81,
2016-05-17,1441,,0.00,,,0.82,
2016-05-17,1442,,10.18,,9.01,0.96,
2016-05-17,1443,,0.00,,,0.61,
2016-05-17,1444,,5.66,,26.76,0.74,
2016-05-17,1445,,5.34,,15.11,0.67,
2016-05-17,1446,,1.55,,,1.49,
2016-05-17,1447,,6.78,,,0.63,
2016-05-17,1449,,0.00,,,0.59,
2016-05-17,1451,,6.36,,10.98,0.93,
2016-05-17,1452,,9.94,,7.45,0.96,
2016-05-17,1453,,2.43,,9.46,0.72,
2016-05-17,1454,,6.05,,12.53,0.64,
2016-05-17,1455,,2.49,,22.94,0.66,
2016-05-17,1456,,0.00,,11.97,1.26,
2016-05-17,1457,,6.00,,7.04,0.65,
2016-05-17,1459,,2.36,,22.92,0.79,
2016-05-17,1460,,5.32,,14.33,1.34,
2016-05-17,1463,,4.17,,29.47,1.38,
2016-05-17,1464,,7.41,,20.34,1.88,
2016-05-17,1465,,6.23,,15.37,0.82,
2016-05-17,1466,,3.83,,,0.80,
2016-05-17,1467,,3.91,,,1.22,
2016-05-17,1468,,0.00,,,1.37,
2016-05-17,1469,,0.00,,,0.92,
2016-05-17,1470,,3.24,,25.69,1.63,
2016-05-17,1471,,0.00,,,0.48,
2016-05-17,1472,,0.00,,9.90,1.68,
2016-05-17,1473,,2.93,,29.04,1.50,
2016-05-17,1474,,4.69,,13.31,0.74,
2016-05-17,1475,,0.00,,3.75,0.96,
2016-05-17,1476,,3.59,,19.06,5.27,
2016-05-17,1477,,6.12,,14.33,3.22,
2016-05-17,1503,,3.79,,16.57,0.95,
2016-05-17,1504,,3.26,,15.54,0.98,
2016-05-17,1506,,0.00,,50.69,1.40,
2016-05-17,1507,,5.60,,10.73,1.59,
2016-05-17,1512,,0.00,,,0.53,
2016-05-17,1513,,5.62,,12.62,0.98,
2016-05-17,1514,,5.07,,10.64,0.68,
2016-05-17,1515,,4.78,,16.85,0.79,
2016-05-17,1516,,10.96,,469.00,1.62,
2016-05-17,1517,,4.65,,17.34,0.69,
2016-05-17,1519,,4.00,,20.27,1.25,
2016-05-17,1521,,6.62,,13.22,2.97,
2016-05-17,1522,,5.93,,9.20,1.29,
2016-05-17,1524,,0.00,,19.93,0.76,
2016-05-17,1525,,1.07,,18.91,2.58,
2016-05-17,1526,,3.35,,7.52,0.97,
2016-05-17,1527,,4.70,,8.67,2.69,
2016-05-17,1528,,1.07,,,0.72,
2016-05-17,1529,,0.00,,,2.77,
2016-05-17,1530,,3.54,,11.25,0.98,
2016-05-17,1531,,3.73,,22.36,0.73,
2016-05-17,1532,,5.83,,13.25,1.12,
2016-05-17,1533,,1.14,,24.53,1.86,
2016-05-17,1535,,5.85,,14.21,1.79,
2016-05-17,1536,,2.21,,29.84,8.30,
2016-05-17,1537,,5.66,,13.53,3.11,
2016-05-17,1538,,0.00,,11.41,0.50,
2016-05-17,1539,,4.00,,8.38,1.87,
2016-05-17,1540,,6.56,,43.57,0.88,
2016-05-17,1541,,5.78,,12.91,3.42,
2016-05-17,1558,,6.62,,10.44,1.97,
2016-05-17,1560,,7.65,,12.89,1.75,
2016-05-17,1568,,4.42,,14.04,1.51,
2016-05-17,1582,,8.69,,9.89,1.37,
2016-05-17,1583,,2.50,,10.99,1.59,
2016-05-17,1589,,4.09,,17.45,2.30,
2016-05-17,1590,,1.93,,23.77,3.48,
2016-05-17,1592,,2.09,,17.85,1.53,
2016-05-17,1603,,3.97,,6.96,0.53,
2016-05-17,1604,,7.35,,10.97,0.88,
2016-05-17,1605,,2.08,,12.47,0.54,
2016-05-17,1608,,0.00,,,0.40,
2016-05-17,1609,,0.00,,,0.37,
2016-05-17,1611,,0.00,,51.29,0.55,
2016-05-17,1612,,3.21,,135.00,0.58,
2016-05-17,1613,,0.00,,,0.50,
2016-05-17,1614,,3.42,,19.23,1.19,
2016-05-17,1615,,3.43,,291.33,0.67,
2016-05-17,1616,,0.00,,,0.44,
2016-05-17,1617,,4.58,,16.79,0.58,
2016-05-17,1618,,4.75,,12.49,0.44,
2016-05-17,1626,,0.00,,,1.07,
2016-05-17,1701,,3.31,,15.38,0.98,
2016-05-17,1702,,4.08,,14.22,2.74,
2016-05-17,1704,,4.14,,2.95,1.23,
2016-05-17,1707,,2.81,,23.69,6.91,
2016-05-17,1708,,3.85,,13.83,0.96,
2016-05-17,1709,,7.82,,8.77,0.98,
2016-05-17,1710,,2.60,,,1.13,
2016-05-17,1711,,5.12,,17.77,1.31,
2016-05-17,1712,,4.29,,9.66,0.89,
2016-05-17,1713,,2.72,,32.83,1.01,
2016-05-17,1714,,4.41,,14.49,0.57,
2016-05-17,1715,,4.08,,24.02,0.74,
2016-05-17,1717,,7.18,,11.33,1.47,
2016-05-17,1718,,8.31,,144.40,0.39,
2016-05-17,1720,,4.58,,17.99,1.61,
2016-05-17,1721,,0.00,,34.49,1.32,
2016-05-17,1722,,5.03,,16.63,0.77,
2016-05-17,1723,,4.23,,22.85,3.61,
2016-05-17,1724,,6.13,,8.40,1.03,
2016-05-17,1725,,5.63,,13.45,1.01,
2016-05-17,1726,,5.30,,12.03,1.42,
2016-05-17,1727,,3.95,,14.88,0.97,
2016-05-17,1729,,1.73,,,4.62,
2016-05-17,1730,,5.35,,13.88,1.88,
2016-05-17,1731,,3.69,,28.83,1.03,
2016-05-17,1732,,0.00,,,1.26,
2016-05-17,1733,,4.46,,17.12,2.51,
2016-05-17,1734,,2.21,,181.33,1.38,
2016-05-17,1735,,7.41,,11.54,0.91,
2016-05-17,1736,,2.00,,27.08,1.73,
2016-05-17,1737,,4.09,,18.90,0.92,
2016-05-17,1762,,4.45,,20.93,1.41,
2016-05-17,1773,,6.82,,10.23,1.58,
2016-05-17,1776,,7.48,,11.45,1.36,
2016-05-17,1783,,0.00,,,1.82,
2016-05-17,1786,,0.96,,66.08,2.84,
2016-05-17,1789,,1.60,,46.05,3.19,
2016-05-17,1802,,0.00,,,0.77,
2016-05-17,1805,,7.31,,5.18,0.64,
2016-05-17,1806,,0.00,,,0.38,
2016-05-17,1808,,15.58,,10.03,1.43,
2016-05-17,1809,,1.85,,24.00,0.57,
2016-05-17,1810,,2.66,,37.60,0.51,
2016-05-17,1817,,5.52,,11.14,1.72,
2016-05-17,1902,,0.00,,23.80,0.74,
2016-05-17,1903,,0.00,,,2.62,
2016-05-17,1904,,5.29,,18.31,0.63,
2016-05-17,1905,,6.36,,14.97,0.63,
2016-05-17,1906,,1.83,,16.69,0.46,
2016-05-17,1907,,3.05,,29.76,0.47,
2016-05-17,1909,,7.52,,10.99,0.74,
2016-05-17,2002,,2.50,,117.65,1.05,
2016-05-17,2006,,5.99,,16.99,0.78,
2016-05-17,2007,,0.00,,,0.72,
2016-05-17,2008,,0.00,,9.83,0.60,
2016-05-17,2009,,6.17,,,0.80,
2016-05-17,2010,,4.83,,9.50,0.63,
2016-05-17,2012,,3.69,,28.23,1.02,
2016-05-17,2013,,2.40,,24.53,0.93,
2016-05-17,2014,,0.00,,31.82,1.07,
2016-05-17,2015,,6.13,,11.86,1.41,
2016-05-17,2017,,0.00,,,0.55,
2016-05-17,2020,,6.40,,,1.08,
2016-05-17,2022,,0.00,,,0.45,
2016-05-17,2023,,6.36,,,0.52,
2016-05-17,2024,,4.43,,21.84,0.61,
2016-05-17,2027,,5.35,,,1.06,
2016-05-17,2028,,0.00,,,1.27,
2016-05-17,2029,,5.13,,,0.79,
2016-05-17,2030,,10.51,,,0.83,
2016-05-17,2031,,2.10,,,0.85,
2016-05-17,2032,,2.19,,31.55,0.73,
2016-05-17,2033,,0.00,,185.80,0.81,
2016-05-17,2034,,6.59,,16.13,1.17,
2016-05-17,2038,,0.00,,,0.42,
2016-05-17,2049,,1.76,,27.65,2.56,
2016-05-17,2059,,2.89,,18.47,3.99,
2016-05-17,2062,,2.24,,10.25,1.38,
2016-05-17,2069,,3.37,,35.60,0.87,
2016-05-17,2101,,0.75,,24.95,1.85,
2016-05-17,2102,,2.93,,11.01,0.60,
2016-05-17,2103,,3.93,,39.71,1.38,
2016-05-17,2104,,5.08,,14.16,0.76,
2016-05-17,2105,,4.49,,15.98,2.34,
2016-05-17,2106,,4.59,,12.66,2.04,
2016-05-17,2107,,5.33,,16.44,0.65,
2016-05-17,2108,,9.60,,9.54,1.55,
2016-05-17,2109,,3.60,,30.83,0.89,
2016-05-17,2114,,6.39,,13.03,2.29,
2016-05-17,2115,,4.60,,14.02,1.70,
2016-05-17,2201,,3.40,,13.29,0.57,
2016-05-17,2204,,6.55,,9.83,0.63,
2016-05-17,2206,,4.95,,5.77,1.06,
2016-05-17,2207,,4.10,,16.85,3.81,
2016-05-17,2208,,3.42,,28.63,0.78,
2016-05-17,2227,,6.25,,14.17,2.64,
2016-05-17,2228,,2.29,,22.51,4.20,
2016-05-17,2231,,2.76,,26.78,10.84,
2016-05-17,2236,,2.55,,21.00,1.63,
2016-05-17,2239,,2.49,,15.77,1.98,
2016-05-17,2301,,5.62,,12.61,1.20,
2016-05-17,2302,,0.36,,31.28,0.55,
2016-05-17,2303,,4.76,,14.81,0.63,
2016-05-17,2305,,0.00,,2.52,0.64,
2016-05-17,2308,,3.56,,19.49,2.90,
2016-05-17,2311,,5.47,,11.65,1.42,
2016-05-17,2312,,2.84,,9.95,0.84,
2016-05-17,2313,,6.27,,7.09,0.91,
2016-05-17,2314,,0.00,,43.23,1.87,
2016-05-17,2316,,18.75,,1.54,0.72,
2016-05-17,2317,,6.73,,8.07,1.13,
2016-05-17,2321,,0.00,,,4.93,
2016-05-17,2323,,0.00,,,0.28,
2016-05-17,2324,,6.74,,9.42,0.74,
2016-05-17,2325,,8.18,,18.65,2.00,
2016-05-17,2327,,3.74,,9.87,1.37,
2016-05-17,2328,,3.11,,15.20,0.58,
2016-05-17,2329,,0.00,,8.83,1.46,
2016-05-17,2330,,4.08,,13.04,2.98,
2016-05-17,2331,,10.44,,11.82,0.74,
2016-05-17,2332,,3.06,,,0.59,
2016-05-17,2337,,0.00,,,0.62,
2016-05-17,2338,,3.69,,,0.52,
2016-05-17,2340,,9.39,,9.95,0.74,
2016-05-17,2342,,0.00,,,1.31,
2016-05-17,2344,,1.18,,9.86,0.75,
2016-05-17,2345,,4.90,,14.71,2.53,
2016-05-17,2347,,6.36,,15.42,1.15,
2016-05-17,2348,,1.69,,50.00,2.31,
2016-05-17,2349,,0.00,,,0.41,
2016-05-17,2351,,5.78,,10.85,1.26,
2016-05-17,2352,,5.58,,9.39,0.71,
2016-05-17,2353,,4.39,,71.25,0.53,
2016-05-17,2354,,4.47,,8.28,1.06,
2016-05-17,2355,,3.93,,11.70,1.66,
2016-05-17,2356,,6.71,,13.99,1.30,
2016-05-17,2357,,5.88,,10.77,1.10,
2016-05-17,2358,,0.00,,,1.43,
2016-05-17,2359,,6.90,,7.97,0.55,
2016-05-17,2360,,3.29,,19.18,2.82,
2016-05-17,2362,,4.31,,28.39,0.35,
2016-05-17,2363,,0.00,,314.50,0.52,
2016-05-17,2364,,0.00,,,0.54,
2016-05-17,2365,,1.88,,53.13,0.58,
2016-05-17,2367,,7.28,,40.08,0.57,
2016-05-17,2368,,0.00,,,0.55,
2016-05-17,2369,,3.15,,,0.51,
2016-05-17,2371,,0.00,,,0.36,
2016-05-17,2373,,5.70,,14.65,2.26,
2016-05-17,2374,,9.49,,8.14,0.53,
2016-05-17,2375,,9.42,,,0.47,
2016-05-17,2376,,7.25,,10.65,0.94,
2016-05-17,2377,,6.93,,10.91,1.59,
2016-05-17,2379,,4.42,,20.04,2.03,
2016-05-17,2380,,0.00,,,0.47,
2016-05-17,2382,,6.86,,12.02,1.57,
2016-05-17,2383,,6.79,,8.38,1.97,
2016-05-17,2385,,5.97,,12.90,2.16,
2016-05-17,2387,,2.62,,5.26,0.56,
2016-05-17,2388,,0.00,,4.67,2.43,
2016-05-17,2390,,1.05,,20.65,1.50,
2016-05-17,2392,,4.95,,14.38,0.82,
2016-05-17,2393,,6.54,,11.64,1.13,
2016-05-17,2395,,2.62,,27.79,5.84,
2016-05-17,2397,,4.88,,15.41,2.10,
2016-05-17,2399,,0.00,,,0.55,
2016-05-17,2401,,7.98,,185.83,0.70,
2016-05-17,2402,,15.41,,53.20,0.62,
2016-05-17,2404,,8.51,,8.12,1.72,
2016-05-17,2405,,0.00,,,0.80,
2016-05-17,2406,,0.00,,24.51,1.26,
2016-05-17,2408,,7.11,,8.53,1.59,
2016-05-17,2409,,4.09,,,0.47,
2016-05-17,2412,,4.97,,19.45,2.25,
2016-05-17,2413,,4.48,,9.37,0.69,
2016-05-17,2414,,7.53,,12.03,1.04,
2016-05-17,2415,,6.18,,13.35,0.75,
2016-05-17,2417,,1.18,,,0.55,
2016-05-17,2419,,3.85,,13.54,1.38,
2016-05-17,2420,,6.51,,9.25,1.99,
2016-05-17,2421,,7.11,,11.41,1.31,
2016-05-17,2423,,6.76,,10.09,1.14,
2016-05-17,2424,,0.00,,,1.82,
2016-05-17,2425,,1.62,,10.63,1.13,
2016-05-17,2426,,8.61,,12.47,0.96,
2016-05-17,2427,,1.66,,20.83,0.53,
2016-05-17,2428,,5.24,,9.07,1.31,
2016-05-17,2429,,0.00,,,0.95,
2016-05-17,2430,,5.15,,11.75,0.84,
2016-05-17,2431,,2.13,,115.00,0.84,
2016-05-17,2433,,7.69,,12.05,1.60,
2016-05-17,2434,,0.00,,,1.12,
2016-05-17,2436,,2.43,,37.45,1.63,
2016-05-17,2437,,8.67,,8.35,0.88,
2016-05-17,2438,,0.00,,,2.20,
2016-05-17,2439,,4.95,,19.23,2.04,
2016-05-17,2440,,0.00,,,1.10,
2016-05-17,2441,,6.67,,10.20,1.43,
2016-05-17,2442,,1.47,,,0.50,
2016-05-17,2443,,0.00,,,0.60,
2016-05-17,2444,,1.11,,39.71,1.23,
2016-05-17,2448,,4.70,,,0.37,
2016-05-17,2449,,4.26,,14.31,1.43,
2016-05-17,2450,,7.03,,11.45,1.78,
2016-05-17,2451,,7.88,,12.35,1.76,
2016-05-17,2453,,4.76,,16.41,0.61,
2016-05-17,2454,,5.43,,13.71,1.30,
2016-05-17,2455,,4.45,,19.24,3.18,
2016-05-17,2456,,6.19,,11.64,1.71,
2016-05-17,2457,,5.07,,,0.49,
2016-05-17,2458,,6.04,,20.06,1.90,
2016-05-17,2459,,7.58,,8.99,0.76,
2016-05-17,2460,,2.42,,,0.47,
2016-05-17,2461,,3.62,,10.78,0.71,
2016-05-17,2462,,1.14,,13.00,0.86,
2016-05-17,2464,,7.03,,11.05,1.70,
2016-05-17,2465,,0.00,,,1.42,
2016-05-17,2466,,0.00,,,2.86,
2016-05-17,2467,,9.45,,,1.00,
2016-05-17,2468,,4.83,,12.47,0.65,
2016-05-17,2471,,7.02,,11.22,0.92,
2016-05-17,2472,,7.08,,9.75,1.47,
2016-05-17,2474,,4.54,,6.90,1.44,
2016-05-17,2475,,0.00,,,4.00,
2016-05-17,2476,,6.83,,10.14,0.89,
2016-05-17,2477,,8.43,,9.67,0.92,
2016-05-17,2478,,1.23,,15.88,0.78,
2016-05-17,2480,,7.81,,12.61,1.20,
2016-05-17,2481,,5.45,,10.51,0.84,
2016-05-17,2482,,1.20,,40.32,0.93,
2016-05-17,2483,,7.32,,9.49,0.80,
2016-05-17,2484,,7.00,,12.08,0.93,
2016-05-17,2485,,4.67,,13.76,1.77,
2016-05-17,2486,,9.36,,,0.44,
2016-05-17,2488,,4.79,,13.04,1.96,
2016-05-17,2489,,9.09,,5.93,1.04,
2016-05-17,2491,,0.00,,15.69,1.02,
2016-05-17,2492,,2.62,,10.92,1.13,
2016-05-17,2493,,8.85,,8.72,1.30,
2016-05-17,2495,,5.83,,15.30,1.02,
2016-05-17,2496,,0.00,,,12.17,
2016-05-17,2497,,4.96,,29.37,1.77,
2016-05-17,2498,,0.62,,,0.82,
2016-05-17,2499,,2.09,,32.61,0.71,
2016-05-17,2501,,7.33,,21.00,0.90,
2016-05-17,2504,,1.16,,,0.55,
2016-05-17,2505,,3.42,,17.46,0.93,
2016-05-17,2506,,1.59,,210.00,0.73,
2016-05-17,2509,,7.19,,5.00,0.93,
2016-05-17,2511,,10.19,,8.12,0.71,
2016-05-17,2514,,1.08,,,1.28,
2016-05-17,2515,,3.70,,,0.42,
2016-05-17,2516,,4.88,,21.96,0.46,
2016-05-17,2520,,6.60,,13.29,0.65,
2016-05-17,2524,,5.83,,30.63,0.61,
2016-05-17,2527,,6.69,,6.48,0.57,
2016-05-17,2528,,2.59,,,0.72,
2016-05-17,2530,,9.70,,3.50,1.08,
2016-05-17,2534,,3.16,,20.26,1.04,
2016-05-17,2535,,6.29,,8.46,0.71,
2016-05-17,2536,,10.30,,4.91,0.68,
2016-05-17,2537,,14.55,,3.24,0.68,
2016-05-17,2538,,9.19,,4.78,0.70,
2016-05-17,2539,,10.76,,7.44,1.69,
2016-05-17,2540,,0.00,,20.47,1.02,
2016-05-17,2542,,12.89,,6.44,1.40,
2016-05-17,2543,,3.13,,21.75,0.89,
2016-05-17,2545,,4.04,,20.20,0.94,
2016-05-17,2546,,6.41,,10.33,0.80,
2016-05-17,2547,,10.08,,,0.64,
2016-05-17,2548,,10.48,,10.04,1.03,
2016-05-17,2597,,11.06,,8.98,1.38,
2016-05-17,2601,,3.23,,,0.39,
2016-05-17,2603,,1.81,,,0.72,
2016-05-17,2605,,5.10,,11.60,0.65,
2016-05-17,2606,,4.16,,185.00,0.79,
2016-05-17,2607,,2.76,,16.08,0.64,
2016-05-17,2608,,4.13,,14.34,2.35,
2016-05-17,2609,,0.00,,,0.87,
2016-05-17,2610,,4.58,,10.26,0.92,
2016-05-17,2611,,4.12,,104.00,0.51,
2016-05-17,2612,,0.91,,21.00,0.51,
2016-05-17,2613,,1.22,,34.47,0.42,
2016-05-17,2614,,0.00,,,0.77,
2016-05-17,2615,,7.19,,19.42,1.04,
2016-05-17,2616,,6.04,,12.06,0.99,
2016-05-17,2617,,1.75,,251.00,0.53,
2016-05-17,2618,,5.69,,9.89,1.07,
2016-05-17,2634,,3.03,,19.52,3.40,
2016-05-17,2637,,6.88,,7.28,0.68,
2016-05-17,2642,,2.52,,21.25,1.36,
2016-05-17,2701,,4.76,,16.90,0.86,
2016-05-17,2702,,3.28,,25.16,1.25,
2016-05-17,2704,,2.71,,22.83,1.02,
2016-05-17,2705,,3.69,,,0.59,
2016-05-17,2706,,4.97,,15.60,0.97,
2016-05-17,2707,,4.62,,22.30,6.08,
2016-05-17,2712,,3.29,,31.14,2.06,
2016-05-17,2722,,2.68,,26.02,2.64,
2016-05-17,2723,,1.02,,31.50,5.22,
2016-05-17,2727,,0.88,,,2.55,
2016-05-17,2731,,5.09,,16.17,2.77,
2016-05-17,2801,,5.96,,11.08,1.01,
2016-05-17,2809,,2.50,,6.27,0.77,
2016-05-17,2812,,7.46,,8.80,0.70,
2016-05-17,2816,,0.82,,34.71,0.73,
2016-05-17,2820,,6.78,,9.72,0.71,
2016-05-17,2823,,4.28,,9.12,0.84,
2016-05-17,2832,,6.06,,7.33,0.91,
2016-05-17,2834,,7.52,,8.87,0.66,
2016-05-17,2836,,6.46,,11.21,0.55,
2016-05-17,2838,,4.68,,7.31,0.63,
2016-05-17,2841,,2.54,,3.30,0.41,
2016-05-17,2845,,6.62,,7.43,0.69,
2016-05-17,2849,,4.36,,8.38,0.76,
2016-05-17,2850,,6.57,,5.92,0.87,
2016-05-17,2851,,4.93,,15.11,0.85,
2016-05-17,2852,,3.30,,18.55,0.69,
2016-05-17,2855,,4.29,,25.87,0.68,
2016-05-17,2856,,8.84,,10.22,0.60,
2016-05-17,2867,,0.00,,10.35,0.80,
2016-05-17,2880,,7.99,,11.02,1.01,
2016-05-17,2881,,5.50,,5.85,1.01,
2016-05-17,2882,,5.74,,7.61,0.96,
2016-05-17,2883,,6.46,,13.34,0.69,
2016-05-17,2884,,8.17,,10.42,1.13,
2016-05-17,2885,,3.53,,10.10,0.60,
2016-05-17,2886,,6.52,,10.65,1.07,
2016-05-17,2887,,10.39,,8.44,0.89,
2016-05-17,2888,,8.31,,10.59,0.57,
2016-05-17,2889,,6.72,,13.34,0.68,
2016-05-17,2890,,10.13,,8.58,0.71,
2016-05-17,2891,,9.76,,8.42,1.07,
2016-05-17,2892,,8.75,,11.43,0.98,
2016-05-17,2901,,1.92,,47.22,2.13,
2016-05-17,2903,,6.02,,12.48,0.79,
2016-05-17,2904,,7.41,,12.44,1.86,
2016-05-17,2905,,5.96,,8.58,0.92,
2016-05-17,2906,,4.39,,29.23,0.77,
2016-05-17,2908,,4.82,,15.04,1.30,
2016-05-17,2910,,3.06,,58.72,1.81,
2016-05-17,2911,,0.00,,,0.86,
2016-05-17,2912,,2.99,,29.21,8.48,
2016-05-17,2913,,3.40,,16.90,0.70,
2016-05-17,2915,,3.56,,4.78,1.77,
2016-05-17,2923,,1.80,,10.72,0.64,
2016-05-17,2929,,5.73,,8.62,2.04,
2016-05-17,3002,,3.50,,23.26,0.77,
2016-05-17,3003,,2.86,,14.62,1.31,
2016-05-17,3004,,2.92,,13.13,2.36,
2016-05-17,3005,,9.09,,10.33,0.92,
2016-05-17,3006,,4.79,,16.16,0.94,
2016-05-17,3008,,2.42,,15.04,5.28,
2016-05-17,3010,,6.14,,8.49,1.01,
2016-05-17,3011,,0.00,,,0.69,
2016-05-17,3013,,2.54,,40.69,0.95,
2016-05-17,3014,,7.45,,13.10,1.09,
2016-05-17,3015,,6.45,,11.12,0.52,
2016-05-17,3016,,0.51,,975.00,1.76,
2016-05-17,3017,,4.23,,10.46,0.96,
2016-05-17,3018,,3.19,,,1.50,
2016-05-17,3019,,0.00,,39.52,0.63,
2016-05-17,3021,,5.91,,12.88,1.02,
2016-05-17,3022,,5.50,,10.21,1.54,
2016-05-17,3023,,4.28,,15.17,2.72,
2016-05-17,3024,,0.00,,,0.39,
2016-05-17,3025,,1.49,,,0.94,
2016-05-17,3026,,7.68,,13.02,0.86,
2016-05-17,3027,,1.27,,24.58,0.72,
2016-05-17,3028,,9.42,,11.07,0.75,
2016-05-17,3029,,6.21,,12.48,1.01,
2016-05-17,3030,,9.01,,12.76,1.81,
2016-05-17,3031,,0.90,,,0.57,
2016-05-17,3032,,5.95,,11.59,1.78,
2016-05-17,3033,,7.75,,11.59,1.13,
2016-05-17,3034,,8.53,,10.84,2.16,
2016-05-17,3035,,6.01,,23.79,1.59,
2016-05-17,3036,,8.60,,9.28,1.05,
2016-05-17,3037,,2.22,,32.14,0.47,
2016-05-17,3038,,2.67,,7.71,1.04,
2016-05-17,3040,,8.33,,10.34,1.12,
2016-05-17,3041,,4.65,,,0.93,
2016-05-17,3042,,5.80,,14.13,1.28,
2016-05-17,3043,,0.00,,,7.20,
2016-05-17,3044,,5.80,,9.93,0.98,
2016-05-17,3045,,5.02,,19.39,4.76,
2016-05-17,3046,,0.00,,,0.84,
2016-05-17,3047,,5.16,,11.40,0.77,
2016-05-17,3048,,12.38,,9.39,1.02,
2016-05-17,3049,,0.00,,,0.60,
2016-05-17,3050,,8.73,,9.54,0.61,
2016-05-17,3051,,0.00,,73.33,0.76,
2016-05-17,3052,,5.71,,12.87,0.60,
2016-05-17,3054,,0.67,,,1.75,
2016-05-17,3055,,5.95,,3.57,0.73,
2016-05-17,3056,,13.20,,5.32,0.80,
2016-05-17,3057,,2.08,,,1.05,
2016-05-17,3058,,5.44,,54.06,0.56,
2016-05-17,3059,,5.09,,23.67,0.57,
2016-05-17,3060,,8.85,,13.38,1.38,
2016-05-17,3062,,6.06,,12.41,0.93,
2016-05-17,3090,,8.60,,11.12,1.31,
2016-05-17,3094,,5.55,,18.50,1.37,
2016-05-17,3130,,5.59,,11.15,2.97,
2016-05-17,3149,,0.00,,,1.27,
2016-05-17,3164,,0.00,,,1.28,
2016-05-17,3167,,6.65,,9.68,1.14,
2016-05-17,3189,,5.65,,9.86,0.96,
2016-05-17,3209,,10.18,,8.65,1.56,
2016-05-17,3229,,0.00,,,1.38,
2016-05-17,3231,,7.94,,46.10,0.67,
2016-05-17,3257,,4.23,,15.90,1.38,
2016-05-17,3266,,8.37,,,0.83,
2016-05-17,3296,,0.88,,87.31,0.69,
2016-05-17,3305,,4.93,,16.64,0.59,
2016-05-17,3308,,0.00,,14.00,0.60,
2016-05-17,3311,,4.04,,54.07,0.61,
2016-05-17,3312,,24.73,,,0.50,
2016-05-17,3315,,6.25,,14.16,0.66,
2016-05-17,3321,,7.76,,40.56,1.20,
2016-05-17,3338,,6.82,,11.52,1.39,
2016-05-17,3356,,7.19,,13.77,2.19,
2016-05-17,3376,,3.96,,12.69,1.52,
2016-05-17,3380,,3.21,,,0.80,
2016-05-17,3383,,0.00,,,0.38,
2016-05-17,3406,,0.00,,,0.71,
2016-05-17,3413,,5.14,,10.32,2.40,
2016-05-17,3416,,7.13,,14.15,1.74,
2016-05-17,3419,,0.00,,,1.12,
2016-05-17,3432,,2.02,,55.11,0.45,
2016-05-17,3437,,6.99,,11.98,0.88,
2016-05-17,3443,,4.21,,17.60,2.59,
2016-05-17,3450,,5.96,,10.39,3.76,
2016-05-17,3454,,6.23,,11.77,2.15,
2016-05-17,3474,,0.00,,21.04,1.45,
2016-05-17,3481,,2.18,,,0.41,
2016-05-17,3494,,2.09,,,1.03,
2016-05-17,3501,,7.72,,7.90,1.06,
2016-05-17,3504,,2.09,,70.66,0.78,
2016-05-17,3514,,0.00,,13.94,0.72,
2016-05-17,3515,,6.22,,20.20,0.79,
2016-05-17,3518,,4.72,,,0.58,
2016-05-17,3519,,0.00,,,1.24,
2016-05-17,3532,,3.72,,22.60,1.13,
2016-05-17,3533,,5.42,,11.22,0.97,
2016-05-17,3535,,0.00,,41.97,1.19,
2016-05-17,3536,,0.00,,,2.08,
2016-05-17,3545,,1.21,,38.86,0.66,
2016-05-17,3550,,7.97,,14.59,0.49,
2016-05-17,3557,,0.00,,,0.53,
2016-05-17,3559,,7.76,,8.68,1.06,
2016-05-17,3561,,0.57,,92.11,0.84,
2016-05-17,3573,,0.00,,,0.71,
2016-05-17,3576,,1.17,,,0.75,
2016-05-17,3579,,0.00,,,0.51,
2016-05-17,3583,,1.46,,35.13,2.76,
2016-05-17,3588,,5.36,,12.84,1.04,
2016-05-17,3591,,2.72,,,0.42,
2016-05-17,3593,,0.00,,,1.01,
2016-05-17,3596,,3.14,,12.24,1.22,
2016-05-17,3598,,8.88,,14.08,1.08,
2016-05-17,3605,,1.58,,24.75,0.76,
2016-05-17,3607,,10.71,,16.75,0.69,
2016-05-17,3617,,4.78,,11.23,1.96,
2016-05-17,3622,,0.00,,,0.37,
2016-05-17,3645,,3.85,,50.98,1.58,
2016-05-17,3653,,6.19,,19.71,0.97,
2016-05-17,3661,,1.69,,9.22,0.64,
2016-05-17,3665,,3.35,,21.86,3.50,
2016-05-17,3669,,1.31,,89.71,0.60,
2016-05-17,3673,,0.77,,,0.69,
2016-05-17,3679,,8.15,,9.30,0.80,
2016-05-17,3682,,0.00,,,1.08,
2016-05-17,3686,,0.00,,,0.62,
2016-05-17,3694,,0.00,,13.98,1.19,
2016-05-17,3698,,4.21,,93.44,0.63,
2016-05-17,3701,,0.00,,,1.53,
2016-05-17,3702,,7.14,,9.97,1.16,
2016-05-17,3703,,4.98,,83.75,0.39,
2016-05-17,3704,,0.92,,,0.82,
2016-05-17,3705,,5.36,,14.79,2.02,
2016-05-17,3706,,9.32,,10.94,0.49,
2016-05-17,4104,,4.96,,14.52,0.92,
2016-05-17,4106,,2.63,,20.00,1.89,
2016-05-17,4108,,0.00,,,2.97,
2016-05-17,4119,,4.88,,14.29,2.14,
2016-05-17,4133,,2.49,,31.47,1.58,
2016-05-17,4137,,5.76,,10.48,3.26,
2016-05-17,4141,,1.86,,11.39,0.87,
2016-05-17,4142,,0.00,,,1.63,
2016-05-17,4144,,3.44,,13.67,1.18,
2016-05-17,4164,,4.03,,25.57,1.35,
2016-05-17,4190,,5.56,,15.38,3.31,
2016-05-17,4306,,3.69,,10.93,0.79,
2016-05-17,4414,,1.91,,,2.49,
2016-05-17,4426,,2.48,,15.43,4.91,
2016-05-17,4526,,3.47,,24.52,1.02,
2016-05-17,4532,,6.53,,12.31,1.44,
2016-05-17,4536,,4.72,,14.13,1.98,
2016-05-17,4545,,9.24,,8.96,2.00,
2016-05-17,4551,,3.36,,22.58,2.88,
2016-05-17,4555,,4.52,,20.48,1.64,
2016-05-17,4557,,6.83,,13.36,1.90,
2016-05-17,4720,,6.06,,13.31,1.23,
2016-05-17,4722,,8.09,,8.67,1.42,
2016-05-17,4725,,0.00,,,1.10,
2016-05-17,4733,,3.00,,11.69,3.10,
2016-05-17,4737,,4.24,,32.78,1.17,
2016-05-17,4746,,2.17,,23.35,2.17,
2016-05-17,4755,,4.04,,10.53,0.86,
2016-05-17,4763,,4.88,,17.98,3.32,
2016-05-17,4904,,5.00,,21.25,3.27,
2016-05-17,4906,,3.60,,24.85,0.59,
2016-05-17,4912,,7.38,,34.45,2.05,
2016-05-17,4915,,5.43,,9.46,1.59,
2016-05-17,4916,,1.28,,559.29,2.46,
2016-05-17,4919,,6.08,,13.58,1.92,
2016-05-17,4927,,6.93,,7.79,1.06,
2016-05-17,4930,,32.92,,,0.36,
2016-05-17,4934,,3.58,,10.74,0.97,
2016-05-17,4935,,6.13,,8.29,1.17,
2016-05-17,4938,,8.01,,7.45,1.06,
2016-05-17,4942,,5.22,,,0.47,
2016-05-17,4952,,7.66,,10.87,2.05,
2016-05-17,4956,,5.52,,,0.45,
2016-05-17,4958,,8.06,,6.74,1.07,
2016-05-17,4960,,3.48,,27.60,0.60,
2016-05-17,4968,,2.44,,20.55,3.57,
2016-05-17,4976,,2.67,,,0.89,
2016-05-17,4977,,7.42,,11.99,2.19,
2016-05-17,4984,,6.05,,11.20,1.44,
2016-05-17,4994,,0.55,,,3.00,
2016-05-17,4999,,7.20,,7.68,1.08,
2016-05-17,5007,,3.34,,19.02,3.20,
2016-05-17,5203,,5.87,,12.24,1.42,
2016-05-17,5215,,9.49,,8.93,0.83,
2016-05-17,5225,,7.66,,11.16,1.43,
2016-05-17,5234,,7.14,,10.85,1.30,
2016-05-17,5243,,3.77,,17.31,0.89,
2016-05-17,5259,,0.00,,,1.16,
2016-05-17,5264,,6.96,,6.91,1.24,
2016-05-17,5269,,2.13,,34.64,5.68,
2016-05-17,5285,,6.02,,14.10,1.37,
2016-05-17,5288,,5.49,,11.81,2.31,
2016-05-17,5305,,6.02,,16.09,0.75,
2016-05-17,5388,,5.19,,13.18,2.62,
2016-05-17,5434,,6.77,,9.59,1.59,
2016-05-17,5469,,2.22,,9.57,0.33,
2016-05-17,5471,,7.21,,14.88,1.63,
2016-05-17,5484,,0.00,,,0.45,
2016-05-17,5515,,5.80,,,0.54,
2016-05-17,5519,,5.02,,10.58,0.75,
2016-05-17,5521,,0.00,,61.47,0.89,
2016-05-17,5522,,9.52,,5.71,0.70,
2016-05-17,5525,,9.43,,10.19,0.92,
2016-05-17,5531,,9.05,,17.27,0.88,
2016-05-17,5533,,5.88,,14.41,0.64,
2016-05-17,5534,,5.95,,10.79,1.33,
2016-05-17,5538,,3.98,,18.46,1.19,
2016-05-17,5607,,0.00,,14.32,0.72,
2016-05-17,5608,,10.15,,,0.49,
2016-05-17,5706,,6.72,,11.89,2.15,
2016-05-17,5871,,6.19,,8.42,1.45,
2016-05-17,5880,,7.30,,11.61,0.81,
2016-05-17,5906,,0.00,,,0.76,
2016-05-17,5907,,2.32,,,0.41,
2016-05-17,6005,,6.07,,16.14,0.60,
2016-05-17,6108,,7.41,,17.27,0.67,
2016-05-17,6112,,7.35,,11.01,1.32,
2016-05-17,6115,,9.33,,11.00,1.27,
2016-05-17,6116,,0.00,,,0.34,
2016-05-17,6117,,2.18,,,0.74,
2016-05-17,6120,,2.20,,,0.49,
2016-05-17,6128,,7.93,,9.21,1.78,
2016-05-17,6133,,4.12,,30.31,0.70,
2016-05-17,6136,,8.82,,11.17,0.92,
2016-05-17,6139,,3.95,,13.75,0.65,
2016-05-17,6141,,3.73,,,0.57,
2016-05-17,6142,,0.00,,8.53,0.43,
2016-05-17,6145,,3.16,,55.88,0.64,
2016-05-17,6152,,0.00,,,0.72,
2016-05-17,6153,,5.99,,9.23,0.65,
2016-05-17,6155,,6.65,,13.62,1.01,
2016-05-17,6164,,4.95,,21.96,0.75,
2016-05-17,6165,,0.00,,,1.02,
2016-05-17,6166,,3.72,,29.50,2.86,
2016-05-17,6168,,15.59,,,0.75,
2016-05-17,6172,,0.00,,36.48,0.80,
2016-05-17,6176,,9.59,,7.00,0.90,
2016-05-17,6177,,14.29,,6.22,1.09,
2016-05-17,6183,,4.53,,22.46,1.94,
2016-05-17,6184,,5.45,,36.72,1.06,
2016-05-17,6189,,9.01,,10.74,1.65,
2016-05-17,6191,,0.00,,,0.34,
2016-05-17,6192,,6.65,,9.02,1.25,
2016-05-17,6196,,7.52,,7.51,0.95,
2016-05-17,6197,,7.71,,18.80,1.20,
2016-05-17,6201,,7.43,,12.23,0.99,
2016-05-17,6202,,6.80,,14.58,2.82,
2016-05-17,6205,,7.30,,9.42,1.23,
2016-05-17,6206,,5.56,,15.38,3.31,
2016-05-17,6209,,0.00,,,0.58,
2016-05-17,6213,,5.52,,11.84,1.25,
2016-05-17,6214,,9.58,,25.59,0.98,
2016-05-17,6215,,2.14,,30.79,0.84,
2016-05-17,6216,,9.05,,8.96,1.60,
2016-05-17,6224,,7.62,,10.02,2.10,
2016-05-17,6225,,0.00,,,24.69,
2016-05-17,6226,,4.60,,,0.51,
2016-05-17,6230,,4.78,,13.11,2.68,
2016-05-17,6235,,0.00,,16.80,1.23,
2016-05-17,6239,,5.45,,11.96,1.44,
2016-05-17,6243,,0.00,,,1.42,
2016-05-17,6251,,0.00,,,0.51,
2016-05-17,6257,,7.24,,10.89,1.00,
2016-05-17,6269,,5.73,,8.06,1.41,
2016-05-17,6271,,6.25,,14.79,1.51,
2016-05-17,6277,,6.24,,13.66,2.71,
2016-05-17,6278,,5.60,,9.24,0.66,
2016-05-17,6281,,6.28,,11.85,2.36,
2016-05-17,6282,,6.52,,17.16,1.35,
2016-05-17,6283,,0.00,,67.14,0.82,
2016-05-17,6285,,5.17,,12.79,2.01,
2016-05-17,6289,,0.00,,,0.76,
2016-05-17,6405,,14.49,,,0.49,
2016-05-17,6409,,3.47,,22.81,7.59,
2016-05-17,6412,,6.96,,10.55,1.85,
2016-05-17,6414,,2.29,,30.01,7.75,
2016-05-17,6415,,0.53,,24.00,6.16,
2016-05-17,6422,,6.55,,9.65,1.65,
2016-05-17,6431,,30.64,,,0.42,
2016-05-17,6442,,6.50,,9.90,1.31,
2016-05-17,6443,,0.00,,15.53,1.34,
2016-05-17,6449,,6.79,,8.72,1.27,
2016-05-17,6451,,6.93,,8.42,1.45,
2016-05-17,6452,,2.70,,21.14,3.95,
2016-05-17,6456,,3.70,,9.93,2.16,
2016-05-17,6464,,4.92,,19.94,2.26,
2016-05-17,6504,,2.71,,19.10,3.78,
2016-05-17,6505,,4.55,,14.81,3.03,
2016-05-17,6525,,6.06,,10.67,2.53,
2016-05-17,6605,,2.52,,9.74,1.43,
2016-05-17,6702,,3.03,,,0.65,
2016-05-17,8011,,6.67,,,0.66,
2016-05-17,8016,,5.32,,12.81,2.54,
2016-05-17,8021,,6.70,,9.24,0.69,
2016-05-17,8033,,0.00,,,1.17,
2016-05-17,8039,,5.75,,9.83,1.03,
2016-05-17,8046,,3.55,,,0.50,
2016-05-17,8070,,7.91,,4.84,1.16,
2016-05-17,8072,,4.02,,19.41,0.90,
2016-05-17,8081,,7.99,,13.15,1.33,
2016-05-17,8101,,0.00,,,0.71,
2016-05-17,8103,,3.06,,38.81,0.76,
2016-05-17,8105,,0.60,,11.88,0.95,
2016-05-17,8110,,2.62,,33.46,0.50,
2016-05-17,8112,,7.96,,10.41,0.76,
2016-05-17,8114,,5.08,,17.05,5.58,
2016-05-17,8131,,9.11,,8.89,0.96,
2016-05-17,8150,,6.42,,14.69,1.44,
2016-05-17,8163,,10.81,,8.69,0.61,
2016-05-17,8201,,0.00,,,0.51,
2016-05-17,8210,,5.00,,11.76,2.21,
2016-05-17,8213,,6.90,,8.36,0.73,
2016-05-17,8215,,7.95,,22.88,1.08,
2016-05-17,8222,,2.57,,21.01,2.31,
2016-05-17,8249,,9.30,,10.03,0.69,
2016-05-17,8261,,4.78,,32.15,1.28,
2016-05-17,8271,,8.71,,13.42,1.17,
2016-05-17,8341,,2.38,,29.05,6.84,
2016-05-17,8374,,0.00,,,0.71,
2016-05-17,8404,,3.37,,16.93,1.93,
2016-05-17,8411,,2.82,,14.78,0.67,
2016-05-17,8422,,5.68,,14.51,3.59,
2016-05-17,8427,,6.30,,15.15,1.25,
2016-05-17,8429,,5.78,,7.50,1.26,
2016-05-17,8443,,6.94,,16.12,0.84,
2016-05-17,8454,,3.10,,27.94,5.28,
2016-05-17,8463,,5.35,,18.33,1.18,
2016-05-17,8464,,2.94,,30.52,7.12,
2016-05-17,8467,,3.34,,14.97,1.63,
2016-05-17,8926,,5.45,,13.63,1.20,
2016-05-17,8940,,0.00,,30.20,1.17,
2016-05-17,8996,,2.21,,27.09,3.16,
2016-05-17,9802,,3.56,,51.09,1.36,
2016-05-17,9902,,2.13,,47.00,0.78,
2016-05-17,9904,,3.63,,11.68,1.64,
2016-05-17,9905,,5.74,,11.37,1.10,
2016-05-17,9906,,0.00,,60.21,1.34,
2016-05-17,9907,,2.16,,77.89,1.23,
2016-05-17,9908,,4.29,,19.75,1.19,
2016-05-17,9910,,4.81,,17.84,5.59,
2016-05-17,9911,,5.34,,11.43,1.51,
2016-05-17,9912,,12.35,,,0.77,
2016-05-17,9914,,4.35,,13.54,2.87,
2016-05-17,9917,,4.38,,20.07,3.62,
2016-05-17,9918,,3.82,,25.32,1.92,
2016-05-17,9919,,2.83,,70.67,0.69,
2016-05-17,9921,,3.42,,18.15,3.20,
2016-05-17,9924,,6.39,,10.19,1.57,
2016-05-17,9925,,5.00,,14.18,1.73,
2016-05-17,9926,,4.07,,22.28,2.54,
2016-05-17,9927,,6.71,,11.16,1.32,
2016-05-17,9928,,0.00,,,1.46,
2016-05-17,9929,,0.00,,,2.29,
2016-05-17,9930,,6.14,,15.97,2.83,
2016-05-17,9931,,3.17,,15.02,1.90,
2016-05-17,9933,,5.12,,17.10,2.04,
2016-05-17,9934,,8.63,,10.30,0.69,
2016-05-17,9935,,0.00,,24.85,1.40,
2016-05-17,9937,,3.85,,19.68,2.46,
2016-05-17,9938,,2.22,,21.12,3.55,
2016-05-17,9939,,4.12,,15.71,1.17,
2016-05-17,9940,,2.60,,40.76,1.87,
2016-05-17,9941,,6.49,,13.59,2.04,
2016-05-17,9942,,5.31,,14.59,2.23,
2016-05-17,9943,,7.74,,8.88,1.96,
2016-05-17,9944,,1.36,,37.93,0.79,
2016-05-17,9945,,0.00,,5.44,1.45,
2016-05-17,9946,,7.66,,3.83,0.72,
2016-05-17,9955,,0.00,,,0.61,
2016-05-17,9958,,4.07,,9.18,0.76,
