date,stock_id,close,yield_pct,dividend_year,per,pbr,fs_quarter
2023-03-06,1101,37.95,5.27,110,51.28,1.28,111/4
2023-03-06,1102,44.50,7.64,110,10.25,0.98,111/3
2023-03-06,1103,19.70,3.30,110,,0.60,111/3
2023-03-06,1104,24.30,4.12,110,8.84,0.79,111/3
2023-03-06,1108,13.95,4.30,110,14.23,1.22,111/3
2023-03-06,1109,17.10,8.77,110,9.83,0.76,111/3
2023-03-06,1110,17.90,1.12,110,162.73,1.20,111/3
2023-03-06,1201,21.15,2.36,110,24.03,1.48,111/3
2023-03-06,1203,36.85,2.99,110,14.01,1.63,111/3
2023-03-06,1210,51.30,3.90,110,21.92,2.10,111/3
2023-03-06,1213,7.00,0.00,110,,1.04,111/3
2023-03-06,1215,83.50,4.79,110,16.57,2.90,111/3
2023-03-06,1216,69.00,3.91,110,21.77,3.20,111/3
2023-03-06,1217,11.80,2.54,110,26.22,0.88,111/3
2023-03-06,1218,30.50,3.28,110,25.63,2.14,111/3
2023-03-06,1219,22.70,4.85,110,19.57,1.67,111/3
2023-03-06,1220,18.15,5.51,110,50.42,1.45,111/3
2023-03-06,1225,58.50,2.74,110,27.59,3.72,111/3
2023-03-06,1227,42.00,4.52,110,26.09,2.20,111/3
2023-03-06,1229,54.80,4.20,110,21.66,2.28,111/3
2023-03-06,1231,87.80,2.96,110,22.46,4.03,111/3
2023-03-06,1232,149.00,4.03,110,19.43,4.63,111/4
2023-03-06,1233,34.80,2.30,110,63.27,2.22,111/3
2023-03-06,1234,35.40,4.80,110,14.94,0.78,111/3
2023-03-06,1235,68.80,5.52,110,50.96,2.33,111/3
2023-03-06,1236,24.60,2.03,110,6.28,0.91,111/4
2023-03-06,1256,331.50,3.92,110,32.40,3.08,111/3
2023-03-06,1301,91.50,8.96,110,9.64,1.58,111/3
2023-03-06,1303,75.70,9.91,110,11.96,1.56,111/3
2023-03-06,1304,24.85,8.85,110,10.02,1.10,111/3
2023-03-06,1305,28.20,8.87,110,57.55,1.75,111/3
2023-03-06,1307,21.00,2.38,110,17.65,0.97,111/3
2023-03-06,1308,28.85,10.40,110,8.20,1.24,111/3
2023-03-06,1309,23.20,10.78,110,10.18,1.28,111/3
2023-03-06,1310,14.05,1.07,110,,1.10,111/3
2023-03-06,1312,19.85,10.08,110,29.19,0.55,111/3
2023-03-06,1313,15.30,6.54,110,,0.75,111/3
2023-03-06,1314,10.35,3.86,110,36.96,0.49,111/3
2023-03-06,1315,72.10,6.24,110,9.77,0.66,111/3
2023-03-06,1316,12.05,0.00,110,17.99,0.91,111/3
2023-03-06,1319,43.85,1.94,110,13.01,1.12,111/3
2023-03-06,1321,37.00,1.89,110,137.04,1.36,111/3
2023-03-06,1323,33.30,4.80,110,16.09,1.23,111/4
2023-03-06,1324,11.25,1.78,110,281.25,0.90,111/3
2023-03-06,1325,24.00,8.33,110,55.81,0.73,111/3
2023-03-06,1326,70.90,6.77,110,56.27,1.27,111/4
2023-03-06,1337,7.22,0.00,110,,0.38,111/3
2023-03-06,1338,47.80,5.23,110,14.40,0.61,111/3
2023-03-06,1339,44.40,4.50,110,6.83,0.88,111/3
2023-03-06,1340,11.05,0.00,110,,0.35,111/3
2023-03-06,1341,68.80,8.72,110,11.43,2.66,111/3
2023-03-06,1342,161.00,1.86,110,25.16,6.26,111/3
2023-03-06,1402,32.45,4.62,110,18.65,0.82,111/3
2023-03-06,1409,18.45,7.59,110,8.09,0.86,111/3
2023-03-06,1410,40.10,3.24,110,42.21,2.33,111/3
2023-03-06,1413,9.73,0.00,110,12.97,1.05,111/4
2023-03-06,1414,17.85,3.03,110,27.05,1.27,111/3
2023-03-06,1416,10.95,4.57,110,21.47,0.57,111/3
2023-03-06,1417,14.20,2.46,110,,0.99,111/3
2023-03-06,1418,13.95,0.00,110,,0.67,111/3
2023-03-06,1419,41.90,2.39,110,6.20,1.10,111/3
2023-03-06,1423,20.30,3.69,110,36.91,0.93,111/3
2023-03-06,1432,18.45,0.00,110,,2.27,111/3
2023-03-06,1434,28.05,3.57,110,13.89,0.85,111/4
2023-03-06,1436,56.40,7.36,110,10.72,1.72,111/3
2023-03-06,1437,31.25,2.88,110,15.39,0.91,111/3
2023-03-06,1438,34.05,0.00,110,6.07,1.63,111/3
2023-03-06,1439,26.10,0.77,110,14.91,1.04,111/3
2023-03-06,1440,18.05,4.43,110,16.41,1.06,111/3
2023-03-06,1441,8.08,0.00,110,,1.18,111/3
2023-03-06,1442,32.50,3.69,110,77.38,2.14,111/3
2023-03-06,1443,31.50,0.00,110,11.01,2.59,111/3
2023-03-06,1444,10.75,2.79,110,8.21,0.91,111/3
2023-03-06,1445,15.85,0.00,110,,1.30,111/3
2023-03-06,1446,32.55,0.92,110,,3.06,111/3
2023-03-06,1447,8.35,0.00,110,28.79,0.72,111/3
2023-03-06,1449,16.70,0.00,110,10.71,0.85,111/3
2023-03-06,1451,23.65,4.23,110,9.03,0.64,111/3
2023-03-06,1452,17.90,11.17,110,18.45,0.88,111/4
2023-03-06,1453,16.20,1.85,110,18.20,1.22,111/3
2023-03-06,1454,12.85,3.89,110,36.71,0.98,111/3
2023-03-06,1455,11.05,7.24,110,,0.88,111/3
2023-03-06,1456,15.20,9.87,110,76.00,0.95,111/3
2023-03-06,1457,19.75,5.06,110,4.44,0.86,111/3
2023-03-06,1459,8.72,2.29,110,,0.99,111/3
2023-03-06,1460,7.58,0.00,110,,0.77,111/3
2023-03-06,1463,14.80,2.70,110,38.95,1.12,111/3
2023-03-06,1464,15.20,1.64,110,13.94,1.11,111/3
2023-03-06,1465,13.95,2.15,110,14.09,0.85,111/3
2023-03-06,1466,11.75,8.51,110,33.57,0.79,111/3
2023-03-06,1467,11.65,0.00,110,38.83,0.87,111/3
2023-03-06,1468,14.75,0.00,110,15.53,1.81,111/3
2023-03-06,1470,19.00,4.21,110,32.76,1.68,111/3
2023-03-06,1471,7.92,0.00,110,,1.23,111/3
2023-03-06,1472,31.35,0.00,110,,1.02,111/3
2023-03-06,1473,26.70,0.37,110,16.48,1.10,111/3
2023-03-06,1474,12.35,4.05,110,15.63,0.74,111/3
2023-03-06,1475,69.20,0.00,110,14.33,4.70,111/3
2023-03-06,1476,466.00,2.58,110,18.83,5.09,111/4
2023-03-06,1477,209.50,4.53,110,14.87,3.45,111/3
2023-03-06,1503,82.30,2.19,110,20.84,1.57,111/3
2023-03-06,1504,31.95,4.23,110,20.09,0.90,111/3
2023-03-06,1506,22.30,0.00,110,44.60,2.84,111/3
2023-03-06,1513,97.00,2.89,110,19.92,3.74,111/3
2023-03-06,1514,39.95,3.13,110,19.78,2.56,111/3
2023-03-06,1515,30.20,9.93,110,,1.57,111/4
2023-03-06,1516,20.15,7.69,110,14.82,1.60,111/4
2023-03-06,1517,20.90,3.83,110,7.18,1.17,111/3
2023-03-06,1519,65.60,1.52,110,32.32,4.70,111/3
2023-03-06,1521,38.80,1.55,110,25.70,1.65,111/3
2023-03-06,1522,29.00,1.72,110,10.78,1.14,111/3
2023-03-06,1524,24.75,1.21,110,13.38,1.62,111/3
2023-03-06,1525,62.00,3.39,110,14.09,0.98,111/3
2023-03-06,1526,44.35,5.86,110,6.88,1.83,111/3
2023-03-06,1527,45.50,5.27,110,8.20,1.37,111/3
2023-03-06,1528,11.15,0.90,110,16.16,0.92,111/3
2023-03-06,1529,24.70,3.64,110,61.75,2.17,111/3
2023-03-06,1530,32.90,4.56,110,8.80,0.98,111/3
2023-03-06,1531,14.60,4.79,110,11.32,0.70,111/3
2023-03-06,1532,34.35,6.14,110,9.84,1.01,111/3
2023-03-06,1533,51.80,0.58,110,68.16,1.93,111/3
2023-03-06,1535,49.00,5.31,110,11.64,1.73,111/4
2023-03-06,1536,72.80,1.88,110,36.77,2.31,111/3
2023-03-06,1537,142.50,4.91,110,12.78,2.71,111/3
2023-03-06,1538,8.50,0.00,110,,4.21,111/3
2023-03-06,1539,33.50,2.39,110,5.12,1.29,111/3
2023-03-06,1540,18.15,1.65,110,14.88,1.13,111/3
2023-03-06,1541,38.75,6.45,110,6.51,1.53,111/3
2023-03-06,1558,126.50,6.72,110,16.51,1.51,111/3
2023-03-06,1560,117.50,2.38,110,13.54,2.93,111/4
2023-03-06,1568,24.35,1.23,110,15.03,1.54,111/3
2023-03-06,1582,62.50,8.48,110,20.90,1.38,111/3
2023-03-06,1583,0.00,4.03,110,10.20,1.34,111/3
2023-03-06,1587,24.05,4.16,110,12.03,1.18,111/3
2023-03-06,1589,67.10,0.89,110,,0.87,111/3
2023-03-06,1590,1135.00,1.17,110,36.17,5.97,111/3
2023-03-06,1597,78.20,3.20,110,19.70,2.82,111/4
2023-03-06,1598,49.80,5.04,110,,1.64,111/3
2023-03-06,1603,26.45,1.89,110,12.97,0.73,111/3
2023-03-06,1604,27.00,10.00,110,14.84,1.24,111/3
2023-03-06,1605,50.70,3.16,110,9.77,1.53,111/4
2023-03-06,1608,15.50,9.68,110,67.39,0.97,111/3
2023-03-06,1609,24.90,3.82,110,16.06,1.67,111/3
2023-03-06,1611,14.65,5.46,110,15.42,1.13,111/3
2023-03-06,1612,19.20,14.58,110,2.48,0.88,111/3
2023-03-06,1614,36.70,3.35,110,29.60,1.75,111/3
2023-03-06,1615,33.10,8.46,110,12.26,2.09,111/3
2023-03-06,1616,8.24,0.00,110,,0.98,111/3
2023-03-06,1617,14.75,5.56,110,23.41,1.09,111/3
2023-03-06,1618,14.80,3.38,110,12.76,0.68,111/3
2023-03-06,1626,17.90,0.00,110,4.86,0.77,111/3
2023-03-06,1701,28.10,3.20,110,15.88,1.16,111/3
2023-03-06,1702,47.80,4.60,110,16.37,1.27,111/3
2023-03-06,1707,183.00,3.33,110,18.60,2.83,111/4
2023-03-06,1708,45.05,4.44,110,7.47,1.55,111/3
2023-03-06,1709,24.70,6.88,110,10.98,1.52,111/3
2023-03-06,1710,19.35,3.62,110,,1.45,111/3
2023-03-06,1711,19.15,2.61,110,26.23,1.26,111/3
2023-03-06,1712,42.70,4.22,110,10.89,2.09,111/4
2023-03-06,1713,26.50,3.21,110,16.16,1.60,111/3
2023-03-06,1714,9.12,4.61,110,26.06,0.70,111/3
2023-03-06,1717,32.65,4.59,110,13.11,1.56,111/3
2023-03-06,1718,8.82,0.00,110,,0.53,111/3
2023-03-06,1720,61.20,4.08,110,13.45,2.41,111/3
2023-03-06,1721,15.15,0.00,110,22.61,1.16,111/3
2023-03-06,1722,57.90,4.84,110,19.43,1.07,111/3
2023-03-06,1723,112.50,3.56,110,15.33,3.27,111/4
2023-03-06,1725,21.70,5.67,110,12.54,0.98,111/3
2023-03-06,1726,72.30,4.84,110,15.22,1.25,111/3
2023-03-06,1727,26.40,1.97,110,23.78,1.82,111/4
2023-03-06,1730,56.80,5.28,110,14.16,1.99,111/4
2023-03-06,1731,20.00,5.85,110,16.39,1.33,111/4
2023-03-06,1732,29.50,1.19,110,95.16,2.58,111/3
2023-03-06,1733,26.15,4.97,110,11.89,1.47,111/3
2023-03-06,1734,31.85,0.63,110,26.99,1.83,111/3
2023-03-06,1735,15.15,0.00,110,116.54,1.01,111/3
2023-03-06,1736,69.20,0.72,110,56.72,2.48,111/3
2023-03-06,1737,33.60,4.46,110,16.00,1.05,111/3
2023-03-06,1752,59.60,3.02,110,17.13,2.50,111/4
2023-03-06,1760,176.00,0.85,110,55.17,7.17,111/3
2023-03-06,1762,75.10,1.73,110,11.94,1.88,111/3
2023-03-06,1773,120.00,4.58,110,16.44,3.73,111/4
2023-03-06,1776,16.95,8.85,110,169.50,1.17,111/3
2023-03-06,1783,60.20,1.66,110,42.10,3.71,111/3
2023-03-06,1786,72.20,1.97,110,34.71,3.26,111/3
2023-03-06,1789,26.75,1.79,110,59.44,2.02,111/4
2023-03-06,1795,285.00,0.68,110,24.05,5.56,111/3
2023-03-06,1802,22.70,8.02,110,19.57,1.32,111/3
2023-03-06,1805,10.45,0.00,110,,1.90,111/3
2023-03-06,1806,9.15,10.93,110,152.50,0.63,111/3
2023-03-06,1808,71.90,4.87,110,52.48,4.87,111/3
2023-03-06,1809,14.45,1.73,110,23.69,0.80,111/3
2023-03-06,1810,19.65,1.02,110,22.59,0.94,111/3
2023-03-06,1817,38.80,5.15,110,9.63,1.40,111/4
2023-03-06,1903,48.95,0.00,110,57.59,2.71,111/3
2023-03-06,1904,28.80,6.60,110,10.63,1.15,111/3
2023-03-06,1905,17.45,2.35,110,87.25,1.20,111/3
2023-03-06,1906,17.75,3.38,110,5.51,0.61,111/3
2023-03-06,1907,27.60,5.43,110,15.95,0.82,111/3
2023-03-06,1909,18.10,6.63,110,86.19,0.97,111/3
2023-03-06,2002,30.80,10.06,110,26.32,1.47,111/4
2023-03-06,2006,62.70,10.21,110,11.46,1.59,111/4
2023-03-06,2007,12.20,0.00,110,,0.92,111/3
2023-03-06,2008,18.80,0.00,110,52.22,1.47,111/3
2023-03-06,2009,35.95,2.78,110,61.98,3.04,111/3
2023-03-06,2010,16.65,7.81,110,14.23,0.98,111/3
2023-03-06,2012,23.80,8.40,110,11.44,1.53,111/3
2023-03-06,2013,59.70,3.35,110,24.88,2.27,111/4
2023-03-06,2014,28.40,9.86,110,,2.39,111/4
2023-03-06,2015,75.70,6.61,110,14.34,2.02,111/4
2023-03-06,2017,18.90,6.35,110,17.34,1.43,111/3
2023-03-06,2020,24.15,12.42,110,18.72,1.71,111/3
2023-03-06,2022,8.63,0.00,110,,1.21,111/3
2023-03-06,2023,17.20,5.81,110,14.96,1.06,111/3
2023-03-06,2024,19.40,6.19,110,40.42,1.59,111/4
2023-03-06,2025,5.76,0.00,110,2.09,1.19,111/3
2023-03-06,2027,44.50,4.27,110,5.56,1.24,111/3
2023-03-06,2028,28.90,8.65,110,8.43,2.20,111/3
2023-03-06,2029,26.00,9.81,110,11.06,0.88,111/3
2023-03-06,2030,23.60,8.47,110,5.73,1.26,111/3
2023-03-06,2031,45.75,8.74,110,18.60,1.67,111/3
2023-03-06,2032,20.90,5.65,110,90.87,1.62,111/3
2023-03-06,2033,16.00,1.25,110,,1.26,111/3
2023-03-06,2034,31.05,4.83,110,9.27,1.31,111/3
2023-03-06,2038,23.30,6.44,110,13.16,1.17,111/3
2023-03-06,2049,249.00,1.81,110,19.67,2.53,111/4
2023-03-06,2059,399.50,2.72,110,9.39,2.43,111/4
2023-03-06,2062,23.75,2.11,110,5.68,0.65,111/3
2023-03-06,2069,21.55,10.21,110,7.86,0.85,111/3
2023-03-06,2101,36.90,0.00,110,,2.84,111/3
2023-03-06,2102,21.65,0.00,110,,2.03,111/3
2023-03-06,2103,29.35,8.18,110,10.16,1.29,111/3
2023-03-06,2104,20.85,0.96,110,29.79,0.60,111/4
2023-03-06,2105,35.10,3.42,110,22.94,1.37,111/3
2023-03-06,2106,31.40,3.18,110,60.38,1.41,111/3
2023-03-06,2107,22.90,5.24,110,8.54,0.65,111/3
2023-03-06,2108,42.15,16.61,110,11.77,1.43,111/3
2023-03-06,2109,14.95,6.69,110,11.59,1.33,111/3
2023-03-06,2114,99.30,7.05,110,17.39,2.69,111/3
2023-03-06,2115,31.90,6.27,110,12.22,1.04,111/3
2023-03-06,2201,79.00,1.90,110,,1.53,111/3
2023-03-06,2204,57.30,9.60,110,,0.90,111/3
2023-03-06,2206,40.20,3.23,110,10.78,1.83,111/3
2023-03-06,2207,623.00,3.21,110,,6.69,111/3
2023-03-06,2208,23.05,0.00,110,,1.98,111/3
2023-03-06,2211,52.30,5.74,110,9.18,1.05,111/3
2023-03-06,2227,201.00,4.51,110,21.80,3.17,111/3
2023-03-06,2228,88.90,2.25,110,17.43,1.66,111/3
2023-03-06,2231,159.50,1.25,110,35.21,4.94,111/3
2023-03-06,2233,110.50,4.89,110,10.56,1.98,111/3
2023-03-06,2236,41.30,10.90,110,32.52,1.70,111/3
2023-03-06,2239,64.80,3.86,110,38.12,0.70,111/3
2023-03-06,2241,35.55,0.00,110,,2.13,111/3
2023-03-06,2243,20.75,0.00,110,,1.70,111/3
2023-03-06,2247,235.00,5.11,110,13.47,1.60,111/3
2023-03-06,2250,74.20,4.34,110,22.02,1.36,111/3
2023-03-06,2301,74.30,6.06,110,12.08,2.10,111/4
2023-03-06,2302,19.25,3.12,110,18.87,1.75,111/3
2023-03-06,2303,51.90,5.78,110,7.45,1.94,111/4
2023-03-06,2305,27.50,0.00,110,72.37,2.43,111/3
2023-03-06,2308,290.00,1.90,110,23.05,4.03,111/4
2023-03-06,2312,13.70,1.46,110,23.62,1.12,111/3
2023-03-06,2313,46.10,3.90,110,6.98,1.49,111/3
2023-03-06,2314,45.75,0.00,110,,4.97,111/3
2023-03-06,2316,28.35,3.53,110,8.41,0.64,111/3
2023-03-06,2317,103.50,5.02,110,9.83,0.99,111/3
2023-03-06,2321,18.30,0.00,110,152.50,8.32,111/3
2023-03-06,2323,8.16,1.23,110,,0.53,111/3
2023-03-06,2324,24.85,8.05,110,11.50,0.92,111/3
2023-03-06,2327,557.00,1.81,110,9.97,1.94,111/3
2023-03-06,2328,39.65,2.52,110,16.38,1.63,111/3
2023-03-06,2329,20.00,5.00,110,10.15,1.51,111/4
2023-03-06,2330,521.00,2.11,110,13.29,4.59,111/4
2023-03-06,2331,21.80,0.00,110,13.89,1.05,111/4
2023-03-06,2332,17.55,1.71,110,97.50,1.18,111/4
2023-03-06,2337,35.35,5.09,110,7.30,1.25,111/4
2023-03-06,2338,84.90,2.36,110,24.75,3.83,111/4
2023-03-06,2340,37.55,7.99,110,45.79,1.93,111/4
2023-03-06,2342,41.70,1.20,110,11.18,2.38,111/3
2023-03-06,2344,25.15,3.98,110,7.74,1.06,111/4
2023-03-06,2345,305.50,1.96,110,23.20,9.39,111/3
2023-03-06,2347,63.80,7.84,110,6.52,1.55,111/3
2023-03-06,2348,67.40,11.87,110,8.59,1.76,111/3
2023-03-06,2349,8.71,0.00,110,,1.01,111/3
2023-03-06,2351,121.50,2.47,110,22.25,3.42,111/3
2023-03-06,2352,30.55,8.18,110,6.77,1.46,111/3
2023-03-06,2353,25.70,8.87,110,9.55,1.16,111/3
2023-03-06,2354,55.90,3.04,110,18.45,0.77,111/3
2023-03-06,2355,29.65,1.69,110,37.53,0.75,111/3
2023-03-06,2356,27.15,5.16,110,15.69,1.65,111/3
2023-03-06,2357,286.50,14.66,110,6.96,0.98,111/3
2023-03-06,2358,15.65,1.73,110,22.04,1.08,111/3
2023-03-06,2359,28.65,3.14,110,8.87,1.00,111/3
2023-03-06,2360,183.00,3.81,110,15.83,3.76,111/3
2023-03-06,2362,31.40,6.69,110,14.47,0.43,111/3
2023-03-06,2363,18.75,9.60,110,27.17,1.02,111/3
2023-03-06,2364,109.00,0.92,110,35.05,8.16,111/3
2023-03-06,2365,10.60,1.89,110,30.29,0.81,111/3
2023-03-06,2367,18.80,0.00,110,30.32,1.17,111/4
2023-03-06,2368,90.90,2.42,110,9.95,3.29,111/3
2023-03-06,2369,15.40,8.38,110,28.00,1.01,111/4
2023-03-06,2371,33.90,0.00,110,6.90,1.61,111/3
2023-03-06,2373,80.40,7.46,110,13.51,2.47,111/3
2023-03-06,2374,22.15,4.51,110,37.54,1.00,111/3
2023-03-06,2375,76.00,2.63,110,10.51,0.90,111/3
2023-03-06,2376,118.50,10.13,110,8.44,2.17,111/3
2023-03-06,2377,140.00,7.50,110,8.89,2.47,111/3
2023-03-06,2379,388.00,6.96,110,12.28,4.26,111/4
2023-03-06,2380,11.15,0.00,110,,2.10,111/3
2023-03-06,2382,81.70,8.08,110,10.76,1.92,111/3
2023-03-06,2383,192.50,5.19,110,12.63,2.90,111/4
2023-03-06,2385,94.10,6.48,110,9.23,1.93,111/3
2023-03-06,2387,40.00,7.50,110,5.88,0.88,111/3
2023-03-06,2388,89.50,1.12,110,14.65,3.35,111/3
2023-03-06,2390,13.10,7.63,110,,0.91,111/3
2023-03-06,2392,40.00,3.75,110,13.42,0.79,111/3
2023-03-06,2393,39.40,8.88,110,11.29,0.95,111/3
2023-03-06,2395,354.50,2.25,110,25.63,6.29,111/4
2023-03-06,2397,65.40,5.50,110,14.19,2.31,111/4
2023-03-06,2399,15.70,7.64,110,19.63,1.22,111/3
2023-03-06,2401,26.15,7.65,110,21.26,1.64,111/3
2023-03-06,2402,19.80,2.53,110,21.52,0.98,111/3
2023-03-06,2404,233.00,5.64,110,11.52,4.62,111/3
2023-03-06,2405,12.90,0.00,110,17.43,1.20,111/3
2023-03-06,2406,20.00,0.00,110,,1.57,111/3
2023-03-06,2408,57.70,6.41,110,12.22,0.99,111/4
2023-03-06,2409,19.25,5.19,110,,0.80,111/4
2023-03-06,2412,118.00,3.91,110,25.11,2.40,111/4
2023-03-06,2413,30.00,0.00,110,16.48,1.95,111/3
2023-03-06,2414,33.45,8.37,110,10.05,1.81,111/3
2023-03-06,2415,25.55,8.22,110,39.92,1.33,111/3
2023-03-06,2417,24.20,0.62,110,86.43,1.12,111/3
2023-03-06,2419,28.45,1.76,110,18.97,1.73,111/4
2023-03-06,2420,43.70,6.86,110,9.71,1.89,111/3
2023-03-06,2421,44.20,2.71,110,11.28,2.25,111/3
2023-03-06,2423,30.05,4.99,110,10.81,1.65,111/4
2023-03-06,2424,22.35,0.00,110,,4.09,111/3
2023-03-06,2425,35.10,1.71,110,8.91,1.68,111/3
2023-03-06,2426,18.50,5.41,110,,1.40,111/4
2023-03-06,2427,13.30,2.63,110,11.08,1.04,111/3
2023-03-06,2428,144.50,4.36,110,11.84,2.12,111/3
2023-03-06,2429,11.85,0.00,110,,1.98,111/3
2023-03-06,2430,50.00,7.08,110,9.84,1.24,111/4
2023-03-06,2431,10.35,4.35,110,,0.80,111/3
2023-03-06,2433,50.70,6.90,110,13.13,1.85,111/3
2023-03-06,2434,28.00,0.00,110,,1.95,111/3
2023-03-06,2436,51.50,5.83,110,62.05,2.89,111/4
2023-03-06,2438,14.05,0.00,110,,1.47,111/3
2023-03-06,2439,86.90,4.57,110,13.01,1.54,111/4
2023-03-06,2440,11.80,0.00,110,,1.17,111/3
2023-03-06,2441,54.80,9.12,110,9.87,1.49,111/4
2023-03-06,2442,14.20,5.07,110,25.36,0.93,111/4
2023-03-06,2443,2.87,0.00,110,,1.36,111/3
2023-03-06,2444,18.35,0.00,110,17.82,1.95,111/3
2023-03-06,2449,46.15,6.50,110,8.10,1.64,111/3
2023-03-06,2450,34.85,5.74,110,13.67,1.43,111/4
2023-03-06,2451,70.90,8.46,110,12.40,1.56,111/4
2023-03-06,2453,51.00,3.73,110,21.34,2.63,111/3
2023-03-06,2454,784.00,9.31,110,10.56,2.84,111/4
2023-03-06,2455,85.40,4.68,110,22.59,5.19,111/3
2023-03-06,2457,48.75,0.00,110,,2.91,111/3
2023-03-06,2458,104.50,13.22,110,13.82,3.35,111/4
2023-03-06,2459,57.70,6.07,110,10.72,1.20,111/3
2023-03-06,2460,18.50,1.62,110,,1.27,111/3
2023-03-06,2461,20.80,8.32,110,14.55,1.15,111/3
2023-03-06,2462,33.55,1.79,110,47.93,1.84,111/3
2023-03-06,2464,39.40,5.58,110,12.96,1.78,111/3
2023-03-06,2465,41.65,4.80,110,,4.06,111/3
2023-03-06,2466,34.55,0.00,110,45.46,2.85,111/3
2023-03-06,2467,48.95,6.74,110,10.24,2.51,111/3
2023-03-06,2468,28.65,1.40,110,34.11,1.71,111/3
2023-03-06,2471,41.90,5.35,110,12.32,2.43,111/3
2023-03-06,2472,66.10,4.84,110,8.30,1.62,111/3
2023-03-06,2474,187.50,5.45,110,12.29,0.81,111/4
2023-03-06,2476,50.40,4.13,110,11.33,1.69,111/3
2023-03-06,2477,21.65,6.93,110,27.06,0.82,111/3
2023-03-06,2478,50.30,7.95,110,9.35,1.12,111/3
2023-03-06,2480,96.20,5.84,110,13.92,3.27,111/4
2023-03-06,2481,70.70,4.24,110,13.14,1.97,111/3
2023-03-06,2482,51.80,0.00,110,23.33,3.63,111/3
2023-03-06,2483,26.40,3.79,110,15.90,1.10,111/3
2023-03-06,2484,39.75,3.77,110,8.00,1.58,111/3
2023-03-06,2485,18.60,0.00,110,,0.95,111/3
2023-03-06,2486,25.75,1.94,110,45.18,1.38,111/3
2023-03-06,2488,31.85,3.77,110,8.25,1.09,111/4
2023-03-06,2489,10.70,11.68,110,,0.61,111/3
2023-03-06,2491,12.25,0.82,110,,1.32,111/3
2023-03-06,2492,102.00,4.42,110,30.00,1.12,111/4
2023-03-06,2493,51.80,5.31,110,10.72,2.30,111/3
2023-03-06,2495,21.50,1.86,110,25.90,1.45,111/3
2023-03-06,2496,51.90,5.78,110,14.22,1.25,111/3
2023-03-06,2497,77.70,0.00,110,26.98,4.91,111/3
2023-03-06,2498,64.80,0.00,110,,2.00,111/3
2023-03-06,2501,17.35,3.46,110,17.01,0.86,111/3
2023-03-06,2504,27.20,6.62,110,7.75,1.38,111/4
2023-03-06,2505,19.50,5.13,110,10.66,0.78,111/3
2023-03-06,2506,9.78,1.02,110,5.02,0.48,111/3
2023-03-06,2509,15.65,0.00,110,,0.81,111/3
2023-03-06,2511,11.45,4.37,110,13.01,0.73,111/3
2023-03-06,2514,17.30,0.00,110,19.44,0.59,111/3
2023-03-06,2515,8.84,6.00,110,4.56,0.61,111/3
2023-03-06,2516,5.10,0.00,110,,0.75,111/3
2023-03-06,2520,29.25,8.55,110,5.97,0.89,111/3
2023-03-06,2524,32.75,0.00,110,11.70,0.72,111/3
2023-03-06,2527,21.95,13.67,110,9.98,0.66,111/3
2023-03-06,2528,18.15,2.59,110,28.81,1.34,111/4
2023-03-06,2530,17.60,0.00,110,251.43,1.49,111/3
2023-03-06,2534,23.45,5.12,110,9.57,0.80,111/3
2023-03-06,2535,32.40,7.72,110,9.08,1.19,111/3
2023-03-06,2536,23.15,0.00,110,,0.66,111/3
2023-03-06,2537,7.16,12.57,110,12.79,0.52,111/3
2023-03-06,2538,13.25,3.77,110,19.20,0.98,111/3
2023-03-06,2539,34.60,3.73,110,13.06,2.55,111/3
2023-03-06,2540,79.60,11.93,110,25.59,3.62,111/3
2023-03-06,2542,41.80,11.99,110,29.65,1.49,111/3
2023-03-06,2543,9.20,0.00,110,4.18,0.85,111/3
2023-03-06,2545,45.50,13.85,110,4.69,1.24,111/3
2023-03-06,2546,56.70,6.35,110,8.85,1.81,111/3
2023-03-06,2547,9.43,2.12,110,31.43,0.77,111/3
2023-03-06,2548,91.50,8.20,110,8.56,1.31,111/4
2023-03-06,2597,124.50,7.23,110,11.09,4.48,111/3
2023-03-06,2601,10.35,0.00,110,79.62,0.79,111/3
2023-03-06,2603,164.50,10.94,110,0.90,0.65,111/3
2023-03-06,2605,26.85,3.72,110,70.66,0.97,111/3
2023-03-06,2606,60.90,4.93,110,9.13,1.53,111/3
2023-03-06,2607,28.40,1.41,110,9.07,1.03,111/3
2023-03-06,2608,38.50,4.29,110,13.37,1.62,111/3
2023-03-06,2609,67.50,29.63,110,1.07,0.71,111/3
2023-03-06,2610,20.30,4.09,110,10.68,1.75,111/3
2023-03-06,2611,15.00,13.33,110,,1.15,111/3
2023-03-06,2612,44.25,6.06,110,10.66,0.73,111/3
2023-03-06,2613,24.85,6.64,110,23.67,1.06,111/4
2023-03-06,2614,23.45,4.26,110,54.53,2.09,111/3
2023-03-06,2615,80.60,14.89,110,1.78,0.97,111/3
2023-03-06,2616,31.55,7.92,110,15.32,0.91,111/3
2023-03-06,2617,31.95,6.26,110,6.61,0.85,111/4
2023-03-06,2618,28.30,2.08,110,11.19,1.80,111/3
2023-03-06,2630,19.35,2.38,110,241.88,1.63,111/4
2023-03-06,2633,30.05,2.53,110,44.85,2.51,111/4
2023-03-06,2634,38.65,0.91,110,23.28,2.35,111/3
2023-03-06,2636,72.00,18.06,110,2.91,1.05,111/3
2023-03-06,2637,68.50,8.03,110,4.84,1.09,111/4
2023-03-06,2642,49.70,4.23,110,26.86,2.16,111/4
2023-03-06,2701,13.20,1.29,110,27.50,0.75,111/3
2023-03-06,2702,27.05,16.64,110,1.93,1.36,111/3
2023-03-06,2704,36.55,0.00,110,261.07,1.12,111/3
2023-03-06,2705,18.50,0.00,110,,0.73,111/3
2023-03-06,2706,15.15,0.92,110,26.58,0.80,111/3
2023-03-06,2707,303.00,4.09,110,42.98,9.49,111/3
2023-03-06,2712,36.60,0.00,110,610.00,3.19,111/3
2023-03-06,2722,50.40,0.40,110,36.52,2.92,111/4
2023-03-06,2723,156.50,3.19,110,52.87,2.58,111/3
2023-03-06,2727,278.50,0.00,110,80.26,6.99,111/3
2023-03-06,2731,124.50,0.00,110,,8.20,111/3
2023-03-06,2739,62.50,0.00,110,,9.56,111/3
2023-03-06,2748,95.20,0.53,110,56.67,4.88,111/3
2023-03-06,2753,240.00,2.71,110,24.74,5.09,111/3
2023-03-06,2801,17.50,3.43,110,16.83,1.10,111/4
2023-03-06,2809,34.70,6.05,110,17.44,0.91,111/4
2023-03-06,2812,13.90,5.40,110,12.99,1.01,111/4
2023-03-06,2816,16.40,6.10,110,,0.69,111/3
2023-03-06,2820,15.25,5.90,110,19.81,0.93,111/4
2023-03-06,2832,20.85,3.60,110,6.84,0.77,111/3
2023-03-06,2834,14.50,3.24,110,14.08,1.17,111/3
2023-03-06,2836,12.75,4.39,110,17.00,0.98,111/4
2023-03-06,2838,16.10,6.46,110,18.72,1.04,111/3
2023-03-06,2845,11.40,5.18,110,13.90,0.86,111/3
2023-03-06,2849,14.65,4.98,110,13.82,0.87,111/3
2023-03-06,2850,51.20,6.25,110,7.98,1.13,111/3
2023-03-06,2851,18.45,9.76,110,22.23,0.79,111/3
2023-03-06,2852,17.25,7.01,110,8.41,0.71,111/3
2023-03-06,2855,17.20,10.99,110,21.77,0.85,111/3
2023-03-06,2867,5.39,0.00,110,,0.62,111/3
2023-03-06,2880,22.90,4.89,110,18.47,1.76,111/3
2023-03-06,2881,60.00,5.83,110,8.56,1.52,111/3
2023-03-06,2882,43.60,8.03,110,8.92,2.17,111/3
2023-03-06,2883,13.15,7.60,110,14.78,1.16,111/4
2023-03-06,2884,24.85,5.39,110,22.59,1.80,111/4
2023-03-06,2885,22.70,7.93,110,10.86,1.14,111/3
2023-03-06,2886,32.95,5.01,110,23.37,1.57,111/3
2023-03-06,2887,16.40,6.71,110,14.39,1.06,111/4
2023-03-06,2888,8.73,4.58,110,67.15,0.65,111/4
2023-03-06,2889,12.80,8.98,110,20.00,1.23,111/3
2023-03-06,2890,17.05,5.28,110,11.84,1.31,111/3
2023-03-06,2891,22.55,5.54,110,11.28,1.37,111/3
2023-03-06,2892,26.45,4.54,110,17.75,1.61,111/3
2023-03-06,2897,9.70,3.09,110,14.06,0.86,111/3
2023-03-06,2901,25.50,0.27,110,94.44,2.16,111/3
2023-03-06,2903,23.00,3.91,110,20.00,1.05,111/3
2023-03-06,2904,22.05,3.63,110,17.64,1.47,111/3
2023-03-06,2905,16.40,6.71,110,,1.22,111/3
2023-03-06,2906,18.70,2.14,110,25.27,1.26,111/3
2023-03-06,2908,20.75,6.17,110,16.47,1.49,111/3
2023-03-06,2910,30.40,1.64,110,46.06,2.27,111/3
2023-03-06,2911,7.48,0.00,110,,0.95,111/3
2023-03-06,2912,270.50,3.33,110,30.29,7.71,111/4
2023-03-06,2913,22.30,0.00,110,,1.21,111/3
2023-03-06,2915,66.70,7.50,110,3.74,3.86,111/3
2023-03-06,2923,24.15,4.97,110,65.27,0.83,111/3
2023-03-06,2929,17.05,0.00,110,26.23,0.62,111/3
2023-03-06,2939,33.30,0.00,110,70.85,1.61,111/3
2023-03-06,2945,46.40,5.58,110,41.43,1.77,111/3
2023-03-06,3002,12.00,0.00,110,,0.98,111/3
2023-03-06,3003,73.40,2.72,110,11.29,1.96,111/3
2023-03-06,3004,89.60,0.00,110,31.44,2.42,111/4
2023-03-06,3005,55.10,6.52,110,12.96,1.68,111/4
2023-03-06,3006,80.30,9.96,110,20.97,1.90,111/4
2023-03-06,3008,2450.00,2.86,110,14.45,2.11,111/4
2023-03-06,3010,89.70,7.58,110,7.23,1.29,111/3
2023-03-06,3011,20.30,0.00,110,21.37,2.25,111/3
2023-03-06,3013,24.80,0.00,110,34.93,1.63,111/3
2023-03-06,3014,89.90,10.01,110,11.89,2.69,111/4
2023-03-06,3015,42.95,7.68,110,10.08,0.63,111/3
2023-03-06,3016,73.30,1.61,110,31.06,3.99,111/4
2023-03-06,3017,119.50,3.60,110,11.14,2.87,111/3
2023-03-06,3019,72.00,5.14,110,16.07,1.59,111/3
2023-03-06,3021,22.45,2.67,110,13.52,1.47,111/3
2023-03-06,3022,82.70,3.63,110,10.73,1.63,111/3
2023-03-06,3023,298.50,2.33,110,25.75,6.00,111/3
2023-03-06,3024,14.20,2.11,110,50.71,1.39,111/3
2023-03-06,3025,22.50,1.78,110,15.52,1.90,111/3
2023-03-06,3026,98.20,9.16,110,12.61,1.60,111/4
2023-03-06,3027,45.35,0.00,110,107.98,2.84,111/3
2023-03-06,3028,30.85,11.15,110,8.71,1.22,111/3
2023-03-06,3029,51.50,6.99,110,12.84,2.00,111/4
2023-03-06,3030,63.40,5.21,110,7.80,2.06,111/4
2023-03-06,3031,16.75,5.97,110,15.80,1.00,111/3
2023-03-06,3032,33.85,5.91,110,11.36,1.46,111/3
2023-03-06,3033,28.65,10.51,110,6.45,1.33,111/3
2023-03-06,3034,422.00,12.20,110,9.18,3.92,111/4
2023-03-06,3035,189.50,1.74,110,19.18,5.48,111/4
2023-03-06,3036,65.60,7.64,110,7.78,1.20,111/3
2023-03-06,3037,138.50,2.45,110,6.91,2.39,111/4
2023-03-06,3038,23.65,5.07,110,8.76,1.60,111/3
2023-03-06,3040,31.80,6.29,110,19.51,1.36,111/3
2023-03-06,3041,22.15,0.00,110,82.04,1.31,111/3
2023-03-06,3042,89.40,8.39,110,9.08,2.30,111/3
2023-03-06,3043,29.50,0.00,110,53.64,13.17,111/3
2023-03-06,3044,106.50,6.57,110,9.03,1.33,111/4
2023-03-06,3045,98.20,4.38,110,25.12,4.50,111/3
2023-03-06,3046,53.60,0.00,110,21.53,5.00,111/3
2023-03-06,3047,16.15,0.00,110,13.24,1.30,111/4
2023-03-06,3048,29.50,11.53,110,7.30,1.41,111/3
2023-03-06,3049,10.30,3.40,110,343.33,0.85,111/4
2023-03-06,3050,17.25,3.48,110,37.50,1.08,111/3
2023-03-06,3051,19.50,0.00,110,7.04,1.35,111/3
2023-03-06,3052,11.25,2.22,110,12.64,0.72,111/3
2023-03-06,3054,18.95,0.00,110,,2.00,111/4
2023-03-06,3055,33.20,0.60,110,,1.39,111/3
2023-03-06,3056,34.55,4.34,110,6.15,1.24,111/3
2023-03-06,3057,11.80,0.00,110,34.71,1.22,111/3
2023-03-06,3058,14.50,0.00,110,,1.56,111/3
2023-03-06,3059,35.30,1.95,110,25.77,1.09,111/3
2023-03-06,3060,18.35,5.45,110,14.22,0.86,111/3
2023-03-06,3062,24.70,0.20,110,,1.54,111/3
2023-03-06,3090,57.80,6.92,110,7.02,2.04,111/3
2023-03-06,3092,37.90,0.00,110,53.38,1.71,111/4
2023-03-06,3094,32.85,3.01,110,36.10,2.57,111/3
2023-03-06,3130,205.00,5.44,110,15.29,4.12,111/4
2023-03-06,3138,178.50,1.68,110,34.39,5.82,111/3
2023-03-06,3149,18.90,0.00,110,,2.66,111/3
2023-03-06,3164,24.50,4.49,110,24.26,1.57,111/3
2023-03-06,3167,45.85,8.72,110,11.73,1.60,111/4
2023-03-06,3189,118.00,3.81,110,7.66,1.56,111/4
2023-03-06,3209,45.20,7.08,110,8.76,2.22,111/3
2023-03-06,3229,19.45,0.00,110,,1.90,111/3
2023-03-06,3231,32.85,6.70,110,7.50,0.99,111/3
2023-03-06,3257,49.25,10.15,110,34.93,2.67,111/4
2023-03-06,3266,12.25,0.00,110,34.03,0.80,111/3
2023-03-06,3296,18.25,0.00,110,,1.35,111/3
2023-03-06,3305,49.05,5.10,110,8.77,1.35,111/3
2023-03-06,3308,15.55,0.00,110,,1.64,111/3
2023-03-06,3311,34.95,1.34,110,23.78,0.92,111/4
2023-03-06,3312,19.05,10.50,110,7.33,1.20,111/3
2023-03-06,3321,6.72,0.00,110,,1.77,111/4
2023-03-06,3338,37.75,3.97,110,12.34,1.78,111/4
2023-03-06,3346,40.75,1.52,110,,1.64,111/3
2023-03-06,3356,45.95,2.61,110,30.23,2.25,111/3
2023-03-06,3376,90.00,5.56,110,9.37,1.07,111/3
2023-03-06,3380,33.25,2.41,110,19.67,1.74,111/4
2023-03-06,3406,420.50,1.90,110,14.14,2.48,111/3
2023-03-06,3413,210.00,4.14,110,8.79,1.88,111/4
2023-03-06,3416,95.20,4.73,110,15.28,2.72,111/4
2023-03-06,3419,19.95,0.00,110,60.45,1.58,111/3
2023-03-06,3432,22.35,2.24,110,8.98,0.83,111/3
2023-03-06,3437,20.20,2.23,110,,1.13,111/3
2023-03-06,3443,1075.00,0.65,110,38.82,17.87,111/4
2023-03-06,3447,49.50,3.03,110,28.78,3.43,111/3
2023-03-06,3450,41.45,4.34,110,20.83,1.51,111/3
2023-03-06,3454,291.00,0.48,110,35.88,7.14,111/4
2023-03-06,3481,15.60,6.73,110,,0.56,111/3
2023-03-06,3494,11.60,0.00,110,,2.32,111/3
2023-03-06,3501,52.00,3.85,110,9.08,0.94,111/3
2023-03-06,3504,91.40,0.00,110,160.35,3.16,111/4
2023-03-06,3515,156.50,8.31,110,11.08,2.31,111/3
2023-03-06,3518,21.60,4.63,110,166.15,1.27,111/3
2023-03-06,3528,57.60,6.60,110,11.59,2.07,111/3
2023-03-06,3530,86.30,4.06,110,22.83,2.51,111/3
2023-03-06,3532,154.50,1.44,110,14.24,2.52,111/3
2023-03-06,3533,833.00,1.91,110,15.28,4.21,111/3
2023-03-06,3535,23.85,2.10,110,6.66,1.55,111/4
2023-03-06,3536,4.12,0.00,110,,12.12,111/3
2023-03-06,3543,20.30,5.91,110,,0.65,111/4
2023-03-06,3545,75.80,20.90,110,,1.84,111/4
2023-03-06,3550,14.70,4.08,110,,0.65,111/3
2023-03-06,3557,66.60,9.01,110,9.14,2.12,111/3
2023-03-06,3563,177.50,6.76,110,13.30,2.72,111/4
2023-03-06,3576,21.05,0.00,110,65.78,2.09,111/3
2023-03-06,3583,78.90,3.17,110,11.57,1.84,111/3
2023-03-06,3588,64.60,6.19,110,13.18,2.20,111/3
2023-03-06,3591,23.80,1.18,110,40.34,1.15,111/3
2023-03-06,3592,411.00,10.95,110,8.07,2.41,111/4
2023-03-06,3593,12.15,0.00,110,,2.04,111/3
2023-03-06,3596,109.50,6.13,110,13.02,1.81,111/3
2023-03-06,3605,34.90,4.30,110,10.67,0.80,111/3
2023-03-06,3607,12.40,8.06,110,,0.72,111/3
2023-03-06,3617,129.50,0.77,110,14.22,2.09,111/3
2023-03-06,3622,29.30,4.10,110,10.65,0.79,111/4
2023-03-06,3645,35.25,3.38,110,19.26,1.52,111/3
2023-03-06,3652,31.60,1.30,110,30.10,1.31,111/3
2023-03-06,3653,407.00,1.72,110,24.46,6.57,111/3
2023-03-06,3661,957.00,1.19,110,41.00,5.39,111/3
2023-03-06,3665,287.50,3.29,110,12.90,2.14,111/3
2023-03-06,3669,47.45,8.01,110,11.30,1.60,111/3
2023-03-06,3673,36.50,4.11,110,23.10,0.39,111/3
2023-03-06,3679,94.60,9.51,110,8.40,1.28,111/4
2023-03-06,3682,6.14,0.00,110,,1.11,111/4
2023-03-06,3686,15.45,0.00,110,24.52,1.59,111/3
2023-03-06,3694,20.90,0.00,110,9.46,1.23,111/3
2023-03-06,3701,47.30,0.00,110,25.71,3.24,111/3
2023-03-06,3702,50.00,7.00,110,8.94,1.16,111/4
2023-03-06,3703,31.30,5.37,110,7.40,0.98,111/3
2023-03-06,3704,40.55,1.26,110,11.82,1.70,111/3
2023-03-06,3705,43.80,3.88,110,12.10,1.70,111/3
2023-03-06,3706,29.35,6.81,110,3.78,0.58,111/4
2023-03-06,3708,107.50,1.33,110,11.74,1.59,111/3
2023-03-06,3711,109.00,6.42,110,7.54,1.55,111/4
2023-03-06,3712,31.25,4.80,110,11.97,0.99,111/3
2023-03-06,3714,50.10,3.99,110,1002.00,0.69,111/4
2023-03-06,3715,18.15,0.00,110,,0.84,111/3
2023-03-06,4104,79.70,5.02,110,17.33,1.45,111/3
2023-03-06,4106,31.35,1.75,110,21.18,1.48,111/3
2023-03-06,4108,19.65,0.00,110,,2.04,111/4
2023-03-06,4119,113.50,0.00,110,51.36,3.04,111/3
2023-03-06,4133,38.55,1.19,110,31.09,1.81,111/4
2023-03-06,4137,216.00,5.56,110,20.81,3.63,111/3
2023-03-06,4142,40.90,0.00,110,33.25,2.80,111/3
2023-03-06,4148,68.80,2.18,110,10.97,1.92,111/3
2023-03-06,4155,33.00,3.03,110,21.43,1.79,111/3
2023-03-06,4164,68.20,2.95,110,26.96,1.82,111/3
2023-03-06,4190,80.60,4.34,110,39.90,2.25,111/3
2023-03-06,4306,15.15,6.60,110,9.90,0.86,111/3
2023-03-06,4426,26.40,0.00,110,,1.69,111/3
2023-03-06,4438,120.00,3.50,110,10.54,1.56,111/4
2023-03-06,4439,113.50,5.73,110,10.19,1.41,111/3
2023-03-06,4440,35.70,11.20,110,10.56,1.69,111/3
2023-03-06,4526,16.90,1.18,110,31.89,0.85,111/3
2023-03-06,4532,17.75,3.94,110,15.17,0.93,111/3
2023-03-06,4536,242.50,2.47,110,10.43,3.01,111/3
2023-03-06,4540,41.50,3.13,110,12.85,1.15,111/3
2023-03-06,4545,32.85,2.13,110,13.63,1.35,111/3
2023-03-06,4551,152.00,3.29,110,12.67,2.20,111/3
2023-03-06,4552,30.15,3.32,110,8.24,0.61,111/3
2023-03-06,4555,49.45,3.60,110,17.98,1.15,111/3
2023-03-06,4557,120.00,3.75,110,9.76,2.57,111/3
2023-03-06,4560,38.85,4.63,110,9.79,1.45,111/3
2023-03-06,4562,16.20,0.00,110,,1.29,111/3
2023-03-06,4564,26.10,4.98,110,33.90,1.10,111/3
2023-03-06,4566,56.00,2.11,110,10.45,1.36,111/3
2023-03-06,4571,73.30,6.14,110,10.88,1.50,111/3
2023-03-06,4572,153.00,3.27,110,31.03,3.22,111/3
2023-03-06,4576,78.70,1.27,110,28.83,2.42,111/4
2023-03-06,4581,39.95,3.75,110,13.01,1.44,111/3
2023-03-06,4583,229.00,3.49,110,16.33,1.88,111/4
2023-03-06,4720,14.80,1.35,110,42.29,1.17,111/3
2023-03-06,4722,35.15,6.26,110,8.74,1.20,111/3
2023-03-06,4737,79.80,2.51,110,50.83,2.37,111/3
2023-03-06,4739,104.50,2.87,110,18.43,2.18,111/3
2023-03-06,4746,75.20,2.66,110,,1.25,111/3
2023-03-06,4755,133.00,3.76,110,12.52,2.97,111/3
2023-03-06,4763,348.00,1.40,110,23.40,8.21,111/3
2023-03-06,4764,54.60,1.83,110,56.88,1.98,111/3
2023-03-06,4766,138.50,4.33,110,10.64,1.12,111/3
2023-03-06,4770,348.00,2.30,110,17.65,4.40,111/3
2023-03-06,4807,21.35,7.78,110,25.12,0.87,111/4
2023-03-06,4904,70.30,4.62,110,25.38,3.77,111/3
2023-03-06,4906,28.35,5.43,110,18.17,0.79,111/3
2023-03-06,4912,79.50,4.87,110,11.81,1.48,111/3
2023-03-06,4915,62.40,4.97,110,10.43,1.75,111/4
2023-03-06,4916,31.55,1.58,110,50.08,1.77,111/3
2023-03-06,4919,151.50,3.30,110,15.06,3.62,111/4
2023-03-06,4927,61.90,6.46,110,8.49,1.56,111/3
2023-03-06,4930,31.85,15.07,110,8.40,0.82,111/3
2023-03-06,4934,27.20,0.00,110,,3.07,111/3
2023-03-06,4935,60.40,8.28,110,7.50,0.94,111/4
2023-03-06,4938,69.00,7.25,110,10.28,1.01,111/3
2023-03-06,4942,37.95,7.91,110,8.38,0.65,111/4
2023-03-06,4943,13.10,0.00,110,,4.47,111/3
2023-03-06,4952,57.30,9.42,110,10.75,2.49,111/4
2023-03-06,4956,16.40,2.44,110,65.60,0.85,111/3
2023-03-06,4958,115.00,4.35,110,7.57,1.16,111/3
2023-03-06,4960,12.55,3.98,110,18.46,0.77,111/4
2023-03-06,4961,176.00,9.66,110,10.67,1.88,111/4
2023-03-06,4967,59.00,0.00,110,,2.10,111/3
2023-03-06,4968,132.50,2.64,110,217.21,5.04,111/4
2023-03-06,4976,45.30,0.00,110,,2.17,111/3
2023-03-06,4977,121.00,2.66,110,29.44,3.27,111/3
2023-03-06,4989,27.25,5.50,110,10.28,1.57,111/3
2023-03-06,4994,42.80,3.50,110,89.17,3.13,111/4
2023-03-06,4999,39.45,5.07,110,9.35,0.81,111/3
2023-03-06,5007,51.50,5.83,110,14.76,2.30,111/3
2023-03-06,5203,94.60,1.81,110,,2.53,111/3
2023-03-06,5215,50.20,9.96,110,9.18,0.96,111/3
2023-03-06,5222,151.00,2.32,110,46.89,5.42,111/3
2023-03-06,5225,41.65,1.44,110,7.06,1.16,111/4
2023-03-06,5234,83.50,6.35,110,20.12,2.91,111/4
2023-03-06,5243,63.50,2.20,110,15.64,1.59,111/3
2023-03-06,5244,31.00,9.68,110,10.16,1.35,111/3
2023-03-06,5258,98.00,0.55,110,15.15,3.72,111/3
2023-03-06,5269,955.00,2.72,110,21.98,4.25,111/3
2023-03-06,5283,114.00,7.02,110,11.11,1.90,111/3
2023-03-06,5284,95.70,2.40,110,23.98,2.43,111/3
2023-03-06,5285,81.00,4.94,110,16.84,2.67,111/3
2023-03-06,5288,185.50,2.43,110,12.99,2.76,111/4
2023-03-06,5306,153.00,5.88,110,8.99,2.54,111/3
2023-03-06,5388,87.20,2.75,110,13.44,2.34,111/3
2023-03-06,5434,195.00,4.51,110,11.48,2.91,111/3
2023-03-06,5469,35.45,6.21,110,5.28,0.69,111/3
2023-03-06,5471,55.60,12.59,110,16.12,2.59,111/4
2023-03-06,5484,13.20,0.00,110,,1.39,111/3
2023-03-06,5515,11.80,8.64,110,19.34,0.63,111/3
2023-03-06,5519,24.00,8.33,110,5.81,1.04,111/4
2023-03-06,5521,7.06,0.00,110,,0.66,111/3
2023-03-06,5522,59.20,9.29,110,6.71,1.07,111/3
2023-03-06,5525,24.35,1.23,110,10.77,1.32,111/3
2023-03-06,5531,9.34,0.00,110,,0.89,111/3
2023-03-06,5533,18.05,5.54,110,3.13,0.57,111/3
2023-03-06,5534,77.10,5.72,110,7.39,1.19,111/3
2023-03-06,5538,41.95,7.63,110,7.32,1.24,111/3
2023-03-06,5546,41.70,11.99,110,20.85,1.20,111/3
2023-03-06,5607,63.20,2.53,110,16.72,2.28,111/3
2023-03-06,5608,30.50,6.56,110,4.13,1.05,111/3
2023-03-06,5706,67.80,2.95,110,,4.16,111/3
2023-03-06,5871,228.00,2.85,110,14.51,2.80,111/4
2023-03-06,5876,47.80,3.77,110,13.06,1.40,111/3
2023-03-06,5880,26.60,4.89,110,19.14,1.85,111/3
2023-03-06,5906,38.15,4.46,110,12.47,2.59,111/3
2023-03-06,5907,17.95,0.00,110,,0.45,111/3
2023-03-06,6005,12.10,13.64,110,15.71,0.76,111/3
2023-03-06,6024,39.25,4.08,110,12.95,1.26,111/3
2023-03-06,6108,17.20,6.10,110,23.24,0.74,111/3
2023-03-06,6112,41.15,6.08,110,18.79,1.83,111/4
2023-03-06,6115,44.50,6.29,110,10.35,1.66,111/3
2023-03-06,6116,14.00,7.14,110,,0.85,111/4
2023-03-06,6117,14.75,0.00,110,113.46,1.14,111/3
2023-03-06,6120,10.25,0.00,110,53.95,0.73,111/4
2023-03-06,6128,35.05,5.71,110,6.90,1.15,111/3
2023-03-06,6133,23.30,0.00,110,42.36,2.21,111/3
2023-03-06,6136,18.85,6.63,110,13.18,0.78,111/3
2023-03-06,6139,45.30,3.31,110,11.89,1.22,111/3
2023-03-06,6141,19.75,5.11,110,20.15,0.89,111/3
2023-03-06,6142,13.05,0.00,110,45.00,1.33,111/4
2023-03-06,6152,10.45,0.00,110,10.66,1.16,111/3
2023-03-06,6153,24.55,0.00,110,98.20,0.90,111/3
2023-03-06,6155,27.55,3.09,110,12.58,1.57,111/4
2023-03-06,6164,10.70,0.00,110,42.80,0.91,111/3
2023-03-06,6165,31.25,0.00,110,3125.00,2.28,111/3
2023-03-06,6166,64.40,0.47,110,17.04,2.68,111/3
2023-03-06,6168,21.85,6.86,110,11.75,1.43,111/3
2023-03-06,6176,108.00,7.41,110,7.46,1.48,111/4
2023-03-06,6177,31.40,9.55,110,5.59,1.63,111/3
2023-03-06,6183,64.60,3.17,110,20.91,3.92,111/4
2023-03-06,6184,49.40,6.07,110,13.24,1.71,111/3
2023-03-06,6189,40.10,9.18,110,9.22,1.64,111/3
2023-03-06,6191,31.40,5.57,110,5.66,0.83,111/3
2023-03-06,6192,77.30,5.17,110,8.25,1.26,111/3
2023-03-06,6196,131.50,3.38,110,11.60,2.74,111/4
2023-03-06,6197,45.90,6.54,110,11.06,1.84,111/3
2023-03-06,6201,43.25,6.94,110,11.63,1.46,111/4
2023-03-06,6202,76.60,10.60,110,15.66,3.70,111/4
2023-03-06,6205,91.50,2.19,110,25.85,3.13,111/3
2023-03-06,6206,74.20,5.39,110,8.88,2.20,111/3
2023-03-06,6209,26.90,1.86,110,70.79,1.45,111/3
2023-03-06,6213,78.40,6.38,110,12.21,1.42,111/3
2023-03-06,6214,77.00,6.49,110,20.81,1.40,111/3
2023-03-06,6215,27.30,6.59,110,10.38,1.51,111/3
2023-03-06,6216,27.25,6.13,110,10.44,1.47,111/3
2023-03-06,6224,67.70,6.28,110,34.19,2.18,111/3
2023-03-06,6225,12.25,0.00,110,,61.25,111/3
2023-03-06,6226,11.75,1.02,110,1175.00,1.11,111/3
2023-03-06,6230,130.00,0.47,110,28.14,2.17,111/3
2023-03-06,6235,64.10,0.47,110,39.81,4.06,111/3
2023-03-06,6239,89.60,7.59,110,6.81,1.31,111/3
2023-03-06,6243,31.70,3.69,110,15.24,1.82,111/3
2023-03-06,6257,55.70,7.41,110,7.31,1.57,111/3
2023-03-06,6269,100.50,4.98,110,9.21,1.30,111/4
2023-03-06,6271,223.50,4.03,110,11.71,1.65,111/3
2023-03-06,6277,84.00,6.19,110,14.48,2.20,111/3
2023-03-06,6278,90.90,6.60,110,5.99,1.38,111/3
2023-03-06,6281,87.60,5.71,110,14.90,3.06,111/4
2023-03-06,6282,40.95,2.44,110,25.43,2.08,111/3
2023-03-06,6283,34.45,0.00,110,90.66,2.83,111/3
2023-03-06,6285,87.30,2.41,110,14.26,1.85,111/3
2023-03-06,6288,28.20,1.42,110,128.18,2.04,111/3
2023-03-06,6405,22.20,9.01,110,21.55,0.56,111/3
2023-03-06,6409,1670.00,1.41,110,33.06,17.57,111/4
2023-03-06,6412,83.20,6.25,110,10.13,2.59,111/4
2023-03-06,6414,242.00,2.89,110,13.64,1.89,111/3
2023-03-06,6415,588.00,0.77,110,34.35,7.44,111/3
2023-03-06,6416,99.40,2.01,110,18.37,2.24,111/3
2023-03-06,6426,63.80,3.13,110,25.62,1.89,111/3
2023-03-06,6431,20.15,0.00,110,,1.99,111/3
2023-03-06,6438,101.50,6.21,110,10.87,1.99,111/4
2023-03-06,6442,51.30,2.34,110,9.87,1.71,111/3
2023-03-06,6443,38.00,0.00,110,58.46,3.00,111/3
2023-03-06,6449,46.00,4.35,110,10.70,1.52,111/3
2023-03-06,6451,87.40,2.93,110,51.72,1.43,111/3
2023-03-06,6456,85.50,5.85,110,8.39,0.86,111/4
2023-03-06,6464,89.90,5.12,110,11.71,1.46,111/3
2023-03-06,6477,48.40,1.05,110,32.70,1.83,111/3
2023-03-06,6491,432.00,1.97,110,20.29,5.03,111/3
2023-03-06,6504,76.90,1.56,110,130.34,1.56,111/3
2023-03-06,6505,84.10,4.52,110,55.70,2.56,111/4
2023-03-06,6515,639.00,1.72,110,23.67,6.72,111/3
2023-03-06,6525,75.80,7.26,110,9.61,2.29,111/3
2023-03-06,6531,280.50,2.14,110,23.34,4.14,111/4
2023-03-06,6533,566.00,0.50,110,55.27,5.59,111/3
2023-03-06,6550,100.50,0.00,110,,8.13,111/3
2023-03-06,6552,39.70,5.04,110,19.37,1.33,111/3
2023-03-06,6558,25.65,0.00,110,,1.55,111/3
2023-03-06,6573,14.15,0.00,110,,1.10,111/3
2023-03-06,6579,100.00,3.10,110,13.89,1.73,111/4
2023-03-06,6581,106.50,3.76,110,11.70,2.89,111/3
2023-03-06,6582,63.70,23.55,110,38.61,1.14,111/4
2023-03-06,6585,67.40,4.45,110,18.47,1.61,111/3
2023-03-06,6591,46.90,8.53,110,6.36,0.94,111/3
2023-03-06,6592,113.00,3.72,110,17.71,2.24,111/3
2023-03-06,6598,29.50,0.00,110,,2.75,111/3
2023-03-06,6605,88.60,3.39,110,8.26,0.97,111/3
2023-03-06,6625,50.00,0.00,110,,4.42,111/3
2023-03-06,6641,57.50,7.83,110,11.50,1.38,111/4
2023-03-06,6655,127.50,9.41,110,16.73,4.86,111/3
2023-03-06,6666,90.10,1.66,110,41.71,2.60,111/3
2023-03-06,6668,43.25,0.00,110,,1.72,111/3
2023-03-06,6669,942.00,2.65,110,11.62,4.25,111/4
2023-03-06,6670,250.50,4.79,110,7.66,3.16,111/3
2023-03-06,6671,39.75,7.55,110,15.96,1.47,111/3
2023-03-06,6672,85.30,7.74,110,12.40,2.02,111/3
2023-03-06,6674,27.75,3.60,110,308.33,1.20,111/3
2023-03-06,6689,147.50,1.69,110,96.41,3.53,111/3
2023-03-06,6691,290.00,4.83,110,12.43,4.03,111/3
2023-03-06,6695,45.00,0.00,110,61.64,2.46,111/4
2023-03-06,6698,33.00,0.00,110,330.00,1.67,111/3
2023-03-06,6706,108.00,9.26,110,6.31,1.87,111/3
2023-03-06,6715,149.50,1.20,110,18.73,3.57,111/3
2023-03-06,6719,312.00,2.40,110,21.18,2.79,111/4
2023-03-06,6743,45.95,1.09,110,199.78,2.39,111/3
2023-03-06,6754,48.50,7.22,110,9.58,1.59,111/3
2023-03-06,6756,215.50,5.10,110,15.89,4.71,111/3
2023-03-06,6768,73.50,4.76,110,8.97,1.02,111/3
2023-03-06,6770,34.95,5.24,110,6.47,1.47,111/4
2023-03-06,6776,43.30,7.39,110,8.64,1.85,111/3
2023-03-06,6781,840.00,1.79,110,23.07,5.88,111/3
2023-03-06,6782,343.00,1.17,110,35.00,7.01,111/4
2023-03-06,6789,250.50,0.74,110,44.73,4.68,111/4
2023-03-06,6790,37.50,8.00,110,12.80,1.91,111/3
2023-03-06,6792,84.90,6.48,110,14.74,2.46,111/3
2023-03-06,6796,111.50,1.43,110,46.65,5.86,111/3
2023-03-06,6799,161.50,1.69,110,21.79,5.08,111/4
2023-03-06,6806,86.70,2.31,110,83.37,1.81,111/4
2023-03-06,6807,26.65,8.89,110,6.78,0.76,111/3
2023-03-06,6830,135.00,3.33,110,23.36,2.55,111/3
2023-03-06,6834,29.00,5.52,110,12.66,1.57,111/3
2023-03-06,6835,45.95,4.35,110,13.20,2.08,111/3
2023-03-06,6854,103.50,0.00,110,,4.10,111/3
2023-03-06,6873,121.00,1.65,110,36.01,3.53,111/3
2023-03-06,8011,14.85,0.00,110,,0.83,111/3
2023-03-06,8016,233.00,13.73,110,5.55,2.52,111/3
2023-03-06,8021,30.05,7.65,110,12.84,0.91,111/4
2023-03-06,8028,57.70,1.39,110,27.09,2.94,111/4
2023-03-06,8033,61.50,0.00,110,6150.00,9.43,111/3
2023-03-06,8039,42.60,5.87,110,12.72,1.13,111/4
2023-03-06,8046,261.00,3.83,110,8.69,3.14,111/4
2023-03-06,8070,34.55,5.79,110,9.90,2.05,111/3
2023-03-06,8072,28.80,1.22,110,23.04,1.02,111/3
2023-03-06,8081,177.50,9.01,110,6.46,2.40,111/3
2023-03-06,8101,6.05,0.00,110,1.51,1.19,111/3
2023-03-06,8103,35.75,5.59,110,7.27,0.91,111/3
2023-03-06,8104,40.10,5.01,110,81.84,1.35,111/3
2023-03-06,8105,15.80,0.00,110,9.58,0.90,111/3
2023-03-06,8110,13.55,0.96,110,13.97,0.70,111/3
2023-03-06,8112,41.45,9.65,110,6.93,1.35,111/3
2023-03-06,8114,123.50,3.64,110,9.68,2.45,111/3
2023-03-06,8131,43.35,5.77,110,9.32,1.51,111/4
2023-03-06,8150,37.00,11.62,110,7.97,1.08,111/4
2023-03-06,8163,41.95,7.15,110,9.76,1.14,111/3
2023-03-06,8201,11.75,0.00,110,,1.19,111/3
2023-03-06,8210,89.20,3.36,110,10.80,2.24,111/3
2023-03-06,8213,39.90,12.53,110,5.16,0.74,111/3
2023-03-06,8215,37.90,3.96,110,9.38,2.01,111/4
2023-03-06,8222,34.15,0.00,110,121.96,3.04,111/4
2023-03-06,8249,29.25,4.41,110,11.79,1.06,111/3
2023-03-06,8261,111.50,5.38,110,14.54,2.39,111/4
2023-03-06,8271,48.80,5.92,110,10.70,1.44,111/4
2023-03-06,8341,168.50,4.75,110,21.83,5.86,111/4
2023-03-06,8367,47.20,5.93,110,15.68,1.42,111/3
2023-03-06,8374,29.55,3.05,110,42.21,1.62,111/4
2023-03-06,8404,28.25,8.85,110,10.74,1.53,111/3
2023-03-06,8411,14.80,2.70,110,,0.49,111/3
2023-03-06,8422,189.50,5.28,110,17.31,3.66,111/3
2023-03-06,8429,11.10,0.00,110,,0.33,111/3
2023-03-06,8438,25.55,7.83,110,17.87,1.05,111/4
2023-03-06,8442,82.60,1.21,110,9.13,2.20,111/3
2023-03-06,8443,11.70,0.00,110,,0.88,111/3
2023-03-06,8454,811.00,1.73,110,51.59,18.05,111/4
2023-03-06,8462,140.00,0.92,110,157.30,6.54,111/4
2023-03-06,8463,24.15,0.00,110,,1.76,111/3
2023-03-06,8464,337.50,3.26,110,16.12,4.88,111/3
2023-03-06,8466,40.85,1.71,110,14.18,1.00,111/3
2023-03-06,8467,56.80,0.88,110,7.11,1.59,111/3
2023-03-06,8473,31.95,2.66,110,,0.85,111/3
2023-03-06,8478,407.50,1.23,110,22.30,8.09,111/3
2023-03-06,8481,59.00,11.02,110,11.39,2.30,111/3
2023-03-06,8482,74.60,7.87,110,8.32,2.22,111/3
2023-03-06,8488,16.00,1.88,110,,0.43,111/3
2023-03-06,8499,106.50,7.51,110,7.05,1.52,111/3
2023-03-06,8926,37.35,4.69,110,42.93,1.99,111/3
2023-03-06,8940,27.35,0.00,110,78.14,3.08,111/4
2023-03-06,8996,235.00,0.64,110,91.09,10.71,111/3
2023-03-06,9802,135.00,3.09,110,7.56,2.03,111/4
2023-03-06,9902,13.50,3.70,110,,1.09,111/3
2023-03-06,9904,34.00,4.41,110,5.78,1.38,111/3
2023-03-06,9905,25.10,5.98,110,16.09,1.03,111/3
2023-03-06,9906,51.50,1.28,110,9.02,3.20,111/3
2023-03-06,9907,18.65,5.36,110,10.66,1.41,111/3
2023-03-06,9908,31.25,3.52,110,18.71,1.30,111/3
2023-03-06,9910,183.50,2.23,110,17.99,6.70,111/3
2023-03-06,9911,64.40,5.59,110,13.47,2.58,111/3
2023-03-06,9912,10.10,0.00,110,72.14,1.25,111/3
2023-03-06,9914,181.50,4.41,110,12.12,2.61,111/3
2023-03-06,9917,103.00,4.85,110,17.46,4.01,111/3
2023-03-06,9918,42.20,4.03,110,34.88,2.56,111/3
2023-03-06,9919,17.70,1.69,110,,1.40,111/3
2023-03-06,9921,203.50,4.91,110,11.34,2.53,111/3
2023-03-06,9924,43.90,5.47,110,8.94,1.27,111/3
2023-03-06,9925,40.50,4.94,110,15.82,1.51,111/3
2023-03-06,9926,52.00,3.85,110,20.47,2.70,111/3
2023-03-06,9927,40.25,11.18,110,9.09,1.14,111/3
2023-03-06,9928,20.10,0.00,110,402.00,2.91,111/3
2023-03-06,9929,9.28,0.00,110,,1.08,111/3
2023-03-06,9930,47.70,5.24,110,15.69,2.01,111/4
2023-03-06,9931,39.50,3.54,110,19.36,1.92,111/3
2023-03-06,9933,45.10,5.01,110,14.05,2.05,111/3
2023-03-06,9934,13.10,0.00,110,,1.00,111/3
2023-03-06,9935,19.10,2.67,110,16.05,1.40,111/3
2023-03-06,9937,60.60,3.47,110,25.25,3.63,111/3
2023-03-06,9938,61.70,5.67,110,9.86,1.54,111/3
2023-03-06,9939,101.50,4.24,110,13.08,1.93,111/3
2023-03-06,9940,28.65,9.77,110,12.68,1.81,111/3
2023-03-06,9941,178.50,4.03,110,18.14,3.30,111/3
2023-03-06,9942,122.00,4.10,110,17.48,3.06,111/3
2023-03-06,9943,68.40,0.73,110,16.76,2.44,111/3
2023-03-06,9944,20.45,4.89,110,4.20,0.66,111/3
2023-03-06,9945,43.45,16.11,110,5.72,4.34,111/3
2023-03-06,9946,12.10,5.62,110,28.14,0.61,111/4
2023-03-06,9955,21.05,0.00,110,,1.52,111/3
2023-03-06,9958,103.00,2.90,110,34.45,3.34,111/3
