date,stock_id,close,yield_pct,dividend_year,per,pbr,fs_quarter
2023-10-31,1101,32.25,1.55,111,26.43,1.10,112/2
2023-10-31,1102,40.00,5.75,111,11.94,0.88,112/2
2023-10-31,1103,17.80,2.81,111,36.33,0.51,112/2
2023-10-31,1104,25.35,7.10,111,8.86,0.76,112/2
2023-10-31,1108,13.40,5.97,111,7.88,1.13,112/2
2023-10-31,1109,17.50,4.57,111,8.79,0.77,112/2
2023-10-31,1110,18.15,0.55,111,37.04,1.17,112/2
2023-10-31,1201,18.50,1.30,111,43.02,1.30,112/2
2023-10-31,1203,43.05,2.56,111,16.69,1.87,112/2
2023-10-31,1210,50.80,2.95,111,14.51,2.00,112/2
2023-10-31,1213,0.00,0.00,111,,1.30,112/2
2023-10-31,1215,90.50,3.87,111,15.13,3.15,112/2
2023-10-31,1216,67.90,4.64,111,20.03,3.27,112/2
2023-10-31,1217,11.65,3.43,111,17.39,0.84,112/2
2023-10-31,1218,20.10,2.84,111,1.88,0.82,112/2
2023-10-31,1219,18.75,4.27,111,49.34,1.38,112/2
2023-10-31,1220,13.50,1.48,111,103.85,1.08,112/2
2023-10-31,1225,53.30,3.75,111,95.18,3.59,112/2
2023-10-31,1227,37.75,3.42,111,29.26,2.05,112/2
2023-10-31,1229,61.90,3.23,111,25.58,2.32,112/2
2023-10-31,1231,87.30,2.98,111,23.66,3.83,112/2
2023-10-31,1232,141.00,4.26,111,20.09,4.45,112/3
2023-10-31,1233,34.75,2.45,111,34.07,2.19,112/2
2023-10-31,1234,38.25,4.71,111,15.74,0.85,112/2
2023-10-31,1235,79.50,2.77,111,19.44,1.68,112/2
2023-10-31,1236,24.85,4.02,111,108.04,1.06,112/2
2023-10-31,1256,223.00,2.91,111,13.95,2.11,112/2
2023-10-31,1301,77.00,5.45,111,256.67,1.43,112/2
2023-10-31,1303,61.90,4.85,111,108.60,1.40,112/2
2023-10-31,1304,19.25,3.64,111,34.38,0.88,112/2
2023-10-31,1305,21.35,1.41,111,,1.31,112/2
2023-10-31,1307,23.35,3.43,111,16.92,1.08,112/2
2023-10-31,1308,23.55,5.10,111,16.35,1.03,112/2
2023-10-31,1309,16.50,3.03,111,,0.96,112/2
2023-10-31,1310,15.40,1.30,111,,1.31,112/2
2023-10-31,1312,15.80,3.16,111,,0.47,112/2
2023-10-31,1313,14.75,1.36,111,,0.70,112/2
2023-10-31,1314,10.15,0.00,111,,0.49,112/2
2023-10-31,1315,71.00,8.45,111,8.66,0.62,112/2
2023-10-31,1316,10.20,5.39,111,170.00,0.86,112/2
2023-10-31,1319,73.30,3.41,111,18.94,1.83,112/2
2023-10-31,1321,34.75,0.00,111,65.57,1.34,112/2
2023-10-31,1323,31.30,3.51,111,17.99,1.20,112/2
2023-10-31,1324,18.55,1.08,111,57.97,1.47,112/2
2023-10-31,1325,22.20,2.25,111,65.29,0.69,112/2
2023-10-31,1326,60.90,1.56,111,,1.08,112/2
2023-10-31,1337,6.99,0.00,111,,0.41,112/2
2023-10-31,1338,36.25,5.52,111,,0.50,112/2
2023-10-31,1339,59.10,5.08,111,12.90,1.20,112/2
2023-10-31,1340,11.15,0.00,111,,0.40,112/2
2023-10-31,1341,63.00,9.71,111,11.98,2.61,112/2
2023-10-31,1342,110.50,4.86,111,15.18,4.02,112/2
2023-10-31,1402,29.50,4.58,111,26.11,0.74,112/2
2023-10-31,1409,15.05,6.64,111,17.71,0.69,112/2
2023-10-31,1410,37.50,2.13,111,51.37,2.21,112/2
2023-10-31,1413,8.09,0.00,111,,0.92,112/2
2023-10-31,1414,17.40,1.84,111,87.00,1.24,112/2
2023-10-31,1416,10.45,4.78,111,30.74,0.53,112/2
2023-10-31,1417,11.85,3.12,111,19.43,0.85,112/2
2023-10-31,1418,22.25,0.00,111,50.57,1.03,112/2
2023-10-31,1419,44.10,3.40,111,21.20,1.11,112/2
2023-10-31,1423,29.60,0.68,111,67.27,1.34,112/2
2023-10-31,1432,15.75,0.00,111,23.51,1.80,112/2
2023-10-31,1434,25.20,5.95,111,31.11,0.76,112/2
2023-10-31,1435,0.00,0.00,111,,5.41,112/2
2023-10-31,1436,67.50,7.61,111,12.41,2.40,112/2
2023-10-31,1437,29.30,2.73,111,12.31,0.81,112/2
2023-10-31,1438,29.35,3.41,111,,1.40,112/2
2023-10-31,1439,22.65,1.32,111,14.43,0.87,112/2
2023-10-31,1440,14.20,2.46,111,,0.87,112/2
2023-10-31,1441,13.05,0.00,111,,1.68,112/2
2023-10-31,1442,35.05,4.56,111,16.93,2.26,112/2
2023-10-31,1443,28.00,0.00,111,23.14,2.05,112/2
2023-10-31,1444,10.15,3.94,111,,0.88,112/2
2023-10-31,1445,18.70,0.53,111,37.40,1.42,112/2
2023-10-31,1446,37.10,0.54,111,,3.67,112/2
2023-10-31,1447,7.60,0.00,111,,0.68,112/2
2023-10-31,1449,13.75,2.11,111,55.00,0.68,112/2
2023-10-31,1451,18.90,10.58,111,,0.54,112/2
2023-10-31,1452,16.30,4.91,111,77.62,0.82,112/2
2023-10-31,1453,14.10,2.13,111,117.50,1.05,112/2
2023-10-31,1454,15.00,1.67,111,68.18,1.15,112/2
2023-10-31,1455,9.95,1.01,111,,0.83,112/2
2023-10-31,1456,16.40,0.00,111,24.85,0.97,112/2
2023-10-31,1457,17.40,5.75,111,133.85,0.80,112/2
2023-10-31,1459,9.81,0.00,111,,1.12,112/2
2023-10-31,1460,7.41,0.00,111,21.17,0.73,112/2
2023-10-31,1463,16.80,2.38,111,21.00,1.26,112/2
2023-10-31,1464,13.00,7.69,111,30.23,0.99,112/2
2023-10-31,1465,13.05,6.51,111,15.54,0.83,112/2
2023-10-31,1466,10.70,0.00,111,,0.81,112/2
2023-10-31,1467,11.20,0.00,111,,0.94,112/2
2023-10-31,1468,12.80,0.00,111,256.00,1.70,112/2
2023-10-31,1470,0.00,2.41,111,28.69,1.63,112/2
2023-10-31,1471,17.95,0.00,111,,1.87,112/2
2023-10-31,1472,47.25,0.00,111,48.71,1.47,112/2
2023-10-31,1473,31.00,3.23,111,16.94,1.27,112/2
2023-10-31,1474,11.30,3.54,111,,0.74,112/2
2023-10-31,1475,51.40,0.97,111,11.22,2.98,112/2
2023-10-31,1476,514.00,3.31,111,27.22,6.19,112/2
2023-10-31,1477,361.50,4.01,111,24.02,6.40,112/2
2023-10-31,1503,94.70,2.11,111,22.23,1.53,112/2
2023-10-31,1504,46.10,3.25,111,16.64,1.19,112/2
2023-10-31,1506,16.25,0.00,111,43.92,1.82,112/2
2023-10-31,1512,12.30,0.00,111,,3.29,112/2
2023-10-31,1513,93.20,3.55,111,33.29,3.08,112/2
2023-10-31,1514,50.80,2.56,111,22.48,3.08,112/2
2023-10-31,1515,39.80,0.00,111,,2.12,112/2
2023-10-31,1516,16.25,7.75,111,16.25,1.30,112/2
2023-10-31,1517,14.30,6.29,111,13.36,0.84,112/2
2023-10-31,1519,224.00,1.12,111,42.91,13.75,112/2
2023-10-31,1521,35.25,1.99,111,32.64,1.51,112/2
2023-10-31,1522,37.40,4.81,111,14.06,1.49,112/2
2023-10-31,1524,30.15,3.32,111,17.23,2.01,112/2
2023-10-31,1525,74.30,2.83,111,13.84,1.19,112/2
2023-10-31,1526,29.85,11.39,111,7.26,1.27,112/2
2023-10-31,1527,38.85,6.18,111,10.73,1.19,112/2
2023-10-31,1528,10.75,0.93,111,20.28,0.85,112/2
2023-10-31,1529,29.50,1.83,111,27.83,2.45,112/2
2023-10-31,1530,29.50,5.42,111,13.41,0.91,112/2
2023-10-31,1531,13.05,6.13,111,652.50,0.67,112/2
2023-10-31,1532,35.05,3.42,111,19.80,1.06,112/2
2023-10-31,1533,52.50,0.00,111,,2.05,112/2
2023-10-31,1535,51.50,5.83,111,13.59,1.87,112/2
2023-10-31,1536,61.90,2.58,111,24.37,1.98,112/2
2023-10-31,1537,130.00,7.69,111,16.43,2.76,112/2
2023-10-31,1538,13.20,0.00,111,660.00,4.09,112/2
2023-10-31,1539,22.10,11.31,111,12.28,0.94,112/2
2023-10-31,1540,16.25,3.69,111,13.10,1.00,112/2
2023-10-31,1541,29.20,3.42,111,,1.27,112/2
2023-10-31,1558,107.00,5.14,111,29.64,1.35,112/2
2023-10-31,1560,162.50,2.46,111,26.47,3.97,112/3
2023-10-31,1568,32.00,3.44,111,20.65,2.04,112/2
2023-10-31,1582,67.00,4.48,111,20.87,1.57,112/2
2023-10-31,1583,62.60,4.79,111,11.40,1.36,112/2
2023-10-31,1587,22.30,4.48,111,17.56,1.13,112/2
2023-10-31,1589,51.00,0.00,111,,0.67,112/2
2023-10-31,1590,1060.00,1.24,111,34.98,5.49,112/2
2023-10-31,1597,62.10,3.22,111,20.50,2.32,112/2
2023-10-31,1598,31.60,1.58,111,,1.09,112/2
2023-10-31,1603,33.85,1.48,111,13.33,0.89,112/2
2023-10-31,1604,28.00,5.36,111,14.58,1.30,112/2
2023-10-31,1605,34.35,5.24,111,10.50,0.99,112/2
2023-10-31,1608,19.20,2.08,111,10.61,1.12,112/2
2023-10-31,1609,32.00,1.81,111,7.64,1.71,112/2
2023-10-31,1611,15.80,1.90,111,46.47,1.20,112/2
2023-10-31,1612,24.35,6.16,111,14.16,1.08,112/2
2023-10-31,1614,37.70,2.63,111,31.68,1.80,112/2
2023-10-31,1615,37.40,6.68,111,13.17,2.14,112/2
2023-10-31,1616,10.15,0.00,111,20.71,1.11,112/2
2023-10-31,1617,16.25,1.85,111,62.50,1.24,112/2
2023-10-31,1618,26.00,2.31,111,19.26,1.11,112/2
2023-10-31,1626,17.00,5.88,111,,0.78,112/2
2023-10-31,1701,22.95,3.49,111,17.65,0.92,112/2
2023-10-31,1702,49.05,4.08,111,20.78,1.36,112/2
2023-10-31,1707,148.00,4.66,111,15.09,2.40,112/2
2023-10-31,1708,30.35,9.88,111,30.97,1.21,112/2
2023-10-31,1709,20.50,8.78,111,15.77,1.24,112/2
2023-10-31,1710,18.20,1.10,111,18.76,1.28,112/2
2023-10-31,1711,19.25,1.82,111,56.62,1.26,112/2
2023-10-31,1712,36.50,7.67,111,11.27,1.92,112/2
2023-10-31,1713,38.75,2.58,111,15.56,2.20,112/2
2023-10-31,1714,8.40,1.19,111,19.09,0.69,112/2
2023-10-31,1717,27.80,4.32,111,24.60,1.41,112/2
2023-10-31,1718,7.93,0.00,111,,0.49,112/2
2023-10-31,1720,60.40,4.14,111,12.51,2.24,112/2
2023-10-31,1721,16.95,0.59,111,,1.40,112/2
2023-10-31,1722,59.30,4.22,111,13.76,1.08,112/2
2023-10-31,1723,119.00,4.20,111,17.17,3.61,112/2
2023-10-31,1725,20.15,4.96,111,14.60,0.85,112/2
2023-10-31,1726,73.30,4.77,111,14.99,1.27,112/2
2023-10-31,1727,28.20,2.59,111,33.18,1.70,112/2
2023-10-31,1730,56.20,5.34,111,14.95,2.06,112/2
2023-10-31,1731,21.40,5.14,111,16.98,1.44,112/2
2023-10-31,1732,23.10,0.00,111,,2.04,112/2
2023-10-31,1733,26.70,5.24,111,15.71,1.53,112/2
2023-10-31,1734,32.00,3.13,111,20.00,1.83,112/2
2023-10-31,1735,16.60,3.01,111,34.58,1.13,112/2
2023-10-31,1736,65.90,0.91,111,44.83,2.24,112/2
2023-10-31,1737,33.25,4.51,111,16.71,1.04,112/2
2023-10-31,1752,52.30,4.40,111,12.48,2.23,112/2
2023-10-31,1760,113.00,1.77,111,452.00,5.17,112/2
2023-10-31,1762,54.00,2.41,111,10.49,1.26,112/2
2023-10-31,1773,125.50,2.87,111,20.24,3.78,112/3
2023-10-31,1776,16.20,3.70,111,405.00,1.18,112/2
2023-10-31,1783,46.95,2.13,111,20.68,3.02,112/2
2023-10-31,1786,73.30,2.70,111,30.80,3.25,112/2
2023-10-31,1789,26.50,1.36,111,80.30,2.06,112/2
2023-10-31,1795,252.00,1.37,111,14.02,4.28,112/2
2023-10-31,1802,18.25,0.00,111,,1.14,112/2
2023-10-31,1805,13.70,0.00,111,,2.70,112/2
2023-10-31,1806,8.99,0.00,111,,0.65,112/2
2023-10-31,1808,93.90,0.64,111,18.23,5.30,112/2
2023-10-31,1809,13.90,1.80,111,,0.80,112/2
2023-10-31,1810,17.75,1.13,111,887.50,0.82,112/2
2023-10-31,1817,34.95,6.58,111,10.46,1.31,112/2
2023-10-31,1903,51.20,0.00,111,62.44,3.09,112/2
2023-10-31,1904,28.30,3.89,111,36.28,1.13,112/2
2023-10-31,1905,20.80,1.44,111,,1.51,112/2
2023-10-31,1906,15.25,3.28,111,37.20,0.45,112/2
2023-10-31,1907,29.80,3.02,111,31.04,0.91,112/2
2023-10-31,1909,13.85,1.81,111,,0.81,112/2
2023-10-31,2002,24.15,4.14,111,,1.20,112/2
2023-10-31,2006,65.00,5.38,111,11.27,1.59,112/3
2023-10-31,2007,9.26,0.00,111,,0.77,112/2
2023-10-31,2008,20.50,2.59,111,8.33,1.24,112/2
2023-10-31,2009,28.35,1.41,111,70.88,1.62,112/2
2023-10-31,2010,16.15,3.72,111,17.37,0.93,112/2
2023-10-31,2012,21.90,6.85,111,18.88,1.46,112/2
2023-10-31,2013,51.10,3.33,111,21.20,1.99,112/2
2023-10-31,2014,21.55,1.62,111,,1.85,112/2
2023-10-31,2015,62.90,6.36,111,15.01,1.73,112/3
2023-10-31,2017,13.10,6.11,111,,0.93,112/2
2023-10-31,2020,27.95,3.58,111,17.69,1.88,112/2
2023-10-31,2022,11.75,0.00,111,,1.12,112/2
2023-10-31,2023,15.45,1.94,111,,0.99,112/2
2023-10-31,2024,19.40,1.80,111,,1.68,112/2
2023-10-31,2025,7.80,0.00,111,2.63,1.20,112/2
2023-10-31,2027,37.05,11.88,111,11.26,1.06,112/2
2023-10-31,2028,22.60,5.75,111,15.92,1.62,112/2
2023-10-31,2029,23.30,4.42,111,54.19,0.78,112/2
2023-10-31,2030,17.35,8.65,111,61.96,1.01,112/2
2023-10-31,2031,46.60,2.15,111,16.58,1.48,112/2
2023-10-31,2032,15.10,1.32,111,,1.19,112/2
2023-10-31,2033,14.70,0.00,111,,1.16,112/2
2023-10-31,2034,26.25,5.71,111,525.00,1.34,112/2
2023-10-31,2038,16.80,2.98,111,19.31,0.82,112/2
2023-10-31,2049,195.50,2.81,111,23.39,2.03,112/2
2023-10-31,2059,702.00,2.85,111,20.16,4.49,112/2
2023-10-31,2062,22.35,4.47,111,13.97,0.63,112/2
2023-10-31,2069,15.65,6.39,111,,0.69,112/2
2023-10-31,2101,36.60,0.00,111,,2.98,112/2
2023-10-31,2102,17.50,0.00,111,,2.53,112/2
2023-10-31,2103,22.90,4.72,111,27.93,1.02,112/2
2023-10-31,2104,19.10,0.52,111,146.92,0.54,112/2
2023-10-31,2105,44.15,3.17,111,23.48,1.76,112/2
2023-10-31,2106,29.20,3.42,111,,1.41,112/2
2023-10-31,2107,23.35,5.14,111,12.35,0.65,112/2
2023-10-31,2108,34.40,5.81,111,25.67,1.22,112/2
2023-10-31,2109,13.80,6.52,111,11.50,1.17,112/2
2023-10-31,2114,104.00,4.81,111,18.15,2.86,112/2
2023-10-31,2115,30.30,4.29,111,12.37,1.01,112/2
2023-10-31,2201,74.10,1.26,111,,1.45,112/2
2023-10-31,2204,86.70,4.61,111,,1.49,112/2
2023-10-31,2206,66.50,2.71,111,10.36,2.61,112/2
2023-10-31,2207,603.00,0.36,111,,6.05,112/2
2023-10-31,2208,20.15,0.00,111,,2.62,112/2
2023-10-31,2211,70.50,7.09,111,8.67,1.22,112/2
2023-10-31,2227,184.50,3.91,111,29.24,3.22,112/2
2023-10-31,2228,84.40,4.74,111,12.89,1.59,112/2
2023-10-31,2231,131.00,2.14,111,26.79,4.32,112/2
2023-10-31,2233,134.00,4.48,111,16.01,2.48,112/2
2023-10-31,2236,70.10,0.40,111,35.05,2.74,112/2
2023-10-31,2239,55.30,0.83,111,26.84,0.63,112/2
2023-10-31,2241,33.60,0.00,111,,2.33,112/2
2023-10-31,2243,15.95,0.00,111,,1.56,112/2
2023-10-31,2247,305.00,4.92,111,14.45,2.06,112/2
2023-10-31,2250,67.00,4.46,111,28.63,1.25,112/2
2023-10-31,2254,109.00,2.38,111,,9.13,112/2
2023-10-31,2301,100.00,4.50,111,15.41,2.75,112/3
2023-10-31,2302,17.75,4.51,111,21.91,1.70,112/2
2023-10-31,2303,46.20,7.79,111,8.64,1.65,112/3
2023-10-31,2305,24.45,0.00,111,,2.30,112/2
2023-10-31,2308,290.50,3.39,111,22.18,4.26,112/2
2023-10-31,2312,13.90,2.16,111,25.74,1.08,112/2
2023-10-31,2313,52.80,5.11,111,11.16,1.75,112/2
2023-10-31,2314,35.75,0.00,111,,4.45,112/2
2023-10-31,2316,33.60,1.49,111,32.31,0.77,112/2
2023-10-31,2317,96.50,5.49,111,10.73,0.96,112/2
2023-10-31,2321,16.20,0.00,111,,2.16,112/2
2023-10-31,2323,11.15,0.00,111,7.24,0.65,112/2
2023-10-31,2324,28.05,4.28,111,18.58,1.06,112/2
2023-10-31,2327,526.00,1.90,111,11.94,1.73,112/2
2023-10-31,2328,33.95,4.12,111,12.08,1.37,112/2
2023-10-31,2329,41.40,2.05,111,20.20,2.86,112/3
2023-10-31,2330,529.00,2.08,111,14.21,4.30,112/2
2023-10-31,2331,25.60,3.13,111,17.90,1.24,112/2
2023-10-31,2332,18.30,1.20,111,13.46,1.19,112/2
2023-10-31,2337,27.00,6.67,111,,1.02,112/3
2023-10-31,2338,68.00,3.68,111,9.09,3.00,112/2
2023-10-31,2340,44.80,2.23,111,72.26,2.38,112/2
2023-10-31,2342,33.15,6.03,111,25.31,2.11,112/2
2023-10-31,2344,24.95,4.01,111,38.98,1.12,112/2
2023-10-31,2345,498.50,1.50,111,30.60,13.56,112/2
2023-10-31,2347,68.70,5.09,111,8.04,1.79,112/2
2023-10-31,2348,80.00,6.25,111,13.86,2.07,112/2
2023-10-31,2349,7.89,0.00,111,,0.97,112/2
2023-10-31,2351,100.50,3.18,111,21.99,2.84,112/2
2023-10-31,2352,42.35,4.72,111,10.30,2.05,112/2
2023-10-31,2353,34.10,4.40,111,34.80,1.45,112/2
2023-10-31,2354,52.40,3.05,111,16.43,0.74,112/2
2023-10-31,2355,34.75,2.45,111,23.80,0.89,112/2
2023-10-31,2356,40.20,3.73,111,26.62,2.53,112/2
2023-10-31,2357,338.00,4.44,111,76.82,1.14,112/2
2023-10-31,2358,11.35,0.00,111,,0.90,112/2
2023-10-31,2359,33.60,4.46,111,10.34,1.15,112/2
2023-10-31,2360,218.00,3.67,111,20.32,4.63,112/2
2023-10-31,2362,31.30,4.79,111,22.85,0.45,112/2
2023-10-31,2363,49.80,2.01,111,64.68,2.10,112/2
2023-10-31,2364,138.50,1.81,111,31.69,8.45,112/2
2023-10-31,2365,11.60,1.72,111,34.12,0.87,112/2
2023-10-31,2367,18.50,1.62,111,43.02,1.23,112/2
2023-10-31,2368,176.00,1.99,111,24.18,6.25,112/2
2023-10-31,2369,21.15,1.42,111,,1.44,112/2
2023-10-31,2371,35.80,0.00,111,8.80,1.56,112/2
2023-10-31,2373,74.00,6.35,111,11.97,2.48,112/2
2023-10-31,2374,22.50,2.00,111,54.88,1.05,112/2
2023-10-31,2375,61.60,2.44,111,17.75,0.76,112/2
2023-10-31,2376,217.50,2.85,111,31.39,4.08,112/2
2023-10-31,2377,165.00,4.00,111,21.13,2.97,112/2
2023-10-31,2379,401.50,6.72,111,19.17,5.43,112/2
2023-10-31,2380,9.14,0.00,111,,1.81,112/2
2023-10-31,2382,189.00,3.17,111,20.91,4.41,112/2
2023-10-31,2383,359.00,2.34,111,25.23,4.93,112/3
2023-10-31,2385,124.50,6.02,111,12.68,2.65,112/2
2023-10-31,2387,49.40,7.09,111,6.39,1.11,112/2
2023-10-31,2388,119.00,0.13,111,258.70,4.56,112/2
2023-10-31,2390,15.10,0.00,111,,1.13,112/2
2023-10-31,2392,38.45,5.72,111,16.16,0.81,112/2
2023-10-31,2393,44.30,5.64,111,15.12,1.10,112/2
2023-10-31,2395,331.50,3.32,111,25.64,6.16,112/3
2023-10-31,2397,63.80,6.27,111,13.24,2.40,112/2
2023-10-31,2399,23.55,0.00,111,123.95,1.83,112/2
2023-10-31,2401,30.10,1.99,111,,2.03,112/2
2023-10-31,2402,32.60,3.04,111,25.27,1.66,112/2
2023-10-31,2404,240.00,6.25,111,9.08,4.47,112/2
2023-10-31,2405,16.25,1.23,111,325.00,1.52,112/2
2023-10-31,2406,16.70,0.00,111,,1.41,112/2
2023-10-31,2408,64.70,3.29,111,,1.16,112/2
2023-10-31,2409,15.60,5.13,111,,0.74,112/2
2023-10-31,2412,116.00,4.05,111,24.12,2.47,112/2
2023-10-31,2413,23.65,2.11,111,12.19,1.50,112/2
2023-10-31,2414,32.30,7.74,111,12.38,1.83,112/2
2023-10-31,2415,25.80,2.52,111,,1.48,112/2
2023-10-31,2417,32.80,0.61,111,,1.52,112/2
2023-10-31,2419,29.80,5.03,111,56.23,1.89,112/3
2023-10-31,2420,45.40,7.71,111,11.10,2.03,112/2
2023-10-31,2421,87.00,2.99,111,16.23,3.98,112/2
2023-10-31,2423,34.30,5.83,111,12.61,1.99,112/2
2023-10-31,2424,33.30,0.00,111,,6.45,112/2
2023-10-31,2425,43.50,1.84,111,17.13,2.04,112/2
2023-10-31,2426,18.00,0.00,111,,1.40,112/2
2023-10-31,2427,28.50,1.23,111,26.15,2.09,112/2
2023-10-31,2428,136.50,3.96,111,14.80,2.03,112/2
2023-10-31,2429,18.50,0.00,111,,3.66,112/2
2023-10-31,2430,38.55,10.38,111,11.27,1.02,112/2
2023-10-31,2431,10.80,0.93,111,,0.86,112/2
2023-10-31,2432,40.50,4.07,111,20.77,2.32,112/2
2023-10-31,2433,51.20,7.03,111,13.33,2.04,112/2
2023-10-31,2434,35.00,0.00,111,,2.71,112/2
2023-10-31,2436,64.30,1.87,111,123.65,3.63,112/2
2023-10-31,2438,22.70,0.00,111,,2.46,112/2
2023-10-31,2439,88.60,5.05,111,16.11,1.58,112/3
2023-10-31,2440,12.30,0.00,111,,1.32,112/2
2023-10-31,2441,58.20,6.36,111,18.07,1.61,112/3
2023-10-31,2442,19.20,0.89,111,29.09,1.20,112/2
2023-10-31,2443,3.07,0.00,111,2.38,0.91,112/2
2023-10-31,2444,12.90,0.00,111,26.33,1.37,112/2
2023-10-31,2449,76.30,4.59,111,16.27,2.66,112/2
2023-10-31,2450,35.95,6.12,111,12.66,1.52,112/2
2023-10-31,2451,73.40,7.63,111,27.08,1.76,112/2
2023-10-31,2453,47.90,4.59,111,17.29,2.44,112/2
2023-10-31,2454,842.00,9.03,111,16.29,3.68,112/2
2023-10-31,2455,147.00,1.56,111,90.74,9.31,112/3
2023-10-31,2457,52.50,0.00,111,80.77,3.09,112/2
2023-10-31,2458,144.00,4.26,111,29.88,5.14,112/2
2023-10-31,2459,56.40,6.74,111,10.43,1.20,112/2
2023-10-31,2460,27.75,0.00,111,,2.10,112/2
2023-10-31,2461,22.90,7.77,111,17.22,1.34,112/2
2023-10-31,2462,38.45,1.56,111,20.13,2.02,112/2
2023-10-31,2464,36.85,4.88,111,37.99,1.81,112/2
2023-10-31,2465,52.50,0.00,111,,8.28,112/2
2023-10-31,2466,37.00,0.51,111,1233.33,3.32,112/2
2023-10-31,2467,44.35,8.12,111,12.18,2.29,112/2
2023-10-31,2468,28.70,2.09,111,28.42,1.68,112/2
2023-10-31,2471,49.50,5.72,111,13.03,2.83,112/2
2023-10-31,2472,54.50,6.40,111,9.14,1.38,112/2
2023-10-31,2474,181.50,5.51,111,11.54,0.77,112/2
2023-10-31,2476,53.10,4.33,111,13.48,1.82,112/2
2023-10-31,2477,19.00,4.21,111,37.25,0.77,112/2
2023-10-31,2478,44.50,4.49,111,15.95,1.02,112/2
2023-10-31,2480,112.50,5.56,111,15.22,3.88,112/3
2023-10-31,2481,59.60,5.03,111,22.58,1.76,112/2
2023-10-31,2482,38.60,3.89,111,9.80,2.46,112/2
2023-10-31,2483,23.30,4.29,111,32.36,1.01,112/2
2023-10-31,2484,29.80,7.38,111,9.11,1.24,112/2
2023-10-31,2485,23.80,0.00,111,91.54,1.23,112/2
2023-10-31,2486,46.35,0.86,111,74.76,2.54,112/2
2023-10-31,2488,38.15,6.55,111,9.21,1.36,112/2
2023-10-31,2489,11.40,0.00,111,9.66,0.65,112/2
2023-10-31,2491,13.60,0.00,111,,1.38,112/2
2023-10-31,2492,104.50,2.30,111,44.28,1.12,112/2
2023-10-31,2493,70.30,5.69,111,12.40,3.05,112/2
2023-10-31,2495,18.65,3.22,111,21.19,1.25,112/2
2023-10-31,2496,54.80,6.02,111,11.86,1.33,112/2
2023-10-31,2497,62.50,1.12,111,26.15,3.77,112/2
2023-10-31,2498,44.10,0.00,111,,1.46,112/2
2023-10-31,2501,15.20,3.29,111,8.44,0.72,112/2
2023-10-31,2504,25.20,7.94,111,10.04,1.30,112/2
2023-10-31,2505,18.00,0.00,111,36.73,0.69,112/2
2023-10-31,2506,9.06,3.31,111,,0.45,112/2
2023-10-31,2509,15.20,0.00,111,,0.82,112/2
2023-10-31,2511,10.65,4.69,111,19.36,0.68,112/2
2023-10-31,2514,15.70,0.00,111,11.80,0.51,112/2
2023-10-31,2515,11.70,4.53,111,29.25,0.81,112/2
2023-10-31,2516,9.19,0.00,111,,1.41,112/2
2023-10-31,2520,34.15,5.12,111,10.67,1.01,112/2
2023-10-31,2524,30.55,0.00,111,16.16,0.65,112/2
2023-10-31,2527,22.65,4.42,111,61.22,0.61,112/2
2023-10-31,2528,27.35,1.83,111,27.63,1.96,112/2
2023-10-31,2530,27.00,1.52,111,60.00,2.29,112/2
2023-10-31,2534,17.95,9.75,111,5.23,0.59,112/2
2023-10-31,2535,38.30,6.53,111,10.16,1.37,112/2
2023-10-31,2536,27.05,1.85,111,,0.80,112/2
2023-10-31,2537,7.72,0.00,111,,0.57,112/2
2023-10-31,2538,15.05,3.32,111,9.35,1.06,112/2
2023-10-31,2539,43.50,4.11,111,27.88,3.12,112/2
2023-10-31,2540,79.50,5.03,111,29.66,2.92,112/2
2023-10-31,2542,40.70,3.69,111,15.78,1.49,112/2
2023-10-31,2543,19.10,1.57,111,30.32,1.72,112/2
2023-10-31,2545,38.55,11.93,111,44.83,1.20,112/2
2023-10-31,2546,72.80,6.18,111,6.59,2.00,112/2
2023-10-31,2547,8.74,0.00,111,,0.72,112/2
2023-10-31,2548,91.60,8.19,111,14.89,1.36,112/2
2023-10-31,2597,99.50,10.05,111,9.77,3.72,112/2
2023-10-31,2601,8.08,0.00,111,,0.64,112/2
2023-10-31,2603,107.50,65.12,111,1.62,0.54,112/2
2023-10-31,2605,21.60,2.31,111,34.29,0.79,112/2
2023-10-31,2606,44.30,6.77,111,10.91,1.15,112/2
2023-10-31,2607,29.85,4.19,111,10.12,1.04,112/2
2023-10-31,2608,37.10,4.45,111,10.03,1.46,112/2
2023-10-31,2609,42.10,47.51,111,2.17,0.53,112/2
2023-10-31,2610,19.35,2.38,111,29.32,1.62,112/2
2023-10-31,2611,12.25,0.00,111,15.91,0.90,112/2
2023-10-31,2612,39.15,5.57,111,12.47,0.67,112/2
2023-10-31,2613,20.00,5.25,111,50.00,0.89,112/2
2023-10-31,2614,21.85,0.00,111,,2.84,112/2
2023-10-31,2615,46.20,10.82,111,7.26,0.62,112/2
2023-10-31,2616,30.35,5.27,111,28.63,0.82,112/2
2023-10-31,2617,27.40,8.03,111,11.23,0.75,112/2
2023-10-31,2618,27.40,2.92,111,11.86,1.56,112/2
2023-10-31,2630,31.50,1.14,111,,2.64,112/2
2023-10-31,2633,29.40,2.28,111,24.71,2.46,112/2
2023-10-31,2634,48.55,2.22,111,21.58,2.83,112/2
2023-10-31,2636,72.90,13.96,111,7.59,1.17,112/2
2023-10-31,2637,41.70,15.59,111,6.19,0.69,112/2
2023-10-31,2642,39.30,3.82,111,32.75,1.62,112/2
2023-10-31,2645,93.90,4.26,111,20.68,2.90,112/2
2023-10-31,2701,12.05,2.07,111,29.39,0.64,112/2
2023-10-31,2702,19.35,3.62,111,8.56,0.91,112/2
2023-10-31,2704,47.30,1.06,111,9.73,0.77,112/2
2023-10-31,2705,16.70,0.00,111,,0.67,112/2
2023-10-31,2706,14.55,2.41,111,29.10,0.74,112/2
2023-10-31,2707,202.00,4.46,111,20.28,6.60,112/2
2023-10-31,2712,33.45,0.27,111,45.20,2.87,112/2
2023-10-31,2722,43.00,2.79,111,26.88,2.45,112/2
2023-10-31,2723,97.20,2.57,111,21.70,1.63,112/2
2023-10-31,2727,239.00,2.03,111,14.57,4.86,112/2
2023-10-31,2731,126.50,0.00,111,575.00,4.39,112/2
2023-10-31,2739,37.00,0.00,111,48.68,4.43,112/2
2023-10-31,2748,63.20,2.01,111,23.15,2.56,112/2
2023-10-31,2753,167.50,4.48,111,17.97,3.44,112/2
2023-10-31,2801,17.15,4.66,111,14.29,1.03,112/2
2023-10-31,2809,37.15,2.96,111,7.36,0.89,112/3
2023-10-31,2812,14.70,4.90,111,12.67,1.03,112/2
2023-10-31,2816,35.65,0.00,111,31.00,1.41,112/2
2023-10-31,2820,14.25,3.51,111,15.83,0.84,112/2
2023-10-31,2832,24.15,4.14,111,10.45,0.83,112/2
2023-10-31,2834,12.75,2.67,111,8.44,0.91,112/2
2023-10-31,2836,11.65,0.00,111,17.39,0.84,112/2
2023-10-31,2838,13.20,4.55,111,10.23,0.77,112/2
2023-10-31,2845,11.50,3.57,111,11.50,0.83,112/2
2023-10-31,2849,14.05,2.85,111,,0.85,112/2
2023-10-31,2850,66.70,3.81,111,9.46,1.33,112/2
2023-10-31,2851,22.45,0.00,111,13.86,0.99,112/2
2023-10-31,2852,16.85,4.27,111,9.11,0.65,112/2
2023-10-31,2855,17.40,2.24,111,10.06,0.82,112/2
2023-10-31,2867,5.04,0.00,111,,0.61,112/2
2023-10-31,2880,20.30,2.91,111,14.00,1.45,112/2
2023-10-31,2881,60.10,2.50,111,41.16,1.13,112/2
2023-10-31,2882,43.90,2.05,111,33.77,1.01,112/2
2023-10-31,2883,11.30,0.00,111,16.14,0.85,112/2
2023-10-31,2884,23.85,2.39,111,18.78,1.62,112/2
2023-10-31,2885,24.30,3.91,111,12.21,1.14,112/2
2023-10-31,2886,36.70,3.60,111,17.56,1.64,112/2
2023-10-31,2887,17.25,5.39,111,11.73,1.08,112/2
2023-10-31,2888,8.69,0.00,111,,0.58,112/2
2023-10-31,2889,11.50,0.00,111,24.47,1.03,112/2
2023-10-31,2890,17.85,4.48,111,12.14,1.25,112/2
2023-10-31,2891,24.35,4.11,111,13.68,1.21,112/2
2023-10-31,2892,25.90,4.25,111,14.55,1.45,112/2
2023-10-31,2897,9.32,4.08,111,5.12,0.73,112/2
2023-10-31,2901,26.30,0.80,111,93.93,2.22,112/2
2023-10-31,2903,23.95,4.59,111,11.51,1.06,112/2
2023-10-31,2904,18.65,3.49,111,13.81,1.22,112/2
2023-10-31,2905,12.60,0.00,111,,0.82,112/2
2023-10-31,2906,15.90,3.77,111,35.33,1.07,112/2
2023-10-31,2908,20.05,6.38,111,32.87,1.53,112/2
2023-10-31,2910,27.50,0.00,111,28.95,1.94,112/2
2023-10-31,2911,6.61,0.00,111,,1.16,112/2
2023-10-31,2912,257.50,3.50,111,26.68,8.15,112/2
2023-10-31,2913,19.80,0.00,111,,1.22,112/2
2023-10-31,2915,57.20,3.50,111,9.24,0.67,112/2
2023-10-31,2923,22.85,2.63,111,,0.84,112/2
2023-10-31,2929,11.20,0.00,111,8.68,0.44,112/2
2023-10-31,2939,30.30,0.00,111,,1.54,112/2
2023-10-31,2945,39.50,1.85,111,36.57,1.50,112/2
2023-10-31,3002,13.05,1.15,111,93.21,1.07,112/2
2023-10-31,3003,66.80,2.99,111,15.46,1.73,112/2
2023-10-31,3004,86.50,1.18,111,16.63,2.09,112/3
2023-10-31,3005,72.30,5.23,111,12.32,2.28,112/2
2023-10-31,3006,83.90,2.15,111,,2.20,112/3
2023-10-31,3008,2070.00,4.13,111,14.43,1.77,112/2
2023-10-31,3010,94.30,6.47,111,10.91,1.32,112/2
2023-10-31,3011,35.95,0.00,111,,4.11,112/2
2023-10-31,3013,42.00,0.71,111,29.79,2.72,112/2
2023-10-31,3014,162.50,3.69,111,20.16,4.76,112/2
2023-10-31,3015,47.75,7.96,111,13.53,0.61,112/2
2023-10-31,3016,57.20,3.50,111,45.40,3.44,112/2
2023-10-31,3017,283.50,1.76,111,24.01,5.84,112/2
2023-10-31,3018,7.47,0.00,111,,7.47,112/2
2023-10-31,3019,60.50,3.14,111,19.15,1.39,112/2
2023-10-31,3021,21.25,3.29,111,11.81,1.38,112/2
2023-10-31,3022,68.50,5.11,111,7.38,1.28,112/2
2023-10-31,3023,277.00,3.05,111,20.22,4.95,112/3
2023-10-31,3024,15.70,1.40,111,47.58,1.56,112/2
2023-10-31,3025,44.10,2.27,111,32.19,3.65,112/2
2023-10-31,3026,94.90,5.80,111,15.43,1.57,112/2
2023-10-31,3027,35.85,0.73,111,149.38,1.95,112/2
2023-10-31,3028,31.50,9.24,111,14.00,1.26,112/2
2023-10-31,3029,60.50,5.95,111,14.17,2.35,112/3
2023-10-31,3030,60.10,7.49,111,11.07,2.13,112/2
2023-10-31,3031,16.45,5.17,111,18.91,1.00,112/2
2023-10-31,3032,64.40,3.14,111,15.08,2.72,112/2
2023-10-31,3033,26.90,11.41,111,12.01,1.38,112/2
2023-10-31,3034,454.50,8.14,111,12.55,4.49,112/3
2023-10-31,3035,302.00,1.66,111,41.83,8.35,112/3
2023-10-31,3036,118.50,3.63,111,24.74,2.14,112/2
2023-10-31,3037,143.00,5.59,111,13.27,2.45,112/3
2023-10-31,3038,27.70,5.78,111,9.33,1.79,112/2
2023-10-31,3040,29.60,6.76,111,22.77,1.32,112/2
2023-10-31,3041,23.80,0.00,111,,1.61,112/2
2023-10-31,3042,95.90,7.30,111,14.85,2.73,112/2
2023-10-31,3043,34.90,0.00,111,12.25,2.79,112/2
2023-10-31,3044,165.00,4.52,111,16.05,2.19,112/2
2023-10-31,3045,95.80,4.49,111,24.44,4.63,112/2
2023-10-31,3046,61.80,2.43,111,20.60,5.40,112/2
2023-10-31,3047,13.60,7.21,111,17.89,1.15,112/2
2023-10-31,3048,23.25,8.60,111,32.29,1.26,112/2
2023-10-31,3049,9.11,0.00,111,,0.76,112/2
2023-10-31,3050,15.30,3.27,111,15.61,0.94,112/2
2023-10-31,3051,31.15,3.85,111,30.54,2.28,112/2
2023-10-31,3052,11.10,5.41,111,9.74,0.69,112/2
2023-10-31,3054,20.50,0.00,111,,2.15,112/3
2023-10-31,3055,37.10,2.70,111,9.16,1.63,112/2
2023-10-31,3056,25.75,31.84,111,2.94,0.92,112/2
2023-10-31,3057,11.20,0.00,111,,1.26,112/2
2023-10-31,3058,19.00,0.00,111,126.67,2.10,112/2
2023-10-31,3059,33.65,2.97,111,23.37,1.08,112/2
2023-10-31,3060,19.50,1.54,111,,1.05,112/2
2023-10-31,3062,22.90,0.00,111,,1.55,112/2
2023-10-31,3090,55.60,9.89,111,9.19,2.04,112/2
2023-10-31,3092,34.75,2.30,111,,1.66,112/2
2023-10-31,3094,37.10,2.70,111,46.96,3.01,112/2
2023-10-31,3130,199.50,6.73,111,16.09,4.63,112/2
2023-10-31,3138,145.50,2.41,111,19.53,4.40,112/2
2023-10-31,3149,16.50,0.00,111,,2.57,112/2
2023-10-31,3164,22.85,3.06,111,60.13,1.54,112/2
2023-10-31,3167,45.10,5.10,111,,1.75,112/2
2023-10-31,3189,94.80,6.84,111,12.76,1.37,112/2
2023-10-31,3209,33.60,10.65,111,10.98,1.76,112/2
2023-10-31,3229,14.45,0.00,111,,1.48,112/2
2023-10-31,3231,89.40,2.91,111,22.75,2.67,112/2
2023-10-31,3257,67.30,1.49,111,48.07,3.56,112/2
2023-10-31,3266,13.40,3.73,111,335.00,0.90,112/2
2023-10-31,3296,15.30,0.00,111,,1.29,112/2
2023-10-31,3305,58.50,3.40,111,53.67,1.67,112/2
2023-10-31,3308,39.25,0.00,111,5.82,2.48,112/2
2023-10-31,3311,36.70,1.63,111,23.68,0.97,112/2
2023-10-31,3312,19.00,10.53,111,9.64,1.26,112/2
2023-10-31,3321,15.55,0.00,111,,2.41,112/3
2023-10-31,3338,59.90,3.34,111,23.40,2.82,112/3
2023-10-31,3346,49.05,0.57,111,20.44,1.88,112/2
2023-10-31,3356,40.00,3.50,111,13.79,1.86,112/2
2023-10-31,3376,92.50,6.49,111,14.10,1.16,112/2
2023-10-31,3380,35.35,4.78,111,20.09,1.95,112/2
2023-10-31,3406,380.50,3.15,111,14.68,2.34,112/2
2023-10-31,3413,182.50,7.56,111,8.00,1.69,112/2
2023-10-31,3416,113.00,4.21,111,16.19,3.16,112/2
2023-10-31,3419,18.50,1.08,111,61.67,1.55,112/2
2023-10-31,3432,11.05,0.00,111,,1.67,112/2
2023-10-31,3437,17.70,0.00,111,,1.03,112/2
2023-10-31,3443,1435.00,0.98,111,46.43,21.40,112/3
2023-10-31,3447,40.35,5.70,111,23.32,2.58,112/3
2023-10-31,3450,57.80,0.87,111,5780.00,2.20,112/2
2023-10-31,3454,133.00,4.14,111,17.76,3.31,112/3
2023-10-31,3481,12.15,0.00,111,,0.49,112/2
2023-10-31,3494,6.24,0.00,111,,1.75,112/2
2023-10-31,3501,48.65,8.22,111,8.22,0.92,112/2
2023-10-31,3504,55.00,0.00,111,,2.01,112/3
2023-10-31,3515,180.00,4.44,111,45.23,2.89,112/2
2023-10-31,3518,30.85,1.62,111,79.10,1.84,112/2
2023-10-31,3528,50.30,8.15,111,13.45,1.85,112/2
2023-10-31,3530,91.40,0.00,111,,2.89,112/2
2023-10-31,3532,155.50,4.69,111,13.65,2.53,112/2
2023-10-31,3533,823.00,3.06,111,15.72,3.72,112/2
2023-10-31,3535,18.25,5.48,111,18.07,1.31,112/2
2023-10-31,3543,20.25,4.94,111,69.83,0.67,112/2
2023-10-31,3545,80.60,0.62,111,,1.92,112/2
2023-10-31,3550,15.20,3.29,111,,0.76,112/2
2023-10-31,3557,57.60,13.89,111,10.29,2.12,112/2
2023-10-31,3563,179.50,5.57,111,18.24,2.07,112/2
2023-10-31,3576,14.90,0.67,111,,1.49,112/2
2023-10-31,3583,181.00,1.99,111,24.43,3.96,112/2
2023-10-31,3588,67.00,1.81,111,,2.42,112/2
2023-10-31,3591,23.50,1.23,111,167.86,1.19,112/2
2023-10-31,3592,358.50,11.44,111,17.74,2.60,112/2
2023-10-31,3593,11.50,0.00,111,,2.23,112/2
2023-10-31,3596,154.00,4.22,111,14.97,2.51,112/2
2023-10-31,3605,28.30,1.94,111,,0.72,112/2
2023-10-31,3607,14.15,7.07,111,,0.96,112/2
2023-10-31,3617,195.00,2.82,111,11.94,2.75,112/2
2023-10-31,3622,38.50,3.90,111,14.26,0.98,112/2
2023-10-31,3645,38.25,1.57,111,,1.80,112/2
2023-10-31,3652,27.30,2.45,111,35.45,1.14,112/2
2023-10-31,3653,575.00,2.03,111,31.52,7.95,112/2
2023-10-31,3661,2625.00,0.50,111,83.65,13.68,112/2
2023-10-31,3665,251.50,3.97,111,12.80,1.76,112/2
2023-10-31,3669,46.90,3.05,111,16.46,1.54,112/2
2023-10-31,3673,32.05,1.56,111,34.46,0.35,112/2
2023-10-31,3679,96.70,10.34,111,12.15,1.35,112/3
2023-10-31,3682,6.79,0.00,111,,1.37,112/2
2023-10-31,3686,13.75,0.00,111,,1.47,112/2
2023-10-31,3694,31.40,0.00,111,11.42,1.72,112/2
2023-10-31,3701,66.20,0.74,111,34.30,4.35,112/2
2023-10-31,3702,71.60,5.38,111,18.74,1.70,112/2
2023-10-31,3703,26.90,9.29,111,14.78,0.87,112/2
2023-10-31,3704,54.60,2.27,111,10.90,2.14,112/2
2023-10-31,3705,44.25,5.20,111,16.45,1.71,112/2
2023-10-31,3706,36.75,3.54,111,4.87,0.81,112/2
2023-10-31,3708,86.20,5.80,111,5.77,1.24,112/2
2023-10-31,3711,113.50,7.74,111,10.45,1.75,112/2
2023-10-31,3712,32.40,6.17,111,25.51,1.06,112/2
2023-10-31,3714,41.20,0.00,111,,0.59,112/2
2023-10-31,3715,77.90,1.03,111,39.54,3.59,112/2
2023-10-31,4104,86.30,4.81,111,17.43,1.54,112/2
2023-10-31,4106,27.20,3.13,111,15.20,1.20,112/2
2023-10-31,4108,22.25,0.00,111,,2.26,112/2
2023-10-31,4119,89.40,1.68,111,21.86,2.08,112/2
2023-10-31,4133,31.60,2.53,111,31.29,1.51,112/2
2023-10-31,4137,195.00,3.59,111,17.12,3.33,112/2
2023-10-31,4142,31.80,0.00,111,,2.37,112/2
2023-10-31,4148,40.05,6.24,111,9.02,1.17,112/2
2023-10-31,4155,23.70,9.49,111,37.62,1.29,112/2
2023-10-31,4164,60.50,3.26,111,27.75,1.62,112/2
2023-10-31,4190,62.30,1.59,111,173.06,1.78,112/2
2023-10-31,4306,16.00,6.13,111,11.68,0.88,112/2
2023-10-31,4414,3.46,0.00,111,,0.84,112/2
2023-10-31,4426,19.90,0.00,111,86.52,1.27,112/2
2023-10-31,4438,110.50,6.15,111,10.97,1.54,112/2
2023-10-31,4439,129.00,5.43,111,9.48,1.58,112/2
2023-10-31,4440,26.00,11.54,111,16.88,1.38,112/2
2023-10-31,4526,17.25,1.16,111,75.00,0.88,112/2
2023-10-31,4532,19.05,4.72,111,14.77,1.03,112/2
2023-10-31,4536,161.00,6.83,111,7.11,1.98,112/2
2023-10-31,4540,30.80,4.81,111,20.67,0.87,112/2
2023-10-31,4545,29.10,5.15,111,19.80,1.23,112/2
2023-10-31,4551,114.00,5.26,111,12.97,1.71,112/2
2023-10-31,4552,34.50,3.77,111,8.65,0.71,112/2
2023-10-31,4555,56.20,2.70,111,48.87,1.38,112/2
2023-10-31,4557,109.50,6.39,111,9.59,2.48,112/2
2023-10-31,4560,35.10,6.27,111,14.75,1.42,112/2
2023-10-31,4562,15.10,0.00,111,,1.22,112/2
2023-10-31,4564,23.90,0.84,111,,1.08,112/2
2023-10-31,4566,49.90,4.21,111,12.05,1.23,112/2
2023-10-31,4569,93.30,5.89,111,8.76,1.15,112/2
2023-10-31,4571,70.00,5.14,111,12.84,1.49,112/2
2023-10-31,4572,147.50,1.43,111,24.75,2.98,112/2
2023-10-31,4576,63.00,1.59,111,75.00,2.00,112/2
2023-10-31,4581,70.80,3.53,111,13.36,2.49,112/2
2023-10-31,4583,202.00,4.95,111,16.21,1.66,112/3
2023-10-31,4720,14.20,1.41,111,56.80,1.14,112/2
2023-10-31,4722,33.55,5.66,111,26.21,1.22,112/2
2023-10-31,4737,79.70,2.63,111,113.86,2.48,112/2
2023-10-31,4739,71.60,4.19,111,102.29,1.61,112/2
2023-10-31,4746,85.90,1.16,111,11.78,1.38,112/2
2023-10-31,4755,122.50,4.82,111,27.47,2.94,112/2
2023-10-31,4763,968.00,1.04,111,30.35,14.31,112/2
2023-10-31,4764,41.80,1.20,111,,1.63,112/2
2023-10-31,4766,199.00,5.03,111,12.95,1.93,112/2
2023-10-31,4770,311.50,3.85,111,13.14,3.73,112/2
2023-10-31,4807,16.30,2.76,111,,0.81,112/2
2023-10-31,4904,75.90,4.28,111,23.57,4.24,112/2
2023-10-31,4906,32.60,4.60,111,14.05,1.02,112/2
2023-10-31,4912,80.80,3.11,111,30.26,1.57,112/2
2023-10-31,4915,69.00,5.65,111,11.60,2.03,112/2
2023-10-31,4916,33.60,1.13,111,25.65,1.69,112/2
2023-10-31,4919,127.00,5.51,111,19.21,3.48,112/2
2023-10-31,4927,46.65,4.29,111,,1.22,112/2
2023-10-31,4930,27.00,7.41,111,11.89,0.72,112/2
2023-10-31,4934,27.50,0.00,111,19.93,2.72,112/2
2023-10-31,4935,47.35,8.45,111,7.04,0.77,112/2
2023-10-31,4938,75.40,5.31,111,12.22,1.12,112/2
2023-10-31,4942,41.50,6.02,111,10.20,0.72,112/2
2023-10-31,4943,13.20,0.00,111,,66.00,112/2
2023-10-31,4952,49.20,10.16,111,22.36,2.63,112/2
2023-10-31,4956,14.45,0.00,111,,0.80,112/2
2023-10-31,4958,97.50,6.15,111,9.12,1.03,112/2
2023-10-31,4960,12.35,2.43,111,,0.76,112/2
2023-10-31,4961,266.50,3.19,111,16.43,1.92,112/3
2023-10-31,4967,75.20,1.33,111,,2.67,112/2
2023-10-31,4968,115.00,0.00,111,,4.66,112/3
2023-10-31,4976,36.60,0.00,111,,1.90,112/2
2023-10-31,4977,75.30,3.32,111,9.04,1.58,112/2
2023-10-31,4989,25.20,1.98,111,,1.53,112/2
2023-10-31,4994,61.00,0.82,111,68.54,4.33,112/2
2023-10-31,4999,34.70,5.04,111,29.91,0.75,112/2
2023-10-31,5007,53.90,5.57,111,16.09,2.47,112/2
2023-10-31,5203,88.80,2.59,111,42.69,1.46,112/3
2023-10-31,5215,68.90,2.90,111,17.18,1.37,112/2
2023-10-31,5222,157.50,1.90,111,29.66,5.35,112/2
2023-10-31,5225,58.80,5.19,111,7.63,1.64,112/2
2023-10-31,5234,88.50,3.73,111,24.45,3.18,112/2
2023-10-31,5243,56.60,2.83,111,10.99,1.33,112/2
2023-10-31,5244,30.05,4.99,111,13.91,1.32,112/2
2023-10-31,5258,129.50,1.00,111,14.40,3.98,112/2
2023-10-31,5269,1315.00,1.52,111,47.05,5.79,112/2
2023-10-31,5283,107.50,7.44,111,12.24,1.86,112/2
2023-10-31,5284,125.00,2.24,111,15.17,2.78,112/2
2023-10-31,5285,71.00,4.93,111,30.21,2.60,112/2
2023-10-31,5288,172.50,4.09,111,11.16,2.54,112/2
2023-10-31,5306,120.50,7.47,111,11.11,2.04,112/2
2023-10-31,5388,112.50,4.00,111,13.33,2.95,112/2
2023-10-31,5434,169.00,5.92,111,10.74,2.45,112/2
2023-10-31,5469,55.70,4.31,111,9.15,1.05,112/2
2023-10-31,5471,49.40,5.06,111,41.86,2.42,112/2
2023-10-31,5484,20.90,0.00,111,,2.19,112/2
2023-10-31,5515,13.50,7.41,111,11.54,0.71,112/2
2023-10-31,5519,25.10,8.37,111,5.99,1.14,112/2
2023-10-31,5521,9.22,0.00,111,92.20,0.85,112/2
2023-10-31,5522,59.70,8.38,111,11.29,1.07,112/2
2023-10-31,5525,24.70,8.50,111,53.70,1.42,112/2
2023-10-31,5531,10.15,0.00,111,,0.96,112/2
2023-10-31,5533,19.30,6.22,111,6.82,0.59,112/2
2023-10-31,5534,72.20,7.62,111,15.90,1.15,112/2
2023-10-31,5538,31.60,6.33,111,23.76,0.99,112/2
2023-10-31,5546,31.95,4.69,111,,1.13,112/2
2023-10-31,5607,46.45,4.74,111,13.08,1.57,112/2
2023-10-31,5608,17.70,8.47,111,16.39,0.70,112/2
2023-10-31,5706,66.60,0.45,111,74.83,3.68,112/2
2023-10-31,5871,175.50,3.76,111,11.61,2.15,112/2
2023-10-31,5876,42.90,4.20,111,11.92,1.20,112/2
2023-10-31,5880,25.15,1.99,111,16.99,1.55,112/2
2023-10-31,5906,79.10,2.28,111,19.25,4.47,112/2
2023-10-31,5907,11.75,0.00,111,,0.35,112/2
2023-10-31,6005,14.25,2.74,111,10.25,0.82,112/2
2023-10-31,6024,45.75,6.60,111,10.05,1.45,112/2
2023-10-31,6108,18.10,2.76,111,100.56,0.82,112/2
2023-10-31,6112,60.30,3.32,111,18.50,2.69,112/2
2023-10-31,6115,44.95,7.12,111,12.18,1.78,112/2
2023-10-31,6116,11.05,0.00,111,,0.71,112/2
2023-10-31,6117,44.85,0.00,111,498.33,3.69,112/2
2023-10-31,6120,13.80,1.09,111,197.14,1.04,112/2
2023-10-31,6128,33.75,6.52,111,6.68,1.08,112/2
2023-10-31,6133,13.60,3.68,111,20.30,1.42,112/2
2023-10-31,6136,19.30,5.96,111,21.69,0.76,112/2
2023-10-31,6139,127.00,2.76,111,20.99,3.30,112/2
2023-10-31,6141,16.80,0.00,111,,0.90,112/2
2023-10-31,6142,9.36,2.35,111,23.40,0.97,112/2
2023-10-31,6152,9.47,0.00,111,19.73,1.08,112/2
2023-10-31,6153,20.10,1.19,111,,0.81,112/2
2023-10-31,6155,26.80,5.60,111,16.44,1.56,112/2
2023-10-31,6164,10.30,5.34,111,46.82,0.94,112/2
2023-10-31,6165,31.90,0.00,111,,2.27,112/2
2023-10-31,6166,57.10,4.38,111,26.68,2.41,112/2
2023-10-31,6168,26.05,5.76,111,26.05,1.75,112/2
2023-10-31,6176,124.00,8.06,111,9.58,1.67,112/3
2023-10-31,6177,31.75,4.72,111,33.07,1.76,112/2
2023-10-31,6183,66.50,3.76,111,23.33,4.15,112/2
2023-10-31,6184,50.30,5.96,111,15.06,1.76,112/2
2023-10-31,6189,54.20,6.33,111,17.04,2.33,112/2
2023-10-31,6191,61.60,4.25,111,11.69,1.59,112/2
2023-10-31,6192,81.20,4.93,111,8.84,1.28,112/2
2023-10-31,6196,132.50,4.26,111,9.90,2.67,112/2
2023-10-31,6197,83.10,3.85,111,18.18,3.40,112/2
2023-10-31,6201,48.60,6.17,111,12.12,1.71,112/2
2023-10-31,6202,61.60,6.49,111,96.25,3.47,112/3
2023-10-31,6205,65.50,4.58,111,18.61,2.26,112/2
2023-10-31,6206,63.00,8.73,111,14.65,2.06,112/2
2023-10-31,6209,25.80,2.71,111,78.18,1.46,112/2
2023-10-31,6213,75.90,3.95,111,40.16,1.39,112/3
2023-10-31,6214,100.00,5.00,111,16.69,1.82,112/2
2023-10-31,6215,23.45,7.68,111,13.63,1.34,112/2
2023-10-31,6216,36.00,4.64,111,30.51,2.04,112/2
2023-10-31,6224,51.70,2.90,111,48.77,1.76,112/2
2023-10-31,6225,9.11,0.00,111,,2.94,112/2
2023-10-31,6226,10.25,0.00,111,,1.04,112/2
2023-10-31,6230,119.50,0.90,111,12.27,1.89,112/2
2023-10-31,6235,108.00,0.65,111,32.53,5.85,112/2
2023-10-31,6239,105.00,6.67,111,14.54,1.54,112/3
2023-10-31,6243,49.20,2.44,111,31.14,2.82,112/2
2023-10-31,6257,59.30,7.08,111,13.76,1.74,112/2
2023-10-31,6269,83.50,5.99,111,8.66,1.13,112/2
2023-10-31,6271,134.00,8.04,111,24.86,1.17,112/3
2023-10-31,6277,79.50,7.17,111,12.93,2.01,112/2
2023-10-31,6278,91.40,7.66,111,9.72,1.31,112/3
2023-10-31,6281,84.20,5.94,111,14.96,3.15,112/2
2023-10-31,6282,38.00,0.53,111,63.33,1.88,112/2
2023-10-31,6283,27.10,0.00,111,,2.42,112/2
2023-10-31,6285,127.50,3.80,111,14.09,2.37,112/2
2023-10-31,6288,29.55,0.61,111,369.38,2.07,112/2
2023-10-31,6405,23.10,0.43,111,,0.60,112/2
2023-10-31,6409,1295.00,3.36,111,24.08,17.12,112/2
2023-10-31,6412,112.00,5.27,111,14.47,3.80,112/2
2023-10-31,6414,249.00,5.12,111,8.20,1.60,112/2
2023-10-31,6415,286.50,1.57,111,44.14,3.68,112/2
2023-10-31,6416,82.50,4.36,111,14.10,1.85,112/2
2023-10-31,6426,70.20,2.85,111,,2.36,112/2
2023-10-31,6431,17.50,0.00,111,,1.94,112/2
2023-10-31,6438,99.30,6.04,111,10.07,1.99,112/2
2023-10-31,6442,72.90,2.88,111,20.25,2.53,112/2
2023-10-31,6443,28.40,0.35,111,28.98,2.11,112/2
2023-10-31,6449,62.00,3.71,111,19.50,2.02,112/2
2023-10-31,6451,124.00,0.94,111,45.59,2.18,112/2
2023-10-31,6456,55.80,6.27,111,15.41,0.63,112/2
2023-10-31,6464,84.20,5.94,111,12.66,1.39,112/2
2023-10-31,6477,36.85,2.71,111,13.40,1.33,112/2
2023-10-31,6491,371.00,2.70,111,16.82,4.05,112/2
2023-10-31,6504,70.40,1.42,111,50.65,1.47,112/2
2023-10-31,6505,79.10,1.39,111,,2.40,112/2
2023-10-31,6515,635.00,3.46,111,20.85,6.77,112/2
2023-10-31,6525,65.40,8.41,111,11.64,2.17,112/2
2023-10-31,6526,412.00,3.64,111,49.46,8.65,112/2
2023-10-31,6531,357.00,1.96,111,50.71,5.29,112/3
2023-10-31,6533,386.00,0.39,111,308.80,4.06,112/2
2023-10-31,6541,72.50,0.00,111,,5.41,112/2
2023-10-31,6550,73.20,0.00,111,,6.58,112/2
2023-10-31,6552,38.00,1.18,111,,1.18,112/2
2023-10-31,6558,20.40,0.00,111,,1.31,112/2
2023-10-31,6573,14.85,0.00,111,,1.45,112/2
2023-10-31,6579,130.00,3.58,111,16.25,2.17,112/2
2023-10-31,6581,86.70,7.50,111,13.89,2.50,112/2
2023-10-31,6582,48.55,3.09,111,242.75,0.88,112/2
2023-10-31,6585,115.00,2.61,111,29.87,2.76,112/2
2023-10-31,6591,49.70,7.93,111,16.85,1.05,112/2
2023-10-31,6592,124.50,3.61,111,19.42,2.41,112/2
2023-10-31,6598,21.15,0.00,111,,2.41,112/2
2023-10-31,6605,130.00,3.85,111,10.82,1.37,112/2
2023-10-31,6606,23.50,8.51,111,20.80,1.55,112/2
2023-10-31,6625,79.70,0.00,111,23.30,5.40,112/2
2023-10-31,6641,41.50,8.43,111,16.09,1.11,112/2
2023-10-31,6655,127.00,0.00,111,33.96,4.53,112/2
2023-10-31,6657,68.00,0.00,111,,5.71,112/2
2023-10-31,6666,62.30,1.77,111,50.24,1.88,112/2
2023-10-31,6668,38.70,0.00,111,,1.96,112/2
2023-10-31,6669,1520.00,3.29,111,18.74,7.28,112/2
2023-10-31,6670,202.50,10.86,111,7.27,2.69,112/2
2023-10-31,6671,39.30,5.09,111,13.94,1.49,112/2
2023-10-31,6672,84.40,4.27,111,13.95,2.00,112/2
2023-10-31,6674,27.00,1.85,111,,1.37,112/2
2023-10-31,6689,107.00,2.62,111,64.07,2.66,112/2
2023-10-31,6691,264.50,8.43,111,9.45,3.76,112/2
2023-10-31,6695,43.80,0.00,111,,2.43,112/2
2023-10-31,6698,28.10,0.00,111,,1.54,112/2
2023-10-31,6706,57.00,6.14,111,40.71,1.09,112/2
2023-10-31,6715,131.50,3.40,111,15.96,3.08,112/2
2023-10-31,6719,240.50,4.14,111,62.63,2.41,112/2
2023-10-31,6743,48.95,1.02,111,699.29,2.67,112/2
2023-10-31,6753,79.40,1.26,111,21.46,3.18,112/2
2023-10-31,6754,48.00,7.71,111,10.13,1.64,112/2
2023-10-31,6756,201.50,3.72,111,50.76,5.01,112/2
2023-10-31,6757,29.05,0.00,111,,4.83,112/2
2023-10-31,6768,66.00,7.58,111,9.94,0.95,112/2
2023-10-31,6770,26.55,3.88,111,12.29,1.13,112/2
2023-10-31,6776,51.60,6.78,111,10.08,2.18,112/2
2023-10-31,6781,613.00,3.10,111,19.49,4.32,112/2
2023-10-31,6782,185.00,2.97,111,28.82,4.26,112/2
2023-10-31,6789,204.50,0.98,111,73.83,3.91,112/2
2023-10-31,6790,37.50,6.13,111,16.09,2.00,112/2
2023-10-31,6792,101.00,4.95,111,22.39,2.96,112/2
2023-10-31,6796,107.00,1.68,111,44.03,5.65,112/2
2023-10-31,6799,118.00,2.54,111,21.42,3.81,112/2
2023-10-31,6806,99.10,0.50,111,78.03,2.06,112/2
2023-10-31,6807,34.80,5.43,111,8.79,0.97,112/2
2023-10-31,6830,125.50,4.38,111,19.31,2.43,112/2
2023-10-31,6834,23.25,4.73,111,,1.42,112/2
2023-10-31,6835,38.00,5.26,111,12.62,1.70,112/2
2023-10-31,6854,0.00,0.00,111,,4.27,112/2
2023-10-31,6861,82.00,1.59,111,19.25,2.62,112/2
2023-10-31,6863,144.50,1.37,111,31.69,2.16,112/2
2023-10-31,6869,81.00,2.47,111,10.96,2.97,112/2
2023-10-31,6873,106.00,3.77,111,14.68,2.21,112/2
2023-10-31,6901,42.00,4.76,111,,2.82,112/2
2023-10-31,6902,143.00,0.00,111,,17.83,112/2
2023-10-31,8011,16.70,0.00,111,,0.95,112/2
2023-10-31,8016,285.00,7.72,111,17.15,3.46,112/2
2023-10-31,8021,26.55,7.53,111,,0.89,112/2
2023-10-31,8028,48.80,3.69,111,20.68,2.57,112/2
2023-10-31,8033,56.20,0.00,111,,6.54,112/2
2023-10-31,8039,41.55,6.02,111,22.83,1.09,112/3
2023-10-31,8046,236.00,7.63,111,10.47,3.35,112/2
2023-10-31,8070,30.20,8.38,111,11.06,1.57,112/2
2023-10-31,8072,25.80,3.88,111,27.45,0.93,112/2
2023-10-31,8081,248.50,5.63,111,16.75,3.35,112/2
2023-10-31,8101,4.20,0.00,111,,1.76,112/2
2023-10-31,8103,37.20,5.38,111,13.58,1.01,112/2
2023-10-31,8104,33.60,4.46,111,168.00,1.19,112/2
2023-10-31,8105,12.10,1.65,111,12.87,0.68,112/2
2023-10-31,8110,14.90,1.01,111,36.34,0.76,112/2
2023-10-31,8112,55.60,7.91,111,19.51,1.99,112/2
2023-10-31,8114,100.00,6.99,111,12.36,2.18,112/2
2023-10-31,8131,38.65,8.54,111,12.47,1.45,112/2
2023-10-31,8150,40.95,5.62,111,17.96,1.25,112/2
2023-10-31,8163,43.40,6.91,111,12.09,1.10,112/2
2023-10-31,8201,14.40,0.00,111,,1.63,112/2
2023-10-31,8210,180.00,2.22,111,24.86,4.61,112/2
2023-10-31,8213,42.40,5.90,111,10.52,0.83,112/2
2023-10-31,8215,34.45,5.81,111,11.80,1.99,112/2
2023-10-31,8222,42.85,0.00,111,51.01,3.66,112/2
2023-10-31,8249,29.25,6.43,111,11.29,0.78,112/2
2023-10-31,8261,83.00,6.00,111,28.23,1.87,112/3
2023-10-31,8271,54.90,6.01,111,13.46,1.68,112/2
2023-10-31,8341,103.50,7.25,111,24.94,3.17,112/2
2023-10-31,8367,38.20,6.54,111,10.35,1.15,112/2
2023-10-31,8374,28.00,1.79,111,,1.58,112/2
2023-10-31,8404,20.40,3.43,111,,1.32,112/2
2023-10-31,8411,13.80,0.00,111,,0.54,112/2
2023-10-31,8422,173.00,5.77,111,14.02,3.21,112/2
2023-10-31,8429,10.45,0.00,111,,0.32,112/2
2023-10-31,8438,24.50,4.08,111,35.00,1.04,112/2
2023-10-31,8442,85.50,5.79,111,8.40,2.18,112/2
2023-10-31,8443,11.80,0.00,111,,0.96,112/2
2023-10-31,8454,533.00,2.81,111,33.19,14.19,112/2
2023-10-31,8462,117.50,1.32,111,903.85,5.73,112/2
2023-10-31,8463,22.90,1.00,111,24.11,1.58,112/2
2023-10-31,8464,286.00,3.85,111,15.26,3.99,112/2
2023-10-31,8466,40.40,3.71,111,,1.09,112/2
2023-10-31,8467,80.40,6.22,111,11.75,2.38,112/2
2023-10-31,8473,26.90,0.00,111,,0.73,112/2
2023-10-31,8476,61.50,4.55,111,6.83,2.76,112/2
2023-10-31,8478,362.50,2.76,111,16.43,6.38,112/2
2023-10-31,8481,50.70,7.50,111,18.71,2.19,112/2
2023-10-31,8482,65.80,9.45,111,12.70,2.24,112/2
2023-10-31,8488,18.00,0.00,111,,0.51,112/2
2023-10-31,8499,119.00,1.68,111,9.18,0.83,112/2
2023-10-31,8926,39.50,3.80,111,15.55,1.79,112/2
2023-10-31,8940,23.75,0.00,111,19.96,2.45,112/2
2023-10-31,8996,209.00,0.72,111,35.42,8.33,112/2
2023-10-31,9802,128.50,5.60,111,8.16,1.95,112/2
2023-10-31,9902,12.00,0.00,111,85.71,0.95,112/2
2023-10-31,9904,28.85,4.51,111,11.40,0.72,112/2
2023-10-31,9905,23.65,5.07,111,16.65,0.99,112/2
2023-10-31,9906,50.40,9.07,111,8.54,2.94,112/2
2023-10-31,9907,15.70,9.43,111,17.64,1.32,112/2
2023-10-31,9908,32.45,3.39,111,15.38,1.28,112/2
2023-10-31,9910,178.50,4.99,111,24.69,7.72,112/2
2023-10-31,9911,63.60,5.82,111,15.07,2.63,112/2
2023-10-31,9912,10.15,0.00,111,,1.28,112/2
2023-10-31,9914,165.50,4.23,111,20.06,2.47,112/2
2023-10-31,9917,118.00,4.24,111,20.34,4.66,112/2
2023-10-31,9918,40.15,2.49,111,24.33,2.35,112/2
2023-10-31,9919,18.60,0.81,111,,1.83,112/2
2023-10-31,9921,163.00,4.79,111,15.08,1.98,112/2
2023-10-31,9924,43.20,6.71,111,9.80,1.28,112/2
2023-10-31,9925,40.00,5.00,111,16.33,1.45,112/2
2023-10-31,9926,53.90,3.71,111,19.60,2.68,112/2
2023-10-31,9927,54.70,7.31,111,11.59,1.55,112/2
2023-10-31,9928,27.70,0.00,111,,4.19,112/2
2023-10-31,9929,16.50,0.00,111,51.56,1.80,112/2
2023-10-31,9930,55.30,4.52,111,17.95,2.41,112/2
2023-10-31,9931,0.00,3.10,111,24.97,1.74,112/2
2023-10-31,9933,39.45,4.82,111,19.15,1.86,112/2
2023-10-31,9934,13.75,0.00,111,13.89,1.02,112/2
2023-10-31,9935,17.10,5.26,111,22.80,1.33,112/2
2023-10-31,9937,64.30,3.27,111,27.02,3.90,112/2
2023-10-31,9938,57.40,4.36,111,24.22,1.52,112/2
2023-10-31,9939,100.50,4.78,111,13.12,1.96,112/2
2023-10-31,9940,28.30,4.24,111,14.44,1.79,112/2
2023-10-31,9941,179.00,3.69,111,16.67,3.25,112/2
2023-10-31,9942,125.50,4.46,111,11.88,3.02,112/2
2023-10-31,9943,87.40,3.78,111,14.23,2.94,112/2
2023-10-31,9944,19.40,5.41,111,5.24,0.58,112/2
2023-10-31,9945,32.40,0.00,111,23.48,1.11,112/2
2023-10-31,9946,17.30,2.49,111,40.23,0.88,112/2
2023-10-31,9955,26.10,0.00,111,,1.98,112/2
2023-10-31,9958,150.50,0.33,111,118.50,4.77,112/2
