key,date,stock_id,name,market,open,high,low,close,volume,amount,change,limit,shares,transactions,price_basis,last_price
2007-05-09_0015,2007-05-09,0015,富邦,twse,9.67,9.69,9.65,9.65,240000,2324140,-0.02,,500000000,39,,
2007-05-09_0050,2007-05-09,0050,元大台灣50,twse,59.10,59.25,58.90,58.95,5532100,326683435,-0.35,,686500000,323,,
2007-05-09_0051,2007-05-09,0051,元大中型100,twse,32.65,32.69,32.50,32.50,182000,5930260,-0.15,,56000000,57,,
2007-05-09_0052,2007-05-09,0052,富邦科技,twse,39.89,39.89,39.62,39.62,291000,11552170,-0.24,,39500000,49,,
2007-05-09_01001T,2007-05-09,01001T,土銀富邦R1,twse,13.53,13.54,13.53,13.54,24000,324840,-0.01,,,9,,
2007-05-09_01002T,2007-05-09,01002T,土銀國泰R1,twse,11.00,11.03,10.99,11.00,1612000,17746430,-0.01,,,134,,
2007-05-09_01003T,2007-05-09,01003T,兆豐新光R1,twse,11.60,11.90,11.60,11.63,332000,3856820,0.05,,,32,,
2007-05-09_01004T,2007-05-09,01004T,土銀富邦R2,twse,13.11,13.13,13.10,13.13,472000,6190920,0.02,,,34,,
2007-05-09_01005T,2007-05-09,01005T,三鼎,twse,9.75,9.75,9.75,9.75,1671000,16292250,0.0,flat,,17,,
2007-05-09_01007T,2007-05-09,01007T,兆豐國泰R2,twse,11.85,11.85,11.80,11.82,338000,4004800,-0.03,,,25,,
2007-05-09_1101,2007-05-09,1101,台泥,twse,30.30,30.40,30.20,30.30,6113401,185298692,0.1,,3207351086,996,,
2007-05-09_1102,2007-05-09,1102,亞泥,twse,34.25,34.70,34.15,34.15,4866756,167034116,-0.1,,2532121170,627,,
2007-05-09_1103,2007-05-09,1103,嘉泥,twse,18.95,18.95,18.80,18.80,1280359,24117508,0.0,,674526050,347,,
2007-05-09_1104,2007-05-09,1104,環泥,twse,12.75,12.90,12.75,12.80,378834,4853967,-0.1,,508326521,106,,
2007-05-09_1107,2007-05-09,1107,建台,twse,1.37,1.42,1.35,1.37,273529,375773,-0.05,,314035300,53,,
2007-05-09_1108,2007-05-09,1108,幸福,twse,14.00,14.60,13.80,13.95,9284545,132455949,0.0,,404738049,2399,,
2007-05-09_1109,2007-05-09,1109,信大,twse,12.00,12.10,11.95,11.95,168520,2022363,-0.15,,429089760,52,,
2007-05-09_1110,2007-05-09,1110,東泥,twse,11.30,11.50,11.10,11.10,1489992,16815408,-0.2,,576000797,324,,
2007-05-09_1201,2007-05-09,1201,味全,twse,28.00,28.00,27.00,27.30,5858344,161107733,-0.8,,506062914,1875,,
2007-05-09_1203,2007-05-09,1203,味王,twse,14.95,15.10,14.50,14.55,300244,4429238,-0.45,,209253762,96,,
2007-05-09_1210,2007-05-09,1210,大成,twse,29.90,30.05,28.70,28.90,5014996,147314118,-1.1,,402027782,1706,,
2007-05-09_1213,2007-05-09,1213,大飲,twse,14.15,14.50,14.05,14.15,46013,656033,0.05,,51475116,35,,
2007-05-09_1215,2007-05-09,1215,卜蜂,twse,13.05,13.30,12.80,13.00,4367172,57012062,-0.05,,232026838,997,,
2007-05-09_1216,2007-05-09,1216,統一,twse,32.10,32.20,31.75,31.90,4187405,133921645,-0.1,,3354125800,1196,,
2007-05-09_1217,2007-05-09,1217,愛之味,twse,8.60,8.60,8.41,8.44,1277156,10844254,-0.08,,377689257,337,,
2007-05-09_1218,2007-05-09,1218,泰山,twse,7.56,7.65,7.45,7.48,1098865,8285657,-0.07,,320243369,269,,
2007-05-09_1219,2007-05-09,1219,福壽,twse,8.70,8.78,8.51,8.57,308394,2662912,-0.17,,266318405,98,,
2007-05-09_1220,2007-05-09,1220,台榮,twse,8.88,9.29,8.86,9.12,390000,3550120,0.24,,177077944,122,,
2007-05-09_1225,2007-05-09,1225,福懋油,twse,7.70,7.74,7.60,7.60,327092,2515623,-0.07,,162700028,92,,
2007-05-09_1227,2007-05-09,1227,佳格,twse,17.00,17.50,16.80,17.50,5924134,99746406,0.45,,320918442,249,,
2007-05-09_1229,2007-05-09,1229,聯華,twse,16.50,16.50,16.30,16.35,1052488,17221371,-0.15,,678994121,260,,
2007-05-09_1231,2007-05-09,1231,聯華食,twse,11.20,11.35,11.20,11.30,180062,2029037,0.1,,115419000,55,,
2007-05-09_1232,2007-05-09,1232,大統益,twse,25.85,25.85,25.40,25.40,112653,2882037,-0.4,,159974915,65,,
2007-05-09_1233,2007-05-09,1233,天仁,twse,30.20,30.50,30.20,30.50,63681,1924632,0.1,,87953348,16,,
2007-05-09_1234,2007-05-09,1234,黑松,twse,15.25,15.30,15.05,15.05,1344100,20358504,-0.25,,535828125,285,,
2007-05-09_1235,2007-05-09,1235,興泰,twse,17.60,17.60,17.40,17.60,82527,1444669,0.0,,40990780,17,,
2007-05-09_1236,2007-05-09,1236,宏亞,twse,16.65,16.75,16.50,16.70,366919,6101006,0.05,,81172585,154,,
2007-05-09_1301,2007-05-09,1301,台塑,twse,65.00,65.20,64.40,65.00,8083348,525206945,0.0,,5720471586,1460,,
2007-05-09_1303,2007-05-09,1303,南亞,twse,62.80,63.50,62.80,63.30,8478947,536047661,0.0,,7623590877,1547,,
2007-05-09_1304,2007-05-09,1304,台聚,twse,11.10,11.10,10.95,10.95,1685662,18554612,-0.1,,771403164,323,,
2007-05-09_1305,2007-05-09,1305,華夏,twse,7.98,8.00,7.88,7.88,677326,5357887,-0.09,,424803528,139,,
2007-05-09_1307,2007-05-09,1307,三芳,twse,26.35,26.60,26.20,26.30,120813,3184716,-0.3,,250408294,47,,
2007-05-09_1308,2007-05-09,1308,亞聚,twse,14.80,14.90,14.80,14.80,406352,6022790,-0.1,,260931631,113,,
2007-05-09_1309,2007-05-09,1309,台達化,twse,8.70,8.75,8.62,8.62,445576,3867551,-0.12,,270500509,93,,
2007-05-09_1310,2007-05-09,1310,台苯,twse,14.15,14.20,14.00,14.00,1005859,14124571,-0.05,,566529279,261,,
2007-05-09_1311,2007-05-09,1311,福聚,twse,27.05,27.05,26.80,26.85,741294,19936253,-0.2,,292051803,282,,
2007-05-09_1312,2007-05-09,1312,國喬,twse,11.20,11.20,11.10,11.10,680135,7580633,-0.1,,639824173,201,,
2007-05-09_1312A,2007-05-09,1312A,國喬特,twse,14.45,14.65,14.45,14.65,22000,319350,0.15,,20000000,8,,
2007-05-09_1313,2007-05-09,1313,聯成,twse,17.35,17.35,17.20,17.30,1659079,28648549,-0.05,,751900253,337,,
2007-05-09_1314,2007-05-09,1314,中石化,twse,9.63,9.64,9.50,9.50,7465003,71334963,-0.1,,1689999459,1268,,
2007-05-09_1315,2007-05-09,1315,達新,twse,22.45,22.85,22.45,22.75,310754,7046530,0.35,,229500000,175,,
2007-05-09_1316,2007-05-09,1316,上曜,twse,8.25,8.29,8.00,8.00,344777,2803007,-0.25,,70166085,105,,
2007-05-09_1319,2007-05-09,1319,東陽,twse,29.50,29.75,29.20,29.25,1842925,54193754,-0.25,,413541351,616,,
2007-05-09_1321,2007-05-09,1321,大洋,twse,23.20,23.50,22.50,22.70,4212327,96999456,-0.2,,227228268,1130,,
2007-05-09_1323,2007-05-09,1323,永裕,twse,10.75,10.75,10.60,10.75,88329,945086,-0.05,,75091800,25,,
2007-05-09_1324,2007-05-09,1324,地球,twse,18.10,20.65,18.10,20.65,6069994,115244720,1.35,,75121882,1334,,
2007-05-09_1325,2007-05-09,1325,恆大,twse,10.95,10.95,10.80,10.90,182003,1977032,0.0,,89111000,40,,
2007-05-09_1326,2007-05-09,1326,台化,twse,64.90,65.00,64.10,64.80,6919045,447703976,-0.2,,5524730222,1245,,
2007-05-09_1402,2007-05-09,1402,遠東新,twse,31.35,31.35,30.80,30.95,11013809,341207871,-0.4,,4349851346,1851,,
2007-05-09_1409,2007-05-09,1409,新纖,twse,11.15,11.15,10.80,10.85,15606862,170421059,-0.2,,1325340925,2479,,
2007-05-09_1410,2007-05-09,1410,南染,twse,9.40,9.40,9.21,9.21,91039,849808,-0.21,,90000000,32,,
2007-05-09_1413,2007-05-09,1413,宏洲,twse,3.58,3.58,3.50,3.50,455360,1607979,-0.02,,283645706,94,,
2007-05-09_1414,2007-05-09,1414,東和,twse,7.79,7.82,7.63,7.77,250443,1929912,0.0,,220000000,78,,
2007-05-09_1416,2007-05-09,1416,廣豐,twse,9.08,9.14,8.95,9.02,1493284,13502986,-0.01,,549783426,347,,
2007-05-09_1417,2007-05-09,1417,嘉裕,twse,8.45,8.45,8.30,8.30,1089678,9099541,-0.2,,415749314,221,,
2007-05-09_1418,2007-05-09,1418,東華,twse,5.33,5.39,5.23,5.30,265165,1409976,-0.06,,263855261,46,,
2007-05-09_1419,2007-05-09,1419,新紡,twse,27.10,27.30,26.75,26.80,693775,18759901,-0.2,,297660000,201,,
2007-05-09_1423,2007-05-09,1423,利華,twse,8.85,8.85,8.70,8.70,1077289,9441325,-0.12,,179300000,172,,
2007-05-09_1432,2007-05-09,1432,大魯閣,twse,6.63,6.72,6.59,6.61,58075,384305,0.0,,88564233,18,,
2007-05-09_1434,2007-05-09,1434,福懋,twse,31.30,31.35,30.70,30.90,1522764,47125415,-0.35,,1684664637,631,,
2007-05-09_1435,2007-05-09,1435,中福,twse,7.97,8.03,7.81,7.90,2082595,16563853,0.39,,139780080,351,,
2007-05-09_1436,2007-05-09,1436,華友聯,twse,12.00,12.05,11.65,11.70,155683,1842620,-0.3,,307000000,27,,
2007-05-09_1437,2007-05-09,1437,勤益控,twse,24.05,24.40,24.05,24.10,645833,15589643,-0.2,,155791652,238,,
2007-05-09_1438,2007-05-09,1438,三地開發,twse,1.50,1.60,1.50,1.60,26321,40568,0.1,,102411518,9,,
2007-05-09_1439,2007-05-09,1439,雋揚,twse,12.60,12.80,12.50,12.70,133770,1690750,0.15,,92000000,34,,
2007-05-09_1440,2007-05-09,1440,南紡,twse,15.15,15.20,14.80,14.90,3764528,56407085,-0.2,,1493524000,765,,
2007-05-09_1441,2007-05-09,1441,大東,twse,7.10,7.10,6.91,7.00,314328,2191209,-0.1,,107900398,73,,
2007-05-09_1442,2007-05-09,1442,名軒,twse,27.00,27.00,26.00,26.75,181626,4827536,-0.55,,142808445,56,,
2007-05-09_1443,2007-05-09,1443,立益物流,twse,4.40,4.40,4.22,4.30,59174,252756,-0.1,,301090042,25,,
2007-05-09_1444,2007-05-09,1444,力麗,twse,8.03,8.19,7.90,8.01,5381992,43553871,0.0,,731400000,570,,
2007-05-09_1445,2007-05-09,1445,大宇,twse,4.93,4.97,4.75,4.95,301009,1467734,0.01,,179551034,74,,
2007-05-09_1446,2007-05-09,1446,宏和,twse,6.15,6.15,6.01,6.06,1216612,7398292,-0.09,,223870222,220,,
2007-05-09_1447,2007-05-09,1447,力鵬,twse,11.80,11.90,11.45,11.55,2839748,32952151,-0.25,,570687500,744,,
2007-05-09_1449,2007-05-09,1449,佳和,twse,3.36,3.42,3.34,3.35,1064418,3593585,0.02,,415986853,193,,
2007-05-09_1451,2007-05-09,1451,年興,twse,21.80,22.00,21.80,21.85,686653,15019451,-0.05,,598369091,206,,
2007-05-09_1452,2007-05-09,1452,宏益,twse,9.14,9.14,8.97,9.00,1147358,10356040,-0.09,,137039028,184,,
2007-05-09_1453,2007-05-09,1453,大將,twse,3.92,3.92,3.92,3.92,25457,99791,-0.29,down,67339440,8,,
2007-05-09_1454,2007-05-09,1454,台富,twse,6.10,6.20,6.01,6.18,99018,604089,0.08,,140800706,42,,
2007-05-09_1455,2007-05-09,1455,集盛,twse,8.75,8.76,8.66,8.75,884969,7703427,0.0,,472090365,152,,
2007-05-09_1456,2007-05-09,1456,怡華,twse,3.98,4.29,3.95,4.25,665444,2790481,0.24,,223655962,143,,
2007-05-09_1457,2007-05-09,1457,宜進,twse,4.65,4.73,4.60,4.65,2530121,11794074,-0.1,,365320000,373,,
2007-05-09_1459,2007-05-09,1459,聯發,twse,10.35,10.35,9.76,9.90,7201769,71566275,-0.3,,339656994,655,,
2007-05-09_1460,2007-05-09,1460,宏遠,twse,7.33,7.46,7.30,7.46,734933,5423492,0.16,,490416133,137,,
2007-05-09_1463,2007-05-09,1463,強盛新,twse,7.38,7.38,7.25,7.25,496973,3653124,-0.07,,188410769,53,,
2007-05-09_1464,2007-05-09,1464,得力,twse,6.63,6.75,6.63,6.75,377187,2520981,0.02,,175596020,39,,
2007-05-09_1465,2007-05-09,1465,偉全,twse,10.85,11.00,10.80,10.95,65760,713784,-0.05,,86339389,26,,
2007-05-09_1466,2007-05-09,1466,聚隆,twse,9.09,9.16,8.80,9.16,772939,6883119,0.05,,71597796,188,,
2007-05-09_1467,2007-05-09,1467,南緯,twse,14.70,14.80,14.55,14.75,768548,11262575,0.05,,164911536,194,,
2007-05-09_1468,2007-05-09,1468,昶和,twse,13.05,13.10,12.90,12.95,115000,1496200,-0.15,,160405244,31,,
2007-05-09_1469,2007-05-09,1469,理隆,twse,12.40,12.70,12.10,12.45,15010,187469,0.05,,124600000,15,,
2007-05-09_1470,2007-05-09,1470,大統新創,twse,5.40,5.75,5.40,5.75,12000,68300,0.15,,85767000,5,,
2007-05-09_1471,2007-05-09,1471,首利,twse,41.40,41.40,40.40,40.40,1146987,46846922,-0.65,,142950668,422,,
2007-05-09_1472,2007-05-09,1472,三洋實業,twse,8.10,8.10,7.82,7.85,907016,7194310,-0.2,,87500000,172,,
2007-05-09_1473,2007-05-09,1473,台南,twse,54.80,55.10,54.50,55.00,294180,16124581,0.1,,127037000,91,,
2007-05-09_1474,2007-05-09,1474,弘裕,twse,10.15,10.15,10.05,10.05,346089,3492093,-0.05,,121444302,53,,
2007-05-09_1475,2007-05-09,1475,業旺,twse,12.75,14.10,12.75,14.10,462000,6298550,0.9,,95719699,126,,
2007-05-09_1476,2007-05-09,1476,儒鴻,twse,21.20,21.45,21.10,21.10,23328,496155,0.0,,143389007,20,,
2007-05-09_1477,2007-05-09,1477,聚陽,twse,77.80,79.00,77.80,79.00,1221306,95104489,0.7,,123050252,89,,
2007-05-09_1503,2007-05-09,1503,士電,twse,31.90,32.15,31.80,31.90,1885682,60196832,0.05,,520972223,408,,
2007-05-09_1504,2007-05-09,1504,東元,twse,17.60,17.80,17.55,17.60,4195714,74008985,0.0,,1910577922,618,,
2007-05-09_1506,2007-05-09,1506,正道,twse,12.75,13.30,12.75,12.90,509166,6669891,0.15,,102251616,139,,
2007-05-09_1507,2007-05-09,1507,永大,twse,20.40,20.40,19.90,20.00,3191384,64247736,-0.4,,410820000,784,,
2007-05-09_1512,2007-05-09,1512,瑞利,twse,10.20,10.35,10.15,10.35,395025,4042160,0.15,,176507276,86,,
2007-05-09_1513,2007-05-09,1513,中興電,twse,22.20,22.60,21.85,22.60,3631864,81120551,0.4,,480000000,917,,
2007-05-09_1514,2007-05-09,1514,亞力,twse,8.35,8.35,8.20,8.29,473392,3909505,-0.06,,201067013,88,,
2007-05-09_1515,2007-05-09,1515,力山,twse,10.80,11.10,10.40,10.55,723092,7748058,-0.25,,252210276,182,,
2007-05-09_1516,2007-05-09,1516,川飛,twse,7.43,7.65,7.32,7.33,771970,5758389,-0.23,,92350068,195,,
2007-05-09_1517,2007-05-09,1517,利奇,twse,16.50,16.60,16.00,16.30,2884974,46886275,-0.2,,236824007,760,,
2007-05-09_1519,2007-05-09,1519,華城,twse,28.70,28.90,28.20,28.20,1246418,35520636,-0.8,,205902434,475,,
2007-05-09_1520,2007-05-09,1520,復盛,twse,36.35,36.35,36.35,36.35,4250284,154497779,2.35,up,753878042,1057,,
2007-05-09_1521,2007-05-09,1521,大億,twse,26.00,26.10,25.80,25.80,87000,2253300,-0.35,,76230000,40,,
2007-05-09_1522,2007-05-09,1522,堤維西,twse,23.90,23.90,23.00,23.55,616621,14497430,-0.25,,249070834,194,,
2007-05-09_1523,2007-05-09,1523,開億,twse,19.05,19.20,18.90,19.00,195042,3704291,-0.05,,157684244,73,,
2007-05-09_1524,2007-05-09,1524,耿鼎,twse,17.55,17.55,17.00,17.00,389200,6689928,-0.2,,152307549,161,,
2007-05-09_1525,2007-05-09,1525,江申,twse,25.00,25.00,24.65,24.90,4442,110117,0.0,,58074555,8,,
2007-05-09_1526,2007-05-09,1526,日馳,twse,5.70,5.70,5.55,5.57,236900,1334515,-0.19,,79000000,77,,
2007-05-09_1527,2007-05-09,1527,鑽全,twse,47.00,47.35,46.80,47.30,729643,34356943,0.15,,186219600,295,,
2007-05-09_1528,2007-05-09,1528,恩德,twse,20.45,20.60,20.20,20.45,926664,18877726,0.0,,96000000,264,,
2007-05-09_1529,2007-05-09,1529,樂事綠能,twse,11.15,11.40,11.00,11.05,2658910,29556554,-0.2,,91850192,511,,
2007-05-09_1530,2007-05-09,1530,亞崴,twse,78.80,80.20,78.70,79.90,432410,34432995,1.2,,64905300,233,,
2007-05-09_1531,2007-05-09,1531,高林股,twse,26.50,26.60,26.20,26.50,1412757,37218259,0.2,,169495565,309,,
2007-05-09_1532,2007-05-09,1532,勤美,twse,55.50,56.50,55.30,55.70,962555,53782812,0.6,,210853613,427,,
2007-05-09_1533,2007-05-09,1533,車王電,twse,37.85,38.40,37.80,37.80,294000,11148250,-0.05,,96343698,67,,
2007-05-09_1535,2007-05-09,1535,中宇,twse,38.00,40.00,37.65,38.20,6052510,234904980,0.6,,90147418,2577,,
2007-05-09_1536,2007-05-09,1536,和大,twse,46.70,47.50,46.20,47.50,466553,21950393,0.8,,98734180,97,,
2007-05-09_1537,2007-05-09,1537,廣隆,twse,39.45,39.80,39.45,39.75,250153,9914178,0.05,,66000000,81,,
2007-05-09_1538,2007-05-09,1538,正峰,twse,34.40,34.45,34.20,34.40,561998,19292279,0.0,,127640425,255,,
2007-05-09_1539,2007-05-09,1539,巨庭,twse,13.30,13.55,13.05,13.15,102000,1354250,-0.35,,64800000,47,,
2007-05-09_1540,2007-05-09,1540,喬福,twse,38.20,38.20,37.70,37.75,193000,7299500,0.05,,61937400,74,,
2007-05-09_1541,2007-05-09,1541,錩泰,twse,17.40,18.50,17.00,18.05,205000,3622700,0.65,,68277800,116,,
2007-05-09_1560,2007-05-09,1560,中砂,twse,122.00,122.00,120.00,120.00,453250,54670875,-1.5,,115300000,317,,
2007-05-09_1601,2007-05-09,1601,台光,twse,5.01,5.01,5.01,5.01,38000,190380,-0.37,down,137808000,9,,
2007-05-09_1603,2007-05-09,1603,華電,twse,6.70,6.71,6.60,6.70,1178525,7843821,0.0,,342300000,183,,
2007-05-09_1604,2007-05-09,1604,聲寶,twse,6.23,6.37,6.16,6.20,1427498,8891454,-0.04,,876390000,251,,
2007-05-09_1605,2007-05-09,1605,華新,twse,17.45,17.45,17.20,17.20,9880897,170741301,-0.25,,3244314261,1751,,
2007-05-09_1606,2007-05-09,1606,歌林,twse,9.70,9.72,9.56,9.56,5511308,53094314,-0.09,,808389540,899,,
2007-05-09_1608,2007-05-09,1608,華榮,twse,10.25,10.30,10.00,10.00,2162679,21890742,-0.2,,632773506,434,,
2007-05-09_1609,2007-05-09,1609,大亞,twse,12.40,12.65,12.35,12.40,2342977,29267601,0.0,,482152848,698,,
2007-05-09_1611,2007-05-09,1611,中電,twse,16.40,16.40,16.20,16.30,332478,5410642,-0.1,,381717540,78,,
2007-05-09_1612,2007-05-09,1612,宏泰,twse,26.10,26.35,25.55,25.55,2090116,54208862,-0.55,,329863063,680,,
2007-05-09_1613,2007-05-09,1613,台一,twse,5.96,6.00,5.93,5.97,292913,1748227,0.02,,200000000,95,,
2007-05-09_1614,2007-05-09,1614,三洋電,twse,22.70,22.70,22.40,22.45,91000,2045700,-0.35,,316604007,47,,
2007-05-09_1615,2007-05-09,1615,大山,twse,13.85,14.05,13.75,13.80,163176,2271091,-0.05,,96850029,75,,
2007-05-09_1616,2007-05-09,1616,億泰,twse,12.40,12.45,12.10,12.10,620823,7610532,-0.3,,143608350,213,,
2007-05-09_1617,2007-05-09,1617,榮星,twse,10.50,10.75,10.50,10.60,126627,1352183,0.1,,113481782,26,,
2007-05-09_1618,2007-05-09,1618,合機,twse,9.98,10.30,9.98,10.15,6397847,64832519,0.24,,229263929,849,,
2007-05-09_1701,2007-05-09,1701,中化,twse,13.40,13.40,13.10,13.20,3116747,41348467,-0.2,,298081080,691,,
2007-05-09_1702,2007-05-09,1702,南僑,twse,9.21,9.22,9.00,9.03,665101,6053247,-0.18,,294132962,194,,
2007-05-09_1704,2007-05-09,1704,榮化,twse,28.50,28.50,28.00,28.10,1330445,37431531,-0.4,,517825886,454,,
2007-05-09_1707,2007-05-09,1707,葡萄王,twse,14.60,15.20,14.30,14.70,6451678,95705723,0.2,,133435040,1504,,
2007-05-09_1708,2007-05-09,1708,東鹼,twse,18.25,18.25,18.00,18.00,1317908,23867250,-0.25,,210452897,427,,
2007-05-09_1709,2007-05-09,1709,和益,twse,13.35,13.60,13.30,13.50,69268,930224,0.15,,240947900,43,,
2007-05-09_1710,2007-05-09,1710,東聯,twse,26.15,26.20,25.40,25.60,4569683,117735854,-0.5,,770721249,1294,,
2007-05-09_1711,2007-05-09,1711,永光,twse,20.05,20.60,20.05,20.05,2320516,47183536,0.0,,375951000,715,,
2007-05-09_1712,2007-05-09,1712,興農,twse,10.35,10.45,10.25,10.25,2231107,23135491,-0.1,,364418345,515,,
2007-05-09_1713,2007-05-09,1713,國化,twse,17.25,17.25,16.95,16.95,284529,4845960,-0.35,,150951700,105,,
2007-05-09_1714,2007-05-09,1714,和桐,twse,10.25,10.45,10.20,10.20,2533341,26072716,0.0,,605886360,534,,
2007-05-09_1715,2007-05-09,1715,萬洲,twse,16.00,16.70,16.00,16.30,4575568,74604497,0.25,,289409439,613,,
2007-05-09_1716,2007-05-09,1716,永信,twse,30.10,30.35,30.00,30.10,318331,9586110,0.05,,253736175,158,,
2007-05-09_1717,2007-05-09,1717,長興,twse,56.70,57.00,55.70,56.10,1425771,80200319,-0.6,,711451190,413,,
2007-05-09_1718,2007-05-09,1718,中纖,twse,7.99,8.10,7.86,7.90,11758821,93899799,-0.09,,1464100000,1725,,
2007-05-09_1720,2007-05-09,1720,生達,twse,22.00,22.05,21.70,21.75,300931,6582455,-0.25,,151570721,90,,
2007-05-09_1721,2007-05-09,1721,國慶科技,twse,8.09,8.09,7.96,8.05,608000,4884310,-0.04,,95934510,146,,
2007-05-09_1722,2007-05-09,1722,台肥,twse,61.50,61.50,60.50,60.90,2780600,169350760,-0.6,,980000000,1382,,
2007-05-09_1723,2007-05-09,1723,中碳,twse,68.00,69.00,67.70,68.60,515298,35248338,0.6,,211008314,217,,
2007-05-09_1724,2007-05-09,1724,台硝,twse,14.90,15.00,14.85,14.85,174930,2614908,-0.05,,127750030,31,,
2007-05-09_1725,2007-05-09,1725,元禎,twse,29.30,29.30,28.50,29.00,64000,1856850,-0.3,,100200000,36,,
2007-05-09_1726,2007-05-09,1726,永記,twse,58.90,59.00,58.60,59.00,111378,6548512,0.0,,159998852,28,,
2007-05-09_1727,2007-05-09,1727,中華化,twse,10.75,10.75,10.65,10.65,54749,585001,-0.05,,66000000,25,,
2007-05-09_1729,2007-05-09,1729,必翔,twse,65.00,65.20,64.40,64.70,400782,25969702,-0.3,,173446693,187,,
2007-05-09_1730,2007-05-09,1730,花仙子,twse,13.00,13.10,12.90,13.00,144000,1870050,-0.05,,53481168,44,,
2007-05-09_1731,2007-05-09,1731,美吾華,twse,13.20,13.30,12.75,13.00,1453593,18865725,-0.1,,103313380,436,,
2007-05-09_1732,2007-05-09,1732,毛寶,twse,13.45,13.45,13.20,13.45,187870,2504771,0.0,,42443957,83,,
2007-05-09_1733,2007-05-09,1733,五鼎,twse,58.50,59.60,58.20,58.20,631293,37182850,0.3,,74130000,233,,
2007-05-09_1734,2007-05-09,1734,杏輝,twse,18.90,19.65,18.75,19.15,2090626,40318057,0.15,,105762200,578,,
2007-05-09_1735,2007-05-09,1735,日勝化,twse,14.45,14.50,14.20,14.45,49434,709104,0.0,,89700000,28,,
2007-05-09_1736,2007-05-09,1736,喬山,twse,226.00,226.00,221.00,222.00,332866,73920020,2.0,,155101250,84,,
2007-05-09_1737,2007-05-09,1737,臺鹽,twse,25.60,26.50,25.55,25.95,8298303,215836310,0.45,,278095500,2620,,
2007-05-09_1802,2007-05-09,1802,台玻,twse,29.55,29.80,29.10,29.80,1528676,45187475,0.25,,1647423360,397,,
2007-05-09_1805,2007-05-09,1805,寶徠,twse,10.20,10.75,9.35,10.75,50619,514811,0.7,,53125000,40,,
2007-05-09_1806,2007-05-09,1806,冠軍,twse,17.60,17.90,17.40,17.55,1803859,31786487,0.05,,300000000,527,,
2007-05-09_1808,2007-05-09,1808,潤隆,twse,44.45,44.45,43.45,44.00,44098,1933271,0.55,,64980000,43,,
2007-05-09_1809,2007-05-09,1809,中釉,twse,15.45,15.45,15.05,15.10,506415,7699916,-0.35,,164007902,205,,
2007-05-09_1810,2007-05-09,1810,和成,twse,13.25,13.30,13.05,13.10,957450,12645400,-0.1,,418948455,262,,
2007-05-09_1902,2007-05-09,1902,台紙,twse,9.35,9.45,9.25,9.35,1155541,10806299,0.0,,331930000,303,,
2007-05-09_1903,2007-05-09,1903,士紙,twse,48.00,48.65,48.00,48.00,264028,12742932,-0.3,,260039121,64,,
2007-05-09_1904,2007-05-09,1904,正隆,twse,12.60,12.80,12.60,12.75,2256532,28728763,0.05,,1070349847,393,,
2007-05-09_1905,2007-05-09,1905,華紙,twse,16.10,16.15,15.55,15.75,5075955,79774185,-0.35,,598440113,1163,,
2007-05-09_1906,2007-05-09,1906,寶隆,twse,7.16,7.20,7.10,7.18,122580,876223,0.0,,151000000,47,,
2007-05-09_1907,2007-05-09,1907,永豐餘,twse,13.55,13.65,13.40,13.45,1166949,15714308,-0.1,,1556745108,195,,
2007-05-09_1909,2007-05-09,1909,榮成,twse,15.25,15.35,14.90,15.05,1911558,28832570,-0.3,,502291437,497,,
2007-05-09_2002,2007-05-09,2002,中鋼,twse,40.10,40.10,39.65,39.90,12337602,491724592,-0.25,,11092392042,2943,,
2007-05-09_2002A,2007-05-09,2002A,中鋼特,twse,40.00,40.00,39.65,39.65,20000,793700,-0.15,,47777000,6,,
2007-05-09_2006,2007-05-09,2006,東和鋼鐵,twse,38.30,38.45,38.00,38.00,4404627,168475076,-0.3,,761630085,953,,
2007-05-09_2007,2007-05-09,2007,燁興,twse,9.98,10.40,9.90,10.40,9682340,99786071,0.64,,381180041,1264,,
2007-05-09_2008,2007-05-09,2008,高興昌,twse,7.63,7.75,7.63,7.68,928091,7159128,0.05,,423826604,233,,
2007-05-09_2009,2007-05-09,2009,第一銅,twse,16.40,16.60,16.30,16.40,1502994,24621697,0.0,,359622165,380,,
2007-05-09_2010,2007-05-09,2010,春源,twse,14.65,14.65,14.55,14.55,318280,4644918,-0.1,,515324754,90,,
2007-05-09_2012,2007-05-09,2012,春雨,twse,11.05,11.05,10.80,10.85,561928,6134171,-0.15,,287774000,166,,
2007-05-09_2013,2007-05-09,2013,中鋼構,twse,17.95,18.10,17.95,18.05,289277,5204859,0.0,,160903823,81,,
2007-05-09_2014,2007-05-09,2014,中鴻,twse,17.35,17.45,17.20,17.35,3134657,54240305,0.05,,1284570620,845,,
2007-05-09_2015,2007-05-09,2015,豐興,twse,42.20,42.60,41.80,42.20,3579093,150732606,0.0,,566832451,227,,
2007-05-09_2017,2007-05-09,2017,官田鋼,twse,10.70,11.00,10.65,10.65,7378214,79850374,0.1,,450794036,1434,,
2007-05-09_2020,2007-05-09,2020,美亞,twse,38.80,39.30,38.10,38.20,3814002,147498022,-0.6,,162347774,1342,,
2007-05-09_2022,2007-05-09,2022,聚亨,twse,7.12,7.26,7.12,7.18,3623906,26104068,0.1,,455008404,625,,
2007-05-09_2023,2007-05-09,2023,燁輝,twse,14.85,14.95,14.80,14.80,3673920,54534703,0.0,,1349194956,751,,
2007-05-09_2024,2007-05-09,2024,志聯,twse,9.10,9.30,9.00,9.02,432862,3968729,-0.05,,104350000,143,,
2007-05-09_2025,2007-05-09,2025,千興,twse,13.10,13.65,13.10,13.25,6738717,90365848,0.0,,322834050,1280,,
2007-05-09_2027,2007-05-09,2027,大成鋼,twse,53.00,53.90,52.00,52.00,6222941,329742932,-1.0,,400037395,1934,,
2007-05-09_2028,2007-05-09,2028,威致,twse,8.79,9.15,8.79,8.95,1768169,15867524,0.16,,265000000,416,,
2007-05-09_2029,2007-05-09,2029,盛餘,twse,35.05,35.30,35.05,35.10,499088,17560786,0.05,,321180000,156,,
2007-05-09_2030,2007-05-09,2030,彰源,twse,42.50,43.10,42.25,42.35,4324967,184550699,0.05,,189830909,1339,,
2007-05-09_2031,2007-05-09,2031,新光鋼,twse,28.30,28.40,27.70,27.70,1499429,42075162,-0.45,,215723720,594,,
2007-05-09_2032,2007-05-09,2032,新鋼,twse,38.65,39.50,38.05,38.80,1372218,53406352,0.2,,91756276,583,,
2007-05-09_2033,2007-05-09,2033,佳大,twse,10.45,10.55,10.20,10.30,360280,3710082,-0.15,,74031685,121,,
2007-05-09_2034,2007-05-09,2034,允強,twse,57.30,58.00,56.60,56.60,3399000,194121989,-0.6,,217129316,1233,,
2007-05-09_2101,2007-05-09,2101,南港,twse,58.00,58.40,57.50,58.00,1390808,80534464,0.0,,359228000,607,,
2007-05-09_2102,2007-05-09,2102,泰豐,twse,23.10,23.10,22.55,22.60,892822,20301543,-0.5,,313203291,370,,
2007-05-09_2103,2007-05-09,2103,台橡,twse,30.50,30.60,30.20,30.25,2517617,76498710,-0.25,,649909469,588,,
2007-05-09_2104,2007-05-09,2104,國際中橡,twse,33.60,34.85,33.30,34.80,8945499,307967002,1.2,,421074988,2575,,
2007-05-09_2105,2007-05-09,2105,正新,twse,34.00,34.50,33.70,34.00,6842375,232980374,0.0,,1217773322,1441,,
2007-05-09_2106,2007-05-09,2106,建大,twse,20.50,20.90,20.50,20.85,3082400,63963296,0.05,,459558000,760,,
2007-05-09_2107,2007-05-09,2107,厚生,twse,23.50,23.65,23.15,23.20,3724780,87093146,-0.3,,524082432,1220,,
2007-05-09_2108,2007-05-09,2108,南帝,twse,19.30,19.75,19.25,19.65,3668610,71490069,0.35,,253450801,729,,
2007-05-09_2109,2007-05-09,2109,華豐,twse,8.76,8.76,8.55,8.66,405375,3508898,-0.08,,319165081,133,,
2007-05-09_2201,2007-05-09,2201,裕隆,twse,37.40,37.60,37.10,37.40,6205082,232029905,-0.1,,1433760592,959,,
2007-05-09_2204,2007-05-09,2204,中華,twse,29.30,29.60,29.15,29.50,1382799,40488432,0.15,,1380150104,497,,
2007-05-09_2206,2007-05-09,2206,三陽工業,twse,19.40,19.60,19.40,19.50,1554015,30289162,0.0,,805370000,551,,
2007-05-09_2207,2007-05-09,2207,和泰車,twse,79.60,79.60,79.30,79.30,665539,52895516,-0.5,,546179184,85,,
2007-05-09_2227,2007-05-09,2227,裕日車,twse,82.80,82.80,81.00,82.20,177000,14473300,-0.8,,300000000,111,,
2007-05-09_2301,2007-05-09,2301,光寶科,twse,41.00,41.00,40.80,40.85,4393287,179697526,-0.15,,2873481192,1550,,
2007-05-09_2302,2007-05-09,2302,麗正,twse,6.04,6.04,5.80,5.82,1409277,8301932,-0.07,,286975000,425,,
2007-05-09_2303,2007-05-09,2303,聯電,twse,19.65,19.70,19.45,19.50,23689081,462549442,-0.15,,19070111190,3706,,
2007-05-09_2305,2007-05-09,2305,全友,twse,4.82,4.95,4.75,4.86,646522,3141833,0.05,,205660827,150,,
2007-05-09_2308,2007-05-09,2308,台達電,twse,112.00,113.00,111.50,111.50,4494254,503349812,-1.5,,1969445000,1725,,
2007-05-09_2311,2007-05-09,2311,日月光,twse,38.30,38.40,37.90,38.10,16272566,619889625,-0.1,,4576812980,2719,,
2007-05-09_2312,2007-05-09,2312,金寶,twse,12.50,12.75,12.50,12.65,6842512,86560070,0.15,,1395226630,1109,,
2007-05-09_2313,2007-05-09,2313,華通,twse,13.50,13.90,13.45,13.65,22780867,311816780,0.2,,1208525132,3228,,
2007-05-09_2314,2007-05-09,2314,台揚,twse,15.40,15.45,15.05,15.10,3012634,45701919,-0.35,,429171978,717,,
2007-05-09_2315,2007-05-09,2315,神達,twse,37.00,37.30,36.30,36.40,9740784,358341786,-0.6,,1277584632,2529,,
2007-05-09_2316,2007-05-09,2316,楠梓電,twse,13.40,13.60,13.35,13.40,3834951,51680185,0.05,,457202740,917,,
2007-05-09_2317,2007-05-09,2317,鴻海,twse,243.00,243.00,240.00,242.00,9061004,2186745964,-0.5,,5168138753,3250,,
2007-05-09_2321,2007-05-09,2321,東訊,twse,15.65,15.90,15.60,15.60,1943196,30542835,-0.05,,297331831,650,,
2007-05-09_2323,2007-05-09,2323,中環,twse,9.90,9.93,9.82,9.89,4375658,43222757,-0.01,,2995161134,706,,
2007-05-09_2324,2007-05-09,2324,仁寶,twse,29.55,30.10,29.55,29.70,10904777,325763255,0.15,,3792887819,3002,,
2007-05-09_2325,2007-05-09,2325,矽品,twse,68.00,68.80,67.70,67.90,5291456,359748296,-1.1,,2880999524,1529,,
2007-05-09_2327,2007-05-09,2327,國巨*,twse,13.50,13.50,13.25,13.30,15588888,208428054,-0.25,,2422214451,1803,,
2007-05-09_2328,2007-05-09,2328,廣宇,twse,79.00,79.80,77.30,78.00,9677044,762241532,0.0,,423000000,4426,,
2007-05-09_2329,2007-05-09,2329,華泰,twse,11.45,11.65,11.30,11.30,5529684,63175248,-0.15,,876015782,996,,
2007-05-09_2330,2007-05-09,2330,台積電,twse,67.90,68.50,67.70,68.00,32817934,2234428012,0.0,,25832959219,5742,,
2007-05-09_2331,2007-05-09,2331,精英,twse,18.20,18.30,17.50,17.50,3440065,61948734,-0.6,,1255189083,1025,,
2007-05-09_2332,2007-05-09,2332,友訊,twse,62.80,63.00,62.00,62.80,1437740,90103908,-0.1,,663378010,560,,
2007-05-09_2336,2007-05-09,2336,致伸,twse,16.30,16.35,16.25,16.35,1994093,32506559,0.1,,440931367,463,,
2007-05-09_2337,2007-05-09,2337,旺宏,twse,14.10,14.15,13.70,13.85,15432321,214150685,-0.25,,2915921786,3271,,
2007-05-09_2338,2007-05-09,2338,光罩,twse,19.85,20.10,19.60,19.85,4244005,83840495,0.15,,353902953,643,,
2007-05-09_2340,2007-05-09,2340,台亞,twse,24.80,25.00,24.50,24.50,5746703,141879047,-0.4,,772293671,1406,,
2007-05-09_2341,2007-05-09,2341,英群,twse,13.30,13.85,13.00,13.20,8038185,108134720,0.0,,400782383,1814,,
2007-05-09_2342,2007-05-09,2342,茂矽,twse,41.30,41.70,40.80,40.80,9950286,408710408,-0.5,,1026692202,3575,,
2007-05-09_2344,2007-05-09,2344,華邦電,twse,11.55,12.05,11.55,11.80,55384909,656262687,0.4,,3870500193,8102,,
2007-05-09_23442,2007-05-09,23442,華邦二,twse,,,,,0,0,0.0,,,0,無成交,
2007-05-09_2345,2007-05-09,2345,智邦,twse,19.15,19.40,18.75,18.75,6947456,132811969,-0.35,,544585528,1852,,
2007-05-09_2347,2007-05-09,2347,聯強,twse,42.45,42.45,41.95,42.25,2794236,117790667,-0.2,,1022000000,844,,
2007-05-09_2348,2007-05-09,2348,海悅,twse,22.20,22.20,21.50,21.70,395225,8588402,-0.55,,68705184,193,,
2007-05-09_2349,2007-05-09,2349,錸德,twse,7.70,7.77,7.68,7.69,7553404,58239133,-0.01,,2289362866,1153,,
2007-05-09_2350,2007-05-09,2350,環電,twse,20.50,20.75,20.35,20.40,6696588,137390314,-0.1,,942086133,1360,,
2007-05-09_2351,2007-05-09,2351,順德,twse,58.70,59.30,57.90,58.50,1773700,104184100,0.0,,173558249,680,,
2007-05-09_2352,2007-05-09,2352,佳世達,twse,12.00,12.15,12.00,12.15,14451362,174162399,-0.1,,2564880011,2810,,
2007-05-09_2353,2007-05-09,2353,宏碁,twse,63.60,64.20,63.40,63.50,5343279,340218812,-0.5,,2337063681,1808,,
2007-05-09_2354,2007-05-09,2354,鴻準,twse,339.00,339.00,334.00,334.00,1262803,424312797,-4.0,,653787250,970,,
2007-05-09_2355,2007-05-09,2355,敬鵬,twse,28.00,28.10,27.65,27.65,4161659,116010191,-0.25,,343194943,1170,,
2007-05-09_2356,2007-05-09,2356,英業達,twse,23.95,24.10,23.90,24.00,2879611,69085621,0.05,,2301000000,1071,,
2007-05-09_2357,2007-05-09,2357,華碩,twse,81.00,81.30,80.80,80.90,8864706,717945812,0.1,,3407070144,3199,,
2007-05-09_2358,2007-05-09,2358,廷鑫,twse,12.50,12.50,12.15,12.15,198943,2439302,-0.35,,65000000,89,,
2007-05-09_2359,2007-05-09,2359,所羅門,twse,15.25,15.60,15.10,15.30,21056399,324012973,0.05,,376183398,4366,,
2007-05-09_2360,2007-05-09,2360,致茂,twse,53.70,54.50,53.00,53.50,2027343,108924179,0.2,,284344150,490,,
2007-05-09_2361,2007-05-09,2361,鴻友,twse,9.25,9.40,9.05,9.10,2762811,25445979,-0.15,,335633411,686,,
2007-05-09_2362,2007-05-09,2362,藍天,twse,33.55,34.00,33.20,33.35,1065175,35725400,-0.35,,558227300,434,,
2007-05-09_2363,2007-05-09,2363,矽統,twse,18.45,18.55,18.20,18.20,14535479,267495427,-0.1,,1422927679,3101,,
2007-05-09_2364,2007-05-09,2364,倫飛,twse,7.18,7.19,7.01,7.03,1679899,11851467,-0.07,,277303712,334,,
2007-05-09_2365,2007-05-09,2365,昆盈,twse,46.70,46.90,46.05,46.30,1242226,57712649,-0.4,,243230719,384,,
2007-05-09_2367,2007-05-09,2367,燿華,twse,25.10,25.40,24.50,24.50,6529322,162039746,-0.6,,381783215,1431,,
2007-05-09_2368,2007-05-09,2368,金像電,twse,23.75,24.60,23.60,24.35,19066722,462061866,0.65,,511691920,4076,,
2007-05-09_2369,2007-05-09,2369,菱生,twse,12.30,12.45,12.15,12.30,2098594,25811975,0.0,,300836841,397,,
2007-05-09_2371,2007-05-09,2371,大同,twse,14.05,14.25,14.00,14.10,9991226,141121650,0.05,,4198204600,1277,,
2007-05-09_2373,2007-05-09,2373,震旦行,twse,19.00,19.30,19.00,19.05,442697,8447843,-0.2,,352217137,176,,
2007-05-09_2374,2007-05-09,2374,佳能,twse,39.70,39.90,39.25,39.25,4102001,162104019,-0.3,,365494121,1198,,
2007-05-09_2375,2007-05-09,2375,凱美,twse,8.35,8.35,8.02,8.12,1500625,12297321,-0.18,,375388784,365,,
2007-05-09_2376,2007-05-09,2376,技嘉,twse,21.65,22.30,21.65,21.80,3637941,80094201,0.2,,671471898,1210,,
2007-05-09_2377,2007-05-09,2377,微星,twse,24.50,25.95,24.50,25.10,17563869,445984364,0.45,,880562352,5361,,
2007-05-09_2379,2007-05-09,2379,瑞昱,twse,71.80,72.00,70.00,70.10,10800553,765904166,-1.4,,836140123,3729,,
2007-05-09_2380,2007-05-09,2380,虹光,twse,21.60,22.00,21.40,21.70,615874,13414425,0.0,,224072600,194,,
2007-05-09_2381,2007-05-09,2381,華宇,twse,7.35,7.38,7.25,7.25,4223671,30938991,-0.04,,1073555258,1020,,
2007-05-09_2382,2007-05-09,2382,廣達,twse,48.70,48.75,48.20,48.35,9474282,458589467,-0.3,,3363008010,1712,,
2007-05-09_2383,2007-05-09,2383,台光電,twse,15.60,16.05,15.60,15.85,1439854,22897589,0.0,,215038322,426,,
2007-05-09_2384,2007-05-09,2384,勝華,twse,27.45,27.45,26.75,26.75,6404021,172453191,-0.7,,1047906205,2076,,
2007-05-09_2385,2007-05-09,2385,群光,twse,51.70,51.70,50.50,50.90,684691,34937662,-0.8,,442550000,142,,
2007-05-09_2387,2007-05-09,2387,精元,twse,41.00,41.60,40.55,40.55,839999,34439709,-0.95,,308468800,416,,
2007-05-09_2388,2007-05-09,2388,威盛,twse,32.75,32.80,31.80,31.80,8029165,258851530,-0.95,,1325389335,2770,,
2007-05-09_2390,2007-05-09,2390,云辰,twse,10.80,11.20,10.65,11.20,6898833,76390155,0.7,,232993352,928,,
2007-05-09_2391,2007-05-09,2391,合勤,twse,52.20,52.60,51.60,52.50,3705126,192976584,0.0,,503960879,1541,,
2007-05-09_2392,2007-05-09,2392,正崴,twse,96.00,96.50,94.90,95.00,2359952,224732040,-1.1,,373220739,1205,,
2007-05-09_2393,2007-05-09,2393,億光,twse,125.00,126.50,122.00,123.50,3895032,484334443,0.5,,320251297,1991,,
2007-05-09_2395,2007-05-09,2395,研華,twse,101.00,101.00,99.90,100.00,536866,53837765,-1.0,,463179515,218,,
2007-05-09_2396,2007-05-09,2396,精碟,twse,5.72,5.94,5.71,5.78,13742577,80029696,0.08,,1285577078,2261,,
2007-05-09_2397,2007-05-09,2397,友通,twse,82.90,82.90,82.40,82.90,530311,43805257,-0.1,,108316900,73,,
2007-05-09_2399,2007-05-09,2399,映泰,twse,24.20,24.85,24.20,24.30,1349851,33164748,0.1,,161200000,441,,
2007-05-09_2401,2007-05-09,2401,凌陽,twse,69.60,69.90,68.00,68.00,3955085,271652549,-1.6,,512953665,1575,,
2007-05-09_2402,2007-05-09,2402,毅嘉,twse,32.10,32.10,31.70,31.75,1631631,51917236,-0.25,,293905721,604,,
2007-05-09_2403,2007-05-09,2403,友尚,twse,21.80,22.25,21.80,22.00,1086401,23953322,0.2,,260085172,383,,
2007-05-09_2404,2007-05-09,2404,漢唐,twse,29.15,29.40,28.95,29.20,2532814,74009537,0.05,,251072373,694,,
2007-05-09_2405,2007-05-09,2405,輔信,twse,13.00,13.30,12.95,13.00,933408,12252610,0.05,,217158303,291,,
2007-05-09_2406,2007-05-09,2406,國碩,twse,10.70,11.30,10.65,11.05,12366124,137297950,0.35,,294320449,1921,,
2007-05-09_2408,2007-05-09,2408,南亞科,twse,28.60,28.65,28.40,28.45,9155563,260970235,-0.15,,3981788345,2106,,
2007-05-09_2409,2007-05-09,2409,友達,twse,54.50,54.50,53.50,53.90,28635886,1545822773,-0.9,,7573178617,5429,,
2007-05-09_2411,2007-05-09,2411,飛瑞,twse,30.55,30.70,30.55,30.70,332004,10167869,0.1,,471918291,153,,
2007-05-09_2412,2007-05-09,2412,中華電,twse,63.30,64.00,63.00,63.80,3755400,238965534,0.8,,9667845093,1155,,
2007-05-09_2413,2007-05-09,2413,環科,twse,25.10,25.35,24.70,24.70,1062952,26712164,-0.3,,133270000,398,,
2007-05-09_2414,2007-05-09,2414,精技,twse,16.65,16.75,16.45,16.45,1073235,17750452,-0.3,,189506871,266,,
2007-05-09_2415,2007-05-09,2415,錩新,twse,19.45,19.45,19.20,19.20,48817,942954,-0.25,,76492411,33,,
2007-05-09_2417,2007-05-09,2417,圓剛,twse,47.00,47.40,46.00,46.00,1424786,66454656,-0.8,,188887071,709,,
2007-05-09_2419,2007-05-09,2419,仲琦,twse,13.35,13.80,13.35,13.50,3385171,46075206,0.3,,135537369,949,,
2007-05-09_2420,2007-05-09,2420,新巨,twse,38.25,38.50,37.80,37.80,718700,27372809,-0.45,,135427219,306,,
2007-05-09_2421,2007-05-09,2421,建準,twse,22.80,23.40,22.75,22.90,6313802,145803542,-0.1,,210011908,1031,,
2007-05-09_2423,2007-05-09,2423,固緯,twse,37.20,37.60,36.90,36.90,265791,9873428,-0.5,,88668511,112,,
2007-05-09_2424,2007-05-09,2424,隴華,twse,7.88,7.88,7.70,7.71,559503,4326588,-0.21,,82751080,179,,
2007-05-09_2425,2007-05-09,2425,承啟,twse,18.40,18.75,17.50,17.70,1778628,32127661,-0.7,,128964691,707,,
2007-05-09_2426,2007-05-09,2426,鼎元,twse,30.25,30.50,29.80,29.80,8436075,254372612,-0.45,,254110360,2861,,
2007-05-09_2427,2007-05-09,2427,三商電,twse,8.09,8.14,8.03,8.06,334252,2698758,-0.01,,221823463,85,,
2007-05-09_2428,2007-05-09,2428,興勤,twse,31.05,31.05,30.50,30.50,408240,12531069,-0.5,,101257137,170,,
2007-05-09_2429,2007-05-09,2429,銘旺科,twse,2.59,2.90,2.59,2.90,36013,95136,0.12,,157530000,7,,
2007-05-09_2430,2007-05-09,2430,燦坤,twse,28.55,30.25,28.55,29.90,2683274,80170750,1.6,,246634322,868,,
2007-05-09_2431,2007-05-09,2431,聯昌,twse,10.45,10.55,10.40,10.55,119758,1255145,0.0,,106264783,51,,
2007-05-09_2432,2007-05-09,2432,倚天酷碁-創,twse,51.50,54.30,51.20,51.20,17322578,913860775,0.0,,153844000,5205,,
2007-05-09_2433,2007-05-09,2433,互盛電,twse,14.15,14.25,14.05,14.15,79130,1118470,-0.15,,149107219,39,,
2007-05-09_2434,2007-05-09,2434,統懋,twse,36.30,38.50,36.05,36.60,2887382,108014755,0.55,,82660085,1350,,
2007-05-09_2436,2007-05-09,2436,偉詮電,twse,24.20,25.20,23.85,24.70,9057615,223269831,0.7,,217000000,3162,,
2007-05-09_2437,2007-05-09,2437,旺詮,twse,38.35,39.10,38.35,38.40,122801,4753496,-0.95,,60335034,84,,
2007-05-09_2438,2007-05-09,2438,翔耀,twse,10.60,10.80,10.45,10.75,2941526,31354846,0.15,,293867480,511,,
2007-05-09_2439,2007-05-09,2439,美律,twse,115.00,115.00,113.50,114.50,418703,47918142,0.5,,143944669,168,,
2007-05-09_2440,2007-05-09,2440,太空梭,twse,7.91,7.99,7.90,7.99,1403913,11206814,0.52,,244929379,219,,
2007-05-09_2441,2007-05-09,2441,超豐,twse,52.90,53.20,52.10,52.50,1889350,99541972,-0.3,,421552995,870,,
2007-05-09_2442,2007-05-09,2442,新美齊,twse,13.90,13.90,13.25,13.40,2303000,31259150,0.0,,250000000,652,,
2007-05-09_2443,2007-05-09,2443,昶虹,twse,7.10,7.33,7.10,7.15,4560642,32950883,0.1,,422079439,730,,
2007-05-09_2444,2007-05-09,2444,兆勁,twse,22.00,22.50,21.30,21.60,4629254,101595736,-0.35,,159357200,1719,,
2007-05-09_2446,2007-05-09,2446,全懋,twse,36.70,36.90,36.10,36.15,3312425,120519786,-0.55,,666627409,1340,,
2007-05-09_2447,2007-05-09,2447,鼎新,twse,33.00,33.80,32.80,33.30,1057539,35255996,0.4,,126992533,209,,
2007-05-09_2448,2007-05-09,2448,晶電,twse,123.00,123.50,118.50,119.00,6040617,730048923,-2.5,,501064830,2336,,
2007-05-09_2449,2007-05-09,2449,京元電子,twse,26.50,26.70,26.20,26.25,3349654,88622974,-0.15,,1089670967,1125,,
2007-05-09_2450,2007-05-09,2450,神腦,twse,45.00,45.65,45.00,45.10,445449,20198623,-0.2,,225515240,150,,
2007-05-09_2451,2007-05-09,2451,創見,twse,114.50,115.50,112.00,112.00,1770821,201712915,-3.0,,336539636,742,,
2007-05-09_2452,2007-05-09,2452,乾坤,twse,60.20,60.80,59.10,59.50,687005,40967795,-0.7,,160898000,368,,
2007-05-09_2453,2007-05-09,2453,凌群,twse,10.50,10.55,10.35,10.55,61864,645277,0.0,,100000000,36,,
2007-05-09_2454,2007-05-09,2454,聯發科,twse,473.00,474.00,453.00,456.00,6693344,3094525660,-17.0,,968312683,4204,,
2007-05-09_2455,2007-05-09,2455,全新,twse,50.60,51.00,50.00,50.30,274008,13808502,0.1,,99935000,140,,
2007-05-09_2456,2007-05-09,2456,奇力新,twse,25.60,25.85,25.30,25.30,1143349,29182327,-0.3,,140320903,353,,
2007-05-09_2457,2007-05-09,2457,飛宏,twse,24.20,24.80,24.00,24.50,5425906,133190189,0.3,,329883829,1689,,
2007-05-09_2458,2007-05-09,2458,義隆,twse,43.10,43.50,41.90,42.40,20032382,854699186,-1.25,,361784773,5848,,
2007-05-09_2459,2007-05-09,2459,敦吉,twse,38.25,38.50,38.00,38.00,801021,30559192,0.0,,148680404,325,,
2007-05-09_2460,2007-05-09,2460,建通,twse,45.00,45.00,43.50,44.00,764008,33918050,-0.4,,108100000,362,,
2007-05-09_2461,2007-05-09,2461,光群雷,twse,34.80,35.60,34.80,35.10,4055782,143230694,0.8,,137179404,1308,,
2007-05-09_2462,2007-05-09,2462,良得電,twse,22.90,23.40,22.85,23.30,1861363,43047703,0.8,,62093366,618,,
2007-05-09_2463,2007-05-09,2463,研揚,twse,45.80,46.10,45.60,45.70,126063,5784172,-0.1,,76869555,71,,
2007-05-09_2464,2007-05-09,2464,盟立,twse,39.00,39.20,38.85,39.10,1476213,57593621,0.2,,145671987,526,,
2007-05-09_2465,2007-05-09,2465,麗臺,twse,16.30,16.60,16.05,16.05,3630399,58878984,-0.45,,203209917,982,,
2007-05-09_2466,2007-05-09,2466,冠西電,twse,39.60,40.65,39.60,40.50,113652,4591409,-0.2,,119622899,54,,
2007-05-09_2467,2007-05-09,2467,志聖,twse,23.55,23.55,23.25,23.35,353072,8247217,-0.2,,129106561,180,,
2007-05-09_2468,2007-05-09,2468,華經,twse,14.45,14.50,14.15,14.50,104492,1496908,0.05,,69294257,44,,
2007-05-09_2469,2007-05-09,2469,力信,twse,21.05,21.25,20.90,20.95,442429,9308813,-0.1,,250622126,158,,
2007-05-09_2471,2007-05-09,2471,資通,twse,12.40,12.50,12.25,12.30,100262,1235557,0.0,,52268890,55,,
2007-05-09_2472,2007-05-09,2472,立隆電,twse,21.65,21.65,20.60,20.80,1138981,23840053,-0.4,,148050000,432,,
2007-05-09_2473,2007-05-09,2473,思源,twse,58.00,58.20,57.10,57.20,1936925,111446531,-1.0,,198063539,802,,
2007-05-09_2474,2007-05-09,2474,可成,twse,279.00,279.00,270.00,270.00,4441709,1216115430,-9.0,,414092074,2815,,
2007-05-09_2475,2007-05-09,2475,華映,twse,8.20,8.28,8.10,8.11,62952276,514372805,-0.09,,8212604871,6023,,
2007-05-09_2476,2007-05-09,2476,鉅祥,twse,56.60,57.40,56.00,56.80,2947381,167199223,0.8,,181029754,1318,,
2007-05-09_2477,2007-05-09,2477,美隆電,twse,25.60,26.40,25.40,26.20,1056069,27553005,0.6,,250902324,316,,
2007-05-09_2478,2007-05-09,2478,大毅,twse,130.00,136.50,128.50,136.50,454460,60867285,8.5,,158000000,371,,
2007-05-09_2480,2007-05-09,2480,敦陽科,twse,17.50,17.55,17.20,17.25,800742,13883384,-0.25,,221583938,209,,
2007-05-09_2481,2007-05-09,2481,強茂,twse,31.90,32.80,31.80,31.90,7489075,241477928,0.15,,216284750,2217,,
2007-05-09_2482,2007-05-09,2482,連宇,twse,50.20,50.80,48.20,49.00,492161,24343123,-0.6,,53884066,233,,
2007-05-09_2483,2007-05-09,2483,百容,twse,23.80,23.80,23.60,23.60,47000,1113500,-0.1,,115440807,29,,
2007-05-09_2484,2007-05-09,2484,希華,twse,28.70,29.15,28.40,28.40,1580385,45300191,-0.55,,111053572,659,,
2007-05-09_2485,2007-05-09,2485,兆赫,twse,67.50,68.30,66.20,66.20,3760628,253514275,-1.4,,230290526,1548,,
2007-05-09_2486,2007-05-09,2486,一詮,twse,46.80,47.60,46.30,46.30,3555042,167455041,-0.3,,153000000,1138,,
2007-05-09_2488,2007-05-09,2488,漢平,twse,19.80,20.00,19.65,20.00,248239,4913943,0.2,,102719433,81,,
2007-05-09_2489,2007-05-09,2489,瑞軒,twse,30.95,32.30,30.60,31.50,34745329,1099301849,0.75,,436126679,9168,,
2007-05-09_2491,2007-05-09,2491,吉祥全,twse,6.50,6.77,6.10,6.76,10231088,68561661,0.43,,270730304,1472,,
2007-05-09_2492,2007-05-09,2492,華新科,twse,30.20,30.30,29.90,30.10,2540586,76449080,0.0,,587999896,771,,
2007-05-09_2493,2007-05-09,2493,揚博,twse,15.90,15.95,15.75,15.80,321158,5078430,-0.2,,117243632,107,,
2007-05-09_2494,2007-05-09,2494,廣業科,twse,13.85,14.80,13.85,14.30,161146,2344862,0.45,,41492898,61,,
2007-05-09_2495,2007-05-09,2495,普安,twse,60.20,60.20,58.80,59.60,1164998,69337879,0.0,,232858892,519,,
2007-05-09_2496,2007-05-09,2496,卓越,twse,4.53,5.00,4.52,5.00,49964,237638,0.15,,66521136,21,,
2007-05-09_2497,2007-05-09,2497,怡利電,twse,26.70,26.80,26.50,26.50,17500,465500,-0.5,,95778000,13,,
2007-05-09_2498,2007-05-09,2498,宏達電,twse,570.00,573.00,538.00,539.00,11537173,6385880420,-39.0,,432795182,8382,,
2007-05-09_2499,2007-05-09,2499,東貝,twse,38.95,39.00,38.05,38.40,2859112,109856442,-0.2,,210604421,1129,,
2007-05-09_2501,2007-05-09,2501,國建,twse,20.00,20.00,19.65,19.65,2205451,43771353,-0.4,,1656515798,500,,
2007-05-09_2504,2007-05-09,2504,國產,twse,18.10,18.15,17.90,17.90,1349620,24267890,-0.2,,1180967397,388,,
2007-05-09_2505,2007-05-09,2505,國揚,twse,25.00,25.30,24.45,24.65,4180097,103799588,-0.35,,442600000,1199,,
2007-05-09_2506,2007-05-09,2506,太設,twse,6.41,6.47,6.41,6.41,814816,5236926,0.0,,634685638,217,,
2007-05-09_2509,2007-05-09,2509,全坤建,twse,27.50,29.00,27.50,28.50,4873558,138858237,0.8,,116988300,1202,,
2007-05-09_2511,2007-05-09,2511,太子,twse,21.70,21.80,21.55,21.60,412694,8936024,0.05,,865126032,181,,
2007-05-09_2514,2007-05-09,2514,龍邦,twse,19.95,20.10,19.75,20.05,298503,5959579,0.1,,502685680,105,,
2007-05-09_2515,2007-05-09,2515,中工,twse,6.70,6.78,6.66,6.66,3866034,25881387,-0.04,,1450216827,789,,
2007-05-09_2516,2007-05-09,2516,新建,twse,6.03,6.13,6.03,6.10,426597,2603571,-0.01,,209179910,98,,
2007-05-09_2520,2007-05-09,2520,冠德,twse,15.15,15.50,15.10,15.10,6673300,101647030,0.0,,489403671,1104,,
2007-05-09_2524,2007-05-09,2524,京城,twse,31.65,31.90,31.60,31.65,342073,10851548,0.0,,268973513,135,,
2007-05-09_2526,2007-05-09,2526,大陸,twse,25.80,25.90,25.55,25.60,1602030,41178853,-0.15,,859572076,542,,
2007-05-09_2527,2007-05-09,2527,宏璟,twse,14.85,15.15,14.70,14.85,731067,10913707,0.05,,270306000,243,,
2007-05-09_2528,2007-05-09,2528,皇普,twse,3.45,3.50,3.45,3.50,52840,182869,0.1,,160000000,18,,
2007-05-09_2530,2007-05-09,2530,華建,twse,10.20,10.30,9.90,9.96,1947927,19625120,-0.19,,309571130,489,,
2007-05-09_2534,2007-05-09,2534,宏盛,twse,25.30,25.45,25.25,25.30,2061200,52230009,0.0,,556159120,675,,
2007-05-09_2535,2007-05-09,2535,達欣工,twse,12.20,12.20,12.00,12.00,547933,6616894,-0.2,,284562040,134,,
2007-05-09_2536,2007-05-09,2536,宏普,twse,35.00,35.00,34.45,34.50,1184000,41075950,-0.5,,282740556,165,,
2007-05-09_2537,2007-05-09,2537,聯上發,twse,9.50,9.50,9.20,9.25,11542,106777,-0.45,,51797166,18,,
2007-05-09_2538,2007-05-09,2538,基泰,twse,33.30,34.05,33.30,33.65,8141031,274847094,0.35,,275406318,2375,,
2007-05-09_2539,2007-05-09,2539,櫻花建,twse,,,,,504,2308,0.0,,80000000,1,無成交,
2007-05-09_2540,2007-05-09,2540,愛山林,twse,2.48,2.48,2.35,2.35,42425,103057,-0.16,,64600000,10,,
2007-05-09_2542,2007-05-09,2542,興富發,twse,46.20,46.60,46.00,46.00,991885,45834380,-0.2,,363899828,488,,
2007-05-09_2543,2007-05-09,2543,皇昌,twse,12.60,12.60,12.30,12.30,535037,6629446,-0.2,,140087253,165,,
2007-05-09_2545,2007-05-09,2545,皇翔,twse,83.30,83.30,82.10,82.20,874344,72243175,-1.0,,219220608,544,,
2007-05-09_2546,2007-05-09,2546,根基,twse,10.85,10.90,10.65,10.85,642000,6915700,0.0,,66106336,154,,
2007-05-09_2547,2007-05-09,2547,日勝生,twse,42.70,43.00,42.30,42.35,1158806,49464590,-0.45,,346443277,395,,
2007-05-09_2548,2007-05-09,2548,華固,twse,69.50,70.20,69.00,69.50,675604,46982278,-0.6,,172884368,231,,
2007-05-09_2601,2007-05-09,2601,益航,twse,45.60,46.20,44.40,44.55,1423124,64319334,-1.55,,244188000,670,,
2007-05-09_2603,2007-05-09,2603,長榮,twse,20.80,20.85,20.50,20.50,4905007,100799619,-0.3,,2915929317,766,,
2007-05-09_2605,2007-05-09,2605,新興,twse,51.50,51.50,50.60,50.60,2279900,116034545,-0.7,,483663124,526,,
2007-05-09_2606,2007-05-09,2606,裕民,twse,60.60,61.20,60.60,60.90,3393414,206786771,0.0,,858016712,1155,,
2007-05-09_2607,2007-05-09,2607,榮運,twse,16.95,17.00,16.70,16.75,1451550,24359178,-0.2,,1067141094,204,,
2007-05-09_2608,2007-05-09,2608,嘉里大榮,twse,19.20,19.20,18.70,18.70,1709117,32344221,-0.4,,497703498,567,,
2007-05-09_2609,2007-05-09,2609,陽明,twse,22.60,22.60,22.25,22.30,4609558,103079570,-0.3,,2289834417,1527,,
2007-05-09_2610,2007-05-09,2610,華航,twse,14.60,14.65,14.50,14.65,3627865,52899810,0.05,,3755300612,546,,
2007-05-09_2611,2007-05-09,2611,志信,twse,19.25,19.40,19.10,19.20,685887,13225353,0.0,,155217882,182,,
2007-05-09_2612,2007-05-09,2612,中航,twse,58.80,58.80,57.80,58.60,336650,19631163,0.0,,233157724,156,,
2007-05-09_2613,2007-05-09,2613,中櫃,twse,13.20,13.25,13.00,13.00,156000,2046600,-0.25,,89001000,38,,
2007-05-09_2614,2007-05-09,2614,東森,twse,9.30,9.35,8.96,9.08,8158947,74209767,-0.25,,1169737139,1488,,
2007-05-09_2615,2007-05-09,2615,萬海,twse,22.70,23.00,22.65,22.85,1461257,33406041,0.05,,2078357856,330,,
2007-05-09_2616,2007-05-09,2616,山隆,twse,15.80,15.80,15.55,15.55,78022,1216386,-0.15,,83194200,44,,
2007-05-09_2617,2007-05-09,2617,台航,twse,34.50,35.00,34.35,34.85,136905,4764179,0.0,,417294487,93,,
2007-05-09_2618,2007-05-09,2618,長榮航,twse,12.95,13.00,12.80,12.90,5081826,65567351,-0.05,,3749886920,847,,
2007-05-09_2701,2007-05-09,2701,萬企,twse,17.50,17.70,17.45,17.45,139771,2452269,0.05,,261128872,83,,
2007-05-09_2702,2007-05-09,2702,華園,twse,34.80,35.15,34.50,34.55,251000,8736250,0.25,,63142066,148,,
2007-05-09_2704,2007-05-09,2704,國賓,twse,35.35,35.55,35.20,35.55,1840651,65228559,0.55,,358312500,579,,
2007-05-09_2705,2007-05-09,2705,六福,twse,20.20,20.45,20.00,20.05,1223615,24793300,-0.15,,290241001,383,,
2007-05-09_2706,2007-05-09,2706,第一店,twse,37.00,37.30,36.70,36.70,80474,2977952,0.2,,188830654,29,,
2007-05-09_2707,2007-05-09,2707,晶華,twse,352.00,352.00,346.00,346.00,238570,83430000,-8.0,,60000000,58,,
2007-05-09_2801,2007-05-09,2801,彰銀,twse,19.30,19.30,19.05,19.10,20494052,392371255,-0.2,,4809475600,2449,,
2007-05-09_2809,2007-05-09,2809,京城銀,twse,9.48,9.48,9.35,9.35,295125,2774416,-0.15,,1084334265,90,,
2007-05-09_2812,2007-05-09,2812,台中銀,twse,11.60,11.65,11.55,11.55,3258587,37747424,0.0,,1304088000,555,,
2007-05-09_2816,2007-05-09,2816,旺旺保,twse,2.57,2.57,2.57,2.57,1085000,2788450,-0.19,down,587054430,90,,
2007-05-09_2820,2007-05-09,2820,華票,twse,8.01,8.05,8.00,8.00,3251799,26024819,-0.02,,1678700000,310,,
2007-05-09_2823,2007-05-09,2823,中壽,twse,15.55,15.70,15.15,15.35,12221440,188315598,-0.25,,1092460405,1943,,
2007-05-09_2832,2007-05-09,2832,台產,twse,21.95,21.95,21.85,21.90,367943,8052205,0.05,,316857000,91,,
2007-05-09_2833,2007-05-09,2833,台壽保,twse,46.40,46.75,46.00,46.10,718353,33265338,-0.3,,466882339,240,,
2007-05-09_2834,2007-05-09,2834,臺企銀,twse,9.76,9.76,9.67,9.74,5100722,49517606,-0.01,,3873598000,545,,
2007-05-09_2836,2007-05-09,2836,高雄銀,twse,17.20,17.30,17.15,17.25,1987788,34250473,0.0,,503423804,201,,
2007-05-09_2837,2007-05-09,2837,萬泰銀,twse,7.40,7.70,7.36,7.68,5285555,40020475,0.22,,1967779517,876,,
2007-05-09_2838,2007-05-09,2838,聯邦銀,twse,7.86,7.97,7.85,7.97,976602,7701411,0.07,,1825394074,241,,
2007-05-09_2841,2007-05-09,2841,台開,twse,16.80,17.10,16.25,16.45,2916498,48411667,-0.4,,300000000,771,,
2007-05-09_2845,2007-05-09,2845,遠東銀,twse,15.25,15.35,15.15,15.20,605482,9205461,-0.05,,1877836562,221,,
2007-05-09_2847,2007-05-09,2847,大眾銀,twse,10.15,10.15,10.00,10.05,2087347,20948870,-0.1,,1838981540,193,,
2007-05-09_2849,2007-05-09,2849,安泰銀,twse,8.50,8.57,8.41,8.48,292401,2486176,-0.11,,2000000000,35,,
2007-05-09_2850,2007-05-09,2850,新產,twse,17.55,17.60,17.45,17.50,298456,5233079,-0.05,,271096782,84,,
2007-05-09_2851,2007-05-09,2851,中再保,twse,13.60,13.80,13.60,13.70,163396,2245285,-0.1,,500000000,47,,
2007-05-09_2852,2007-05-09,2852,第一保,twse,17.80,17.95,17.75,17.80,492200,8770040,-0.05,,258075360,110,,
2007-05-09_2854,2007-05-09,2854,寶來證,twse,14.50,14.70,14.45,14.50,3221008,46851649,-0.05,,1895935038,656,,
2007-05-09_2855,2007-05-09,2855,統一證,twse,17.70,18.00,17.70,17.75,670382,11971672,-0.25,,1137071976,148,,
2007-05-09_2856,2007-05-09,2856,元富證,twse,13.05,13.15,13.05,13.05,1221182,15969366,0.0,,1378209517,171,,
2007-05-09_2880,2007-05-09,2880,華南金,twse,23.50,23.65,23.45,23.55,1729444,40785682,-0.05,,5970208636,410,,
2007-05-09_2881,2007-05-09,2881,富邦金,twse,30.00,30.00,29.80,29.90,5864897,175275516,-0.2,,7719093494,756,,
2007-05-09_2882,2007-05-09,2882,國泰金,twse,71.60,72.40,71.10,71.60,15392913,1103701443,-0.5,,9072936561,3106,,
2007-05-09_2883,2007-05-09,2883,凱基金,twse,14.00,14.05,13.85,13.90,7132671,99381699,-0.1,,10642779300,1262,,
2007-05-09_2883A,2007-05-09,2883A,開發特,twse,17.05,17.05,17.05,17.05,50000,852500,0.0,flat,625000000,3,,
2007-05-09_2884,2007-05-09,2884,玉山金,twse,19.10,19.35,19.10,19.15,2404489,46234731,-0.05,,3303300000,277,,
2007-05-09_2885,2007-05-09,2885,元大金,twse,15.10,15.20,15.00,15.15,6629116,100233326,-0.05,,8312114476,822,,
2007-05-09_2886,2007-05-09,2886,兆豐金,twse,21.10,21.10,20.95,21.05,11926840,250550651,-0.05,,11169449238,1603,,
2007-05-09_2887,2007-05-09,2887,台新新光金,twse,16.35,16.45,16.25,16.30,19590238,319854226,-0.05,,5710300089,1926,,
2007-05-09_2887C,2007-05-09,2887C,新丙特,twse,,,,,0,0,0.0,,500000000,0,無成交,
2007-05-09_2888,2007-05-09,2888,新光金,twse,32.90,33.30,32.70,32.80,21128433,696049952,-0.1,,4689578183,3544,,
2007-05-09_2889,2007-05-09,2889,國票金,twse,10.25,10.30,10.20,10.30,1107795,11392234,0.05,,2119882469,233,,
2007-05-09_2890,2007-05-09,2890,永豐金,twse,14.80,14.95,14.75,14.75,6604869,97679874,-0.1,,7048670759,806,,
2007-05-09_2891,2007-05-09,2891,中信金,twse,26.85,27.05,26.75,26.80,13697707,368270904,0.1,,7969295636,1069,,
2007-05-09_2892,2007-05-09,2892,第一金,twse,22.55,22.60,22.50,22.50,6178664,139223466,-0.1,,5972191947,1021,,
2007-05-09_2901,2007-05-09,2901,欣欣,twse,28.60,28.70,28.10,28.10,61370,1744583,-0.5,,73043283,28,,
2007-05-09_2903,2007-05-09,2903,遠百,twse,21.50,21.50,20.90,21.00,4885893,103015003,-0.55,,1077852887,1627,,
2007-05-09_2904,2007-05-09,2904,匯僑,twse,2.39,2.42,2.30,2.42,46000,108440,0.02,,197130000,10,,
2007-05-09_2905,2007-05-09,2905,三商,twse,15.00,15.30,14.75,14.85,11879264,178919197,-0.15,,541373306,2337,,
2007-05-09_2906,2007-05-09,2906,高林,twse,10.65,10.65,10.55,10.55,669680,7101621,-0.05,,371997587,154,,
2007-05-09_2908,2007-05-09,2908,特力,twse,18.50,18.60,18.40,18.50,2297260,42558129,0.0,,441307884,299,,
2007-05-09_2910,2007-05-09,2910,統領,twse,25.70,25.80,25.70,25.80,2999,76774,-0.3,,208725000,5,,
2007-05-09_2911,2007-05-09,2911,麗嬰房,twse,25.50,25.50,24.90,25.40,2316675,57950407,0.0,,149535038,186,,
2007-05-09_2912,2007-05-09,2912,統一超,twse,88.10,89.70,88.10,89.20,614875,54717507,1.1,,915160436,393,,
2007-05-09_2913,2007-05-09,2913,農林,twse,7.15,7.19,7.07,7.08,1012390,7208871,-0.07,,696197500,309,,
2007-05-09_2915,2007-05-09,2915,潤泰全,twse,21.30,21.30,20.55,20.65,5790098,121396162,-0.75,,779340945,1538,,
2007-05-09_3002,2007-05-09,3002,歐格,twse,31.30,31.70,30.80,31.10,996975,31180627,0.1,,91500000,472,,
2007-05-09_3003,2007-05-09,3003,健和興,twse,35.00,35.00,34.30,34.40,84999,2950266,-0.6,,96412560,37,,
2007-05-09_3004,2007-05-09,3004,豐達科,twse,3.00,3.00,2.95,2.95,99000,296700,-0.12,,163881546,15,,
2007-05-09_3005,2007-05-09,3005,神基,twse,31.70,32.35,31.45,32.20,15850988,507415769,0.5,,319863287,3806,,
2007-05-09_3006,2007-05-09,3006,晶豪科,twse,68.40,70.10,67.20,68.10,19308176,1334209273,0.1,,216665430,7673,,
2007-05-09_3008,2007-05-09,3008,大立光,twse,436.00,436.00,425.00,428.50,1098745,470507487,-7.5,,121327241,954,,
2007-05-09_3009,2007-05-09,3009,奇美電,twse,39.00,39.00,38.20,38.30,44529838,1711628559,-0.5,,6486196078,8647,,
2007-05-09_3010,2007-05-09,3010,華立,twse,66.40,67.00,66.40,66.50,485386,32408748,0.1,,209354864,205,,
2007-05-09_3011,2007-05-09,3011,今皓,twse,17.60,17.70,17.20,17.25,1202327,20992054,-0.05,,113657220,333,,
2007-05-09_3013,2007-05-09,3013,晟銘電,twse,13.00,13.25,12.70,12.75,755793,9789610,-0.25,,155931787,218,,
2007-05-09_3014,2007-05-09,3014,聯陽,twse,66.40,68.50,65.40,65.40,14472255,970805930,0.3,,110182000,5482,,
2007-05-09_3015,2007-05-09,3015,全漢,twse,48.40,48.60,48.00,48.00,784991,37848268,-0.4,,151047965,342,,
2007-05-09_3016,2007-05-09,3016,嘉晶,twse,79.10,80.00,78.20,78.30,760438,60040764,-0.8,,65973873,535,,
2007-05-09_3017,2007-05-09,3017,奇鋐,twse,28.30,29.10,27.80,28.80,8188019,236241040,0.7,,251112115,2547,,
2007-05-09_3018,2007-05-09,3018,隆銘綠能,twse,2.80,2.99,2.80,2.99,643990,1846990,0.19,,64869000,36,,
2007-05-09_3019,2007-05-09,3019,亞光,twse,146.50,147.00,145.00,145.50,1239726,180855270,-1.0,,244941548,430,,
2007-05-09_3020,2007-05-09,3020,奇普仕,twse,33.90,34.00,33.20,33.20,532826,17886810,-0.3,,131524692,222,,
2007-05-09_3021,2007-05-09,3021,鴻名,twse,9.20,9.20,9.00,9.00,2013,18314,-0.2,,53259407,3,,
2007-05-09_3022,2007-05-09,3022,威強電,twse,45.90,45.90,44.60,44.90,1113382,50341593,-0.5,,167199967,506,,
2007-05-09_3023,2007-05-09,3023,信邦,twse,38.45,38.50,38.20,38.30,640097,24550493,-0.15,,157646139,217,,
2007-05-09_3024,2007-05-09,3024,憶聲,twse,17.75,17.95,17.65,17.75,1411847,25066940,-0.05,,373863373,478,,
2007-05-09_3025,2007-05-09,3025,星通,twse,30.85,31.50,29.90,30.85,1270366,39123689,0.0,,80294832,583,,
2007-05-09_3026,2007-05-09,3026,禾伸堂,twse,58.20,58.50,57.70,58.10,1209137,70255653,0.0,,240815041,550,,
2007-05-09_3027,2007-05-09,3027,盛達,twse,25.60,25.70,25.05,25.20,429115,10907243,-0.4,,96215341,146,,
2007-05-09_3028,2007-05-09,3028,增你強,twse,21.35,21.85,21.35,21.40,1949332,42169465,0.05,,210202599,616,,
2007-05-09_3029,2007-05-09,3029,零壹,twse,10.70,10.80,10.60,10.70,243154,2599089,-0.1,,87238577,69,,
2007-05-09_3030,2007-05-09,3030,德律,twse,39.20,39.45,39.00,39.15,519755,20371156,0.3,,109042500,237,,
2007-05-09_3031,2007-05-09,3031,佰鴻,twse,47.50,48.00,46.70,46.80,2256725,107165031,-0.1,,145000000,1138,,
2007-05-09_3032,2007-05-09,3032,偉訓,twse,20.20,20.40,20.20,20.25,309224,6278451,-0.05,,93319540,102,,
2007-05-09_3033,2007-05-09,3033,威健,twse,23.55,23.70,23.40,23.45,1570812,36953805,-0.1,,177546619,509,,
2007-05-09_3034,2007-05-09,3034,聯詠,twse,172.50,173.50,166.50,167.00,6598160,1116752720,-5.5,,520181695,3603,,
2007-05-09_3035,2007-05-09,3035,智原,twse,106.50,108.00,102.50,103.00,13403645,1411569290,-3.5,,317832950,5137,,
2007-05-09_3036,2007-05-09,3036,文曄,twse,33.20,33.30,32.70,32.75,1974704,65227553,-0.25,,170694885,660,,
2007-05-09_3037,2007-05-09,3037,欣興,twse,46.30,46.90,45.85,45.95,9314538,430690763,-0.55,,1017623863,2858,,
2007-05-09_3038,2007-05-09,3038,全台,twse,16.95,17.15,16.60,16.60,1980158,33479058,-0.3,,220282244,514,,
2007-05-09_3040,2007-05-09,3040,遠見,twse,17.70,17.90,17.30,17.50,374081,6604459,-0.35,,126739920,144,,
2007-05-09_3041,2007-05-09,3041,揚智,twse,68.90,70.70,67.60,68.30,20511702,1422549349,0.0,,254134652,6730,,
2007-05-09_3042,2007-05-09,3042,晶技,twse,64.40,65.30,63.20,63.90,3345722,215054416,-0.1,,203851161,1435,,
2007-05-09_3043,2007-05-09,3043,科風,twse,61.50,62.00,61.00,61.10,773827,47404924,-0.4,,158763998,524,,
2007-05-09_3044,2007-05-09,3044,健鼎,twse,134.00,135.00,132.50,133.00,1766131,234901855,-1.0,,365164843,334,,
2007-05-09_3045,2007-05-09,3045,台灣大,twse,35.90,36.75,35.80,36.70,4724555,172178892,0.8,,4979700590,1176,,
2007-05-09_3046,2007-05-09,3046,建碁,twse,11.80,12.10,11.05,11.90,904020,10484773,0.5,,164009000,369,,
2007-05-09_3047,2007-05-09,3047,訊舟,twse,31.00,31.80,30.60,31.30,2177651,68189222,0.6,,68935909,786,,
2007-05-09_3048,2007-05-09,3048,益登,twse,16.05,16.80,16.05,16.30,752302,12367991,0.25,,161100000,191,,
2007-05-09_3049,2007-05-09,3049,精金,twse,9.00,9.20,8.80,8.86,24356941,218454351,-0.13,,927693930,3956,,
2007-05-09_3050,2007-05-09,3050,鈺德,twse,9.31,9.67,9.30,9.41,3908140,37040934,0.11,,229272636,842,,
2007-05-09_3051,2007-05-09,3051,力特,twse,19.00,19.50,18.90,18.95,7317612,140480308,-0.05,,499185648,2091,,
2007-05-09_3052,2007-05-09,3052,夆典,twse,7.83,7.83,7.60,7.65,243376,1864477,0.05,,179342166,94,,
2007-05-09_3054,2007-05-09,3054,立萬利,twse,35.50,35.50,35.50,35.50,51068,1812914,0.0,flat,76180505,19,,
2007-05-09_3055,2007-05-09,3055,蔚華科,twse,30.00,30.00,29.40,29.50,911129,26970735,-0.4,,182338904,409,,
2007-05-09_3056,2007-05-09,3056,富華新,twse,13.10,13.10,12.25,12.25,75000,922150,-0.15,,16988198,7,,
2007-05-09_3057,2007-05-09,3057,喬鼎,twse,34.10,35.00,33.65,33.90,2962446,101418314,0.35,,134597324,1106,,
2007-05-09_3058,2007-05-09,3058,立德,twse,26.40,26.50,26.25,26.30,212794,5605361,-0.05,,94907858,79,,
2007-05-09_3059,2007-05-09,3059,華晶科,twse,58.40,60.60,58.20,59.90,5520064,330626901,1.8,,244067095,2627,,
2007-05-09_3060,2007-05-09,3060,銘異,twse,61.20,61.30,60.80,60.80,472710,28830093,-0.6,,104933628,279,,
2007-05-09_3061,2007-05-09,3061,璨圓,twse,27.00,27.40,26.85,26.85,9619433,260520422,0.0,,145820230,2773,,
2007-05-09_3062,2007-05-09,3062,建漢,twse,76.10,77.50,73.60,74.20,6232341,471713832,-1.9,,294176747,2821,,
2007-05-09_3063,2007-05-09,3063,飛信,twse,28.00,29.30,27.65,29.25,6211785,177756999,1.45,,407039469,1868,,
2007-05-09_3130,2007-05-09,3130,一零四,twse,175.50,176.50,175.00,175.50,52000,9126500,-1.5,,33750000,28,,
2007-05-09_3142,2007-05-09,3142,遠茂,twse,0.95,0.95,0.95,0.95,166000,157700,-0.07,down,273185000,6,,
2007-05-09_3189,2007-05-09,3189,景碩,twse,130.00,130.00,125.00,125.00,2886877,367341625,-4.5,,389000000,1403,,
2007-05-09_3231,2007-05-09,3231,緯創,twse,52.70,52.90,51.50,52.30,4665730,244359660,-0.4,,1272356836,1176,,
2007-05-09_3271,2007-05-09,3271,其樂達,twse,32.95,33.80,32.20,32.20,5285190,175096430,-0.75,,97678013,2003,,
2007-05-09_3311,2007-05-09,3311,閎暉,twse,158.00,158.00,152.00,152.50,743582,114318964,-3.0,,134829972,539,,
2007-05-09_3315,2007-05-09,3315,宣昶,twse,71.50,72.60,70.70,71.50,616066,44251250,0.5,,68234302,404,,
2007-05-09_3356,2007-05-09,3356,奇偶,twse,158.00,161.00,156.50,159.00,665327,106057993,2.5,,48125219,463,,
2007-05-09_3367,2007-05-09,3367,英華達,twse,60.10,60.20,59.30,59.80,744562,44481139,-0.2,,435900000,296,,
2007-05-09_3380,2007-05-09,3380,明泰,twse,39.00,39.90,38.80,39.60,6803715,268234656,1.05,,355292179,2074,,
2007-05-09_3406,2007-05-09,3406,玉晶光,twse,80.00,84.00,79.50,82.50,844485,69501614,1.5,,75781250,605,,
2007-05-09_3443,2007-05-09,3443,創意,twse,281.00,295.00,281.00,281.50,1593872,459977032,0.5,,108871643,947,,
2007-05-09_3450,2007-05-09,3450,聯鈞,twse,42.10,44.40,41.80,42.55,13144606,568560144,1.05,,103349772,4265,,
2007-05-09_3474,2007-05-09,3474,華亞科,twse,38.30,38.60,38.15,38.50,5999346,230262571,0.2,,3110954000,1375,,
2007-05-09_3481,2007-05-09,3481,群創,twse,105.50,106.50,103.50,104.50,7979384,834356320,-1.0,,2326056000,3124,,
2007-05-09_3504,2007-05-09,3504,揚明光,twse,72.00,72.50,71.00,71.10,169001,12092472,-0.9,,83581614,113,,
2007-05-09_3701,2007-05-09,3701,大眾控,twse,4.23,4.26,4.10,4.10,91095,375879,-0.21,,209652049,123,,
2007-05-09_3702,2007-05-09,3702,大聯大,twse,23.20,23.55,22.75,23.35,13716807,319033723,0.2,,668202022,3978,,
2007-05-09_4106,2007-05-09,4106,雃博,twse,14.25,14.40,13.95,14.05,109108,1540562,-0.1,,65800000,56,,
2007-05-09_4119,2007-05-09,4119,旭富,twse,29.40,29.40,28.60,29.00,67008,1948638,-0.8,,32510675,50,,
2007-05-09_4414,2007-05-09,4414,如興,twse,6.71,6.78,6.66,6.75,259901,1746561,0.04,,115314472,54,,
2007-05-09_4526,2007-05-09,4526,東台,twse,43.70,43.90,43.50,43.50,317749,13850229,-0.3,,145349900,158,,
2007-05-09_4532,2007-05-09,4532,瑞智,twse,15.40,15.50,15.15,15.30,723200,11042390,-0.15,,347120750,255,,
2007-05-09_4904,2007-05-09,4904,遠傳,twse,39.10,39.55,39.00,39.30,32598947,1286415661,0.25,,3872663049,1294,,
2007-05-09_4906,2007-05-09,4906,正文,twse,89.00,90.20,88.50,88.50,4040903,360793207,0.4,,208821619,1766,,
2007-05-09_5203,2007-05-09,5203,訊連,twse,125.00,126.50,125.00,125.50,961355,120832375,1.0,,102460259,713,,
2007-05-09_5305,2007-05-09,5305,敦南,twse,28.00,28.25,28.00,28.00,1129121,31760970,0.1,,433380174,495,,
2007-05-09_5434,2007-05-09,5434,崇越,twse,73.00,73.90,72.80,73.10,826808,60656560,0.1,,123018572,478,,
2007-05-09_5469,2007-05-09,5469,瀚宇博,twse,27.00,27.20,26.85,27.00,580460,15676548,0.05,,280806792,187,,
2007-05-09_5471,2007-05-09,5471,松翰,twse,87.70,89.40,87.00,87.00,6014067,531807729,-0.1,,150731682,2709,,
2007-05-09_5484,2007-05-09,5484,慧友,twse,48.25,48.40,47.00,47.00,1384905,65903985,-1.25,,103550700,501,,
2007-05-09_5515,2007-05-09,5515,建國,twse,18.60,18.90,18.50,18.60,406200,7581010,-0.15,,150500000,95,,
2007-05-09_5525,2007-05-09,5525,順天,twse,40.25,40.60,39.00,40.60,1859560,73760218,0.35,,142351291,363,,
2007-05-09_5531,2007-05-09,5531,鄉林,twse,65.00,65.50,64.40,65.50,162408,10532620,0.4,,186623237,91,,
2007-05-09_5534,2007-05-09,5534,長虹,twse,64.30,64.60,64.00,64.00,333885,21476274,-0.3,,146197121,119,,
2007-05-09_5607,2007-05-09,5607,遠雄港,twse,18.60,18.90,18.50,18.50,98664,1833847,-0.2,,149979100,61,,
2007-05-09_5608,2007-05-09,5608,四維航,twse,45.25,45.50,45.00,45.30,1323823,59969159,0.35,,303496964,566,,
2007-05-09_5854,2007-05-09,5854,合庫,twse,22.90,23.05,22.85,22.90,4247335,97486340,0.0,,4500000000,757,,
2007-05-09_6005,2007-05-09,6005,群益證,twse,14.80,14.90,14.65,14.70,1501801,22109174,-0.15,,1400967000,307,,
2007-05-09_6012,2007-05-09,6012,金鼎證,twse,8.41,8.46,8.40,8.41,278416,2345140,0.0,,1082776400,107,,
2007-05-09_6112,2007-05-09,6112,邁達特,twse,20.20,20.45,20.00,20.00,369214,7436208,-0.2,,63200000,153,,
2007-05-09_6115,2007-05-09,6115,鎰勝,twse,48.30,48.40,47.70,47.70,153206,7369802,-0.5,,106684517,88,,
2007-05-09_6116,2007-05-09,6116,彩晶,twse,6.59,6.59,6.46,6.50,30274519,196861100,0.0,,6052674873,3596,,
2007-05-09_6117,2007-05-09,6117,迎廣,twse,20.70,22.00,20.70,21.35,109605,2325865,-0.35,,90000000,72,,
2007-05-09_6119,2007-05-09,6119,大傳,twse,14.50,14.55,14.35,14.35,297000,4292450,-0.1,,144578047,124,,
2007-05-09_6120,2007-05-09,6120,達運,twse,41.80,43.00,41.80,42.15,4496330,190875460,0.35,,262347018,1715,,
2007-05-09_6128,2007-05-09,6128,上福,twse,30.40,30.55,30.25,30.30,340009,10325873,-0.1,,77300000,132,,
2007-05-09_6131,2007-05-09,6131,鈞泰,twse,44.55,44.90,44.20,44.50,816049,36431569,0.0,,91328803,320,,
2007-05-09_6133,2007-05-09,6133,金橋,twse,28.70,28.70,28.00,28.45,651199,18521371,-0.25,,93376824,235,,
2007-05-09_6136,2007-05-09,6136,富爾特,twse,23.00,23.30,22.60,22.80,1616444,36913272,-0.2,,107082707,468,,
2007-05-09_6139,2007-05-09,6139,亞翔,twse,56.00,56.40,56.00,56.10,226479,12716324,0.1,,170463970,116,,
2007-05-09_6141,2007-05-09,6141,柏承,twse,48.45,48.70,47.65,47.65,613128,29457449,-0.55,,132221564,236,,
2007-05-09_6142,2007-05-09,6142,友勁,twse,38.05,38.50,37.50,38.45,5531816,210796106,0.35,,168548264,1770,,
2007-05-09_6145,2007-05-09,6145,勁永,twse,25.30,25.55,25.00,25.00,910184,22977950,-0.3,,195232452,371,,
2007-05-09_6155,2007-05-09,6155,鈞寶,twse,38.30,38.30,37.65,37.65,92345,3498570,0.0,,66063534,51,,
2007-05-09_6165,2007-05-09,6165,浪凡,twse,21.90,22.15,21.80,22.00,136350,2991647,-0.05,,93223009,24,,
2007-05-09_6166,2007-05-09,6166,凌華,twse,39.75,39.75,39.05,39.10,433896,17022194,-0.65,,99609108,206,,
2007-05-09_6168,2007-05-09,6168,宏齊,twse,38.35,38.60,37.60,37.85,981592,37285636,-0.45,,150306348,455,,
2007-05-09_6172,2007-05-09,6172,互億,twse,9.55,9.75,9.50,9.58,457343,4398284,0.08,,77905330,144,,
2007-05-09_6184,2007-05-09,6184,大豐電,twse,41.00,41.20,40.85,40.90,75100,3076510,0.1,,62000000,34,,
2007-05-09_6189,2007-05-09,6189,豐藝,twse,41.10,42.90,41.10,41.80,7641282,321759908,0.75,,125076884,2717,,
2007-05-09_6192,2007-05-09,6192,巨路,twse,61.80,61.80,59.50,61.10,325008,19637286,0.2,,78459328,157,,
2007-05-09_6196,2007-05-09,6196,帆宣,twse,25.00,25.00,24.75,25.00,147303,3660113,0.05,,148240429,85,,
2007-05-09_6197,2007-05-09,6197,佳必琪,twse,106.00,108.00,104.50,107.00,2140937,227076259,1.0,,101330794,1018,,
2007-05-09_6201,2007-05-09,6201,亞弘電,twse,33.85,35.20,33.85,34.90,661524,22968132,1.05,,89200000,336,,
2007-05-09_6202,2007-05-09,6202,盛群,twse,63.00,63.20,61.80,61.80,633001,39533662,-1.4,,212100100,342,,
2007-05-09_6206,2007-05-09,6206,飛捷,twse,93.80,93.80,91.60,91.70,696150,64156669,-1.9,,62329645,454,,
2007-05-09_6209,2007-05-09,6209,今國光,twse,50.00,50.30,49.50,50.00,455969,22819857,0.0,,119750765,216,,
2007-05-09_6216,2007-05-09,6216,居易,twse,41.00,42.30,40.80,41.30,2100670,87230379,0.3,,70020709,1062,,
2007-05-09_6225,2007-05-09,6225,天瀚,twse,9.51,9.60,9.40,9.40,266095,2518524,-0.11,,231295760,61,,
2007-05-09_6235,2007-05-09,6235,華孚,twse,32.40,32.40,31.85,31.90,1177823,37927028,-0.35,,236887528,384,,
2007-05-09_6239,2007-05-09,6239,力成,twse,126.00,127.00,124.00,125.00,3197516,400707000,-2.0,,471000000,1455,,
2007-05-09_6255,2007-05-09,6255,奈普,twse,51.00,52.80,51.00,51.30,1815056,94119971,0.0,,174648000,890,,
2007-05-09_6257,2007-05-09,6257,矽格,twse,20.55,20.95,20.50,20.70,6509338,134622589,0.75,,291199749,1945,,
2007-05-09_6269,2007-05-09,6269,台郡,twse,16.30,16.30,15.85,16.00,239273,3827937,-0.25,,118468840,53,,
2007-05-09_6277,2007-05-09,6277,宏正,twse,123.00,123.00,119.50,120.50,864463,104871291,3.5,,96229806,575,,
2007-05-09_6280,2007-05-09,6280,崇貿,twse,90.00,90.00,90.00,90.00,1206,108456,-0.2,down,67963675,3,,
2007-05-09_6281,2007-05-09,6281,全國電,twse,57.80,57.80,57.00,57.30,44423,2543211,0.3,,128274141,29,,
2007-05-09_6282,2007-05-09,6282,康舒,twse,15.90,16.25,15.70,15.85,5197990,83308891,-0.05,,476334000,963,,
2007-05-09_6285,2007-05-09,6285,啟碁,twse,82.10,82.10,79.50,80.00,2244500,180576099,-2.1,,161466951,1187,,
2007-05-09_6286,2007-05-09,6286,立錡,twse,380.00,380.00,366.00,368.00,998658,371109144,-11.5,,100214997,715,,
2007-05-09_6289,2007-05-09,6289,華上,twse,43.15,43.45,42.30,42.55,1327060,57029333,-0.6,,203232347,620,,
2007-05-09_6505,2007-05-09,6505,台塑化,twse,71.20,71.40,70.90,71.00,2771321,197139091,-0.2,,9248504517,706,,
2007-05-09_6605,2007-05-09,6605,帝寶,twse,100.50,101.00,100.00,100.00,181008,18206308,-1.0,,159697799,79,,
2007-05-09_8008,2007-05-09,8008,建興電,twse,27.80,28.50,27.60,27.60,4956273,139220984,-0.2,,736532064,1437,,
2007-05-09_8016,2007-05-09,8016,矽創,twse,108.00,110.00,107.00,107.00,4401039,476274673,-0.5,,90833846,2455,,
2007-05-09_8046,2007-05-09,8046,南電,twse,195.00,202.00,194.00,199.00,3849139,768203161,5.0,,601518736,2619,,
2007-05-09_8072,2007-05-09,8072,陞泰,twse,170.00,179.00,169.00,175.00,2935488,512999412,7.0,,82774673,1483,,
2007-05-09_8078,2007-05-09,8078,華寶,twse,98.60,98.60,98.60,98.60,3211665,316670165,-7.4,down,523000000,1560,,
2007-05-09_8101,2007-05-09,8101,華冠,twse,33.90,34.95,33.90,34.05,4216764,144444517,-0.05,,352235157,1204,,
2007-05-09_8105,2007-05-09,8105,凌巨,twse,40.90,41.95,39.50,39.50,3992618,163207959,-1.4,,209156088,1274,,
2007-05-09_8249,2007-05-09,8249,菱光,twse,46.90,48.50,46.90,48.15,2187633,104828223,1.35,,123027658,1114,,
2007-05-09_8926,2007-05-09,8926,台汽電,twse,16.75,17.50,16.75,17.05,13063167,224076944,0.6,,403537046,3053,,
2007-05-09_9101,2007-05-09,9101,福雷電,twse,5.26,5.29,5.20,5.20,5487394,28703359,-0.07,,440000000,729,,
2007-05-09_9102,2007-05-09,9102,東亞科,twse,5.12,5.15,5.08,5.08,147000,749400,-0.08,,20000000,34,,
2007-05-09_9103,2007-05-09,9103,美德醫療-DR,twse,11.90,11.90,11.60,11.70,155199,1825358,-0.2,,22000000,47,,
2007-05-09_9104,2007-05-09,9104,萬宇科,twse,,,,,0,0,0.0,,20000000,0,無成交,
2007-05-09_9105,2007-05-09,9105,泰金寶-DR,twse,8.29,8.29,8.10,8.11,10580350,86307018,-0.11,,760450919,1899,,
2007-05-09_9902,2007-05-09,9902,台火,twse,7.19,7.29,7.10,7.20,62130,445147,0.05,,98049600,32,,
2007-05-09_9904,2007-05-09,9904,寶成,twse,35.60,35.80,35.45,35.50,3830658,136254687,0.05,,2445245915,1203,,
2007-05-09_9905,2007-05-09,9905,大華,twse,17.10,17.35,16.80,17.10,2753023,46697591,0.0,,305000000,133,,
2007-05-09_9906,2007-05-09,9906,欣巴巴,twse,1.39,1.39,1.31,1.37,50000,66297,-0.03,,93000000,17,,
2007-05-09_9907,2007-05-09,9907,統一實,twse,13.20,13.30,12.80,12.85,5392472,70242783,-0.25,,1503947945,1138,,
2007-05-09_9908,2007-05-09,9908,大台北,twse,17.25,17.60,17.25,17.60,304653,5303776,0.35,,516358000,91,,
2007-05-09_9910,2007-05-09,9910,豐泰,twse,26.50,27.00,26.50,26.95,170127,4538939,0.25,,478820378,98,,
2007-05-09_9911,2007-05-09,9911,櫻花,twse,10.00,10.00,9.60,9.68,535288,5258913,-0.17,,238201225,206,,
2007-05-09_9912,2007-05-09,9912,偉聯,twse,13.10,13.25,12.85,12.90,62567,817584,-0.2,,46087361,27,,
2007-05-09_9914,2007-05-09,9914,美利達,twse,48.65,48.65,47.50,47.70,2453426,117298618,-0.4,,215309245,1023,,
2007-05-09_9915,2007-05-09,9915,億豐,twse,31.70,32.05,31.70,31.85,1685103,53676126,0.35,,402415894,617,,
2007-05-09_9917,2007-05-09,9917,中保科,twse,57.80,58.20,57.40,58.00,613424,35407677,0.2,,444529156,246,,
2007-05-09_9918,2007-05-09,9918,欣天然,twse,21.50,21.50,21.10,21.10,18761,397331,-0.25,,170318352,16,,
2007-05-09_9919,2007-05-09,9919,康那香,twse,19.75,19.75,18.60,18.90,8931223,171388207,-0.05,,195175000,2060,,
2007-05-09_9921,2007-05-09,9921,巨大,twse,54.50,55.10,54.50,54.60,463790,25343516,0.1,,280183561,143,,
2007-05-09_9922,2007-05-09,9922,優美,twse,1.40,1.40,1.40,1.40,12719,17598,0.05,up,287394969,6,,
2007-05-09_9924,2007-05-09,9924,福興,twse,29.30,29.30,29.00,29.15,121601,3540537,-0.15,,191991170,54,,
2007-05-09_9925,2007-05-09,9925,新保,twse,30.85,31.10,30.85,31.00,160970,4984022,0.15,,366249246,57,,
2007-05-09_9926,2007-05-09,9926,新海,twse,16.25,16.50,16.15,16.50,45000,731100,0.25,,118287000,24,,
2007-05-09_9927,2007-05-09,9927,泰銘,twse,35.85,36.00,35.00,35.00,2391060,84631404,-0.85,,150041734,813,,
2007-05-09_9928,2007-05-09,9928,中視,twse,17.45,17.45,17.20,17.40,109427,1896728,0.0,,279124583,62,,
2007-05-09_9929,2007-05-09,9929,秋雨,twse,4.54,4.55,4.43,4.43,437428,1969761,-0.14,,149170418,102,,
2007-05-09_9930,2007-05-09,9930,中聯資源,twse,38.40,40.75,38.00,38.00,4027987,160381200,-0.1,,210509987,1545,,
2007-05-09_9931,2007-05-09,9931,欣高,twse,15.20,15.35,15.15,15.20,19000,289150,0.0,,94676400,11,,
2007-05-09_9933,2007-05-09,9933,中鼎,twse,28.30,28.30,28.00,28.30,1783517,50288595,0.0,,598000000,517,,
2007-05-09_9934,2007-05-09,9934,成霖,twse,44.90,44.90,43.50,43.90,425282,18662672,-0.5,,236742943,188,,
2007-05-09_9935,2007-05-09,9935,慶豐富,twse,9.30,9.40,9.10,9.10,549356,5108864,-0.25,,146018109,115,,
2007-05-09_9937,2007-05-09,9937,全國,twse,28.60,28.80,28.45,28.65,1418868,40605987,0.1,,309043000,242,,
2007-05-09_9938,2007-05-09,9938,百和,twse,29.25,29.35,28.80,29.25,1785580,51959084,0.5,,216377570,542,,
2007-05-09_9939,2007-05-09,9939,宏全,twse,29.15,29.15,28.55,28.60,1662502,47716104,-0.4,,185714941,527,,
2007-05-09_9940,2007-05-09,9940,信義,twse,96.00,97.50,96.00,96.10,486001,47150795,-1.9,,190556385,12,,
2007-05-09_9941,2007-05-09,9941,裕融,twse,21.65,21.65,21.50,21.60,62072,1337538,-0.05,,235800000,45,,
2007-05-09_9942,2007-05-09,9942,茂順,twse,47.25,47.25,47.00,47.20,113199,5338813,-0.05,,77996397,22,,
2007-05-09_9943,2007-05-09,9943,好樂迪,twse,18.95,19.50,18.95,19.05,53012,1022076,0.25,,184147000,29,,
2007-05-09_9944,2007-05-09,9944,新麗,twse,33.80,33.80,32.70,33.60,1441950,47952478,-0.2,,84858306,397,,
2007-05-09_9945,2007-05-09,9945,潤泰新,twse,28.15,28.45,27.50,27.60,7220300,201325730,-0.95,,759318488,2322,,
