key,date,stock_id,name,market,open,high,low,close,volume,amount,change,limit,shares,transactions,price_basis,last_price
2013-11-20_0015,2013-11-20,0015,富邦,twse,8.71,8.76,8.71,8.73,525000,4587270,-0.05,,500000000,30,,
2013-11-20_0050,2013-11-20,0050,元大台灣50,twse,56.65,56.70,56.35,56.45,9701799,548101949,-0.35,,1450500000,2514,,
2013-11-20_0051,2013-11-20,0051,元大中型100,twse,29.70,29.70,29.30,29.60,20010,589324,0.16,,20500000,17,,
2013-11-20_0052,2013-11-20,0052,富邦科技,twse,33.71,33.71,33.48,33.48,22000,741160,-0.3,,9500000,3,,
2013-11-20_0053,2013-11-20,0053,元大電子,twse,23.99,23.99,23.82,23.83,7000,167160,-0.17,,31488000,6,,
2013-11-20_0054,2013-11-20,0054,元大台商50,twse,21.00,21.00,21.00,21.00,8000,168000,-0.1,down,29124000,6,,
2013-11-20_0055,2013-11-20,0055,元大MSCI金融,twse,14.28,14.28,13.75,13.95,645030,9022805,-0.02,,159654000,154,,
2013-11-20_0056,2013-11-20,0056,元大高股息,twse,22.44,22.46,22.30,22.32,1965328,43957080,-0.11,,201034000,765,,
2013-11-20_0057,2013-11-20,0057,富邦摩台,twse,34.04,34.04,34.01,34.01,95000,3231550,-0.14,,10527000,6,,
2013-11-20_0058,2013-11-20,0058,富邦發達,twse,34.15,34.15,34.15,34.15,16000,546400,0.11,up,6196000,2,,
2013-11-20_0059,2013-11-20,0059,富邦金融,twse,29.89,29.92,29.89,29.92,24000,717420,0.03,,8973000,2,,
2013-11-20_0060,2013-11-20,0060,新台灣,twse,31.48,31.48,31.48,31.48,4000,125920,-0.52,down,7653000,2,,
2013-11-20_0061,2013-11-20,0061,元大寶滬深,twse,13.09,13.16,13.03,13.06,6943000,90836430,-0.04,,1948616000,1060,,
2013-11-20_006201,2013-11-20,006201,寶富櫃,tpex,11.95,11.99,11.95,11.95,10000,119700,0.00,,62446000,5,,
2013-11-20_006203,2013-11-20,006203,元大MSCI台灣,twse,,,,,0,0,0.0,,16718000,0,無成交,
2013-11-20_006204,2013-11-20,006204,永豐臺灣加權,twse,41.29,41.32,41.13,41.13,443500,18307335,-0.24,,20000000,22,,
2013-11-20_006205,2013-11-20,006205,富邦上証,twse,20.82,20.95,20.64,20.68,5857000,121887070,-0.24,,416272000,498,,
2013-11-20_006206,2013-11-20,006206,元大上證50,twse,19.25,19.41,19.12,19.13,6137000,118011030,-0.05,,216278000,605,,
2013-11-20_006207,2013-11-20,006207,復華滬深,twse,14.77,14.83,14.63,14.65,1872000,27529300,-0.04,,274892000,317,,
2013-11-20_006208,2013-11-20,006208,富邦台50,twse,32.10,32.10,32.10,32.10,5000,160500,-0.13,down,4040000,1,,
2013-11-20_0080,2013-11-20,0080,恒中國,twse,376.00,376.00,376.00,376.00,400,150400,5.0,up,600000,2,,
2013-11-20_0081,2013-11-20,0081,恒香港,twse,,,,,0,0,0.0,,50000,0,無成交,
2013-11-20_008201,2013-11-20,008201,BP上證50,twse,56.60,57.40,55.50,57.30,9100,511665,0.4,,2994100,26,,
2013-11-20_01001T,2013-11-20,01001T,土銀富邦R1,twse,16.80,16.80,16.79,16.79,48000,806190,-0.01,,,8,,
2013-11-20_01002T,2013-11-20,01002T,土銀國泰R1,twse,19.50,19.50,19.40,19.40,244000,4750410,-0.1,,,56,,
2013-11-20_01003T,2013-11-20,01003T,兆豐新光R1,twse,14.06,14.06,14.01,14.01,119000,1671530,-0.04,,,11,,
2013-11-20_01004T,2013-11-20,01004T,土銀富邦R2,twse,13.41,13.41,13.33,13.34,62000,830090,-0.06,,,11,,
2013-11-20_01007T,2013-11-20,01007T,兆豐國泰R2,twse,16.70,16.70,16.62,16.70,518000,8649700,0.0,,,20,,
2013-11-20_01008T,2013-11-20,01008T,駿馬R1,twse,15.70,15.70,15.65,15.65,54000,846100,-0.05,,,11,,
2013-11-20_1101,2013-11-20,1101,台泥,twse,43.20,43.45,42.55,42.55,14540360,624092731,-1.35,,3692175869,5040,,
2013-11-20_1102,2013-11-20,1102,亞泥,twse,38.25,38.30,38.00,38.00,3550359,135042142,-0.25,,3295536469,1254,,
2013-11-20_1103,2013-11-20,1103,嘉泥,twse,14.90,14.90,14.80,14.85,383518,5690987,0.1,,776828548,125,,
2013-11-20_1104,2013-11-20,1104,環泥,twse,26.00,26.05,25.95,25.95,465877,12113764,-0.05,,603891908,165,,
2013-11-20_1108,2013-11-20,1108,幸福,twse,8.00,8.03,7.93,8.03,215000,1721440,0.03,,404738049,66,,
2013-11-20_1109,2013-11-20,1109,信大,twse,11.00,11.00,10.95,11.00,38000,417350,0.1,,421000760,12,,
2013-11-20_1110,2013-11-20,1110,東泥,twse,16.60,16.60,16.40,16.55,21950,362529,-0.05,,572000797,8,,
2013-11-20_1201,2013-11-20,1201,味全,twse,48.40,48.70,47.10,47.15,6227255,290140000,-1.6,,506062914,1617,,
2013-11-20_1203,2013-11-20,1203,味王,twse,25.00,25.00,24.45,24.70,441487,10850179,-0.25,,240000000,138,,
2013-11-20_1210,2013-11-20,1210,大成,twse,25.70,25.95,25.65,25.75,267428,6885399,0.0,,566457215,174,,
2013-11-20_1213,2013-11-20,1213,大飲,twse,18.80,19.10,18.80,18.80,38001,716668,0.0,,51475116,24,,
2013-11-20_1215,2013-11-20,1215,卜蜂,twse,15.40,15.45,15.30,15.30,336952,5174558,-0.1,,232026838,119,,
2013-11-20_1216,2013-11-20,1216,統一,twse,53.00,53.30,52.00,52.20,16359225,859887489,-0.8,,5154222987,7748,,
2013-11-20_1217,2013-11-20,1217,愛之味,twse,8.99,9.02,8.94,8.94,686515,6159109,-0.04,,497689257,244,,
2013-11-20_1218,2013-11-20,1218,泰山,twse,13.60,13.65,13.50,13.50,1229789,16680317,0.05,,353336038,432,,
2013-11-20_1219,2013-11-20,1219,福壽,twse,14.95,15.00,14.85,14.95,126982,1896324,0.0,,313188243,82,,
2013-11-20_1220,2013-11-20,1220,台榮,twse,9.93,9.93,9.82,9.93,59006,583258,0.0,,177077944,23,,
2013-11-20_1225,2013-11-20,1225,福懋油,twse,10.65,10.70,10.40,10.70,677558,7138414,0.05,,196922179,217,,
2013-11-20_1227,2013-11-20,1227,佳格,twse,88.20,88.20,87.30,87.80,700371,61417323,-0.4,,661131903,741,,
2013-11-20_1229,2013-11-20,1229,聯華,twse,18.90,19.00,18.85,18.90,251621,4758583,-0.05,,852428044,161,,
2013-11-20_1231,2013-11-20,1231,聯華食,twse,36.20,36.20,35.90,35.90,266545,9597570,-0.2,,132243859,179,,
2013-11-20_1232,2013-11-20,1232,大統益,twse,62.50,62.50,61.50,61.50,62338,3848085,-0.3,,159974915,49,,
2013-11-20_1233,2013-11-20,1233,天仁,twse,45.30,45.80,45.30,45.65,56331,2570043,0.15,,90591948,48,,
2013-11-20_1234,2013-11-20,1234,黑松,twse,35.45,35.50,35.25,35.45,391925,13873381,0.0,,401871094,229,,
2013-11-20_1235,2013-11-20,1235,興泰,twse,25.50,25.50,25.45,25.45,2182,55545,-0.25,,56168831,3,,
2013-11-20_1236,2013-11-20,1236,宏亞,twse,27.00,27.35,27.00,27.00,37646,1016658,0.0,,108342510,22,,
2013-11-20_1256,2013-11-20,1256,F-鮮活,tpex,168.00,168.00,159.00,162.50,266000,43392000,-7.50,,17640000,244,,
2013-11-20_1258,2013-11-20,1258,F-其祥,tpex,,,,,0,0,,,34000000,0,無成交,
2013-11-20_1259,2013-11-20,1259,安心,tpex,76.50,76.50,74.10,75.00,17000,1274000,0.00,,32389500,16,,
2013-11-20_1301,2013-11-20,1301,台塑,twse,75.80,76.20,75.00,75.10,3733579,281531939,-1.0,,6365740781,2150,,
2013-11-20_1303,2013-11-20,1303,南亞,twse,65.50,65.50,64.70,64.70,2152737,139828147,-0.6,,7930821589,1143,,
2013-11-20_1304,2013-11-20,1304,台聚,twse,20.20,20.20,20.05,20.10,1169474,23507412,0.0,,1142602365,535,,
2013-11-20_1305,2013-11-20,1305,華夏,twse,17.30,17.45,17.25,17.25,1231362,21333991,-0.05,,450291739,619,,
2013-11-20_1307,2013-11-20,1307,三芳,twse,27.30,27.70,27.15,27.40,143662,3927086,-0.35,,364059938,93,,
2013-11-20_1308,2013-11-20,1308,亞聚,twse,24.60,24.70,24.10,24.15,1139088,27684228,-0.45,,469676935,468,,
2013-11-20_1309,2013-11-20,1309,台達化,twse,11.55,11.95,11.55,11.90,1284453,15224463,0.25,,327651855,423,,
2013-11-20_1310,2013-11-20,1310,台苯,twse,22.20,22.35,21.90,22.20,5227117,115473267,0.0,,502733109,1328,,
2013-11-20_1312,2013-11-20,1312,國喬,twse,21.45,21.90,21.40,21.90,7513551,162281455,0.45,,926620328,3023,,
2013-11-20_1312A,2013-11-20,1312A,國喬特,twse,23.40,23.40,23.40,23.40,2000,46800,-0.15,down,20000000,2,,
2013-11-20_1313,2013-11-20,1313,聯成,twse,13.95,13.95,13.80,13.90,598354,8301360,0.0,,1155063875,195,,
2013-11-20_1314,2013-11-20,1314,中石化,twse,13.45,13.80,13.40,13.55,10994734,149928201,0.1,,2319989666,3018,,
2013-11-20_1315,2013-11-20,1315,達新,twse,28.95,29.10,28.85,29.00,356010,10293390,-0.1,,220000000,34,,
2013-11-20_1316,2013-11-20,1316,上曜,twse,11.40,11.40,11.15,11.20,197000,2226600,-0.15,,136812667,54,,
2013-11-20_1319,2013-11-20,1319,東陽,twse,45.15,46.10,44.80,45.30,2471795,112506298,0.15,,591477068,1482,,
2013-11-20_1321,2013-11-20,1321,大洋,twse,34.50,34.70,34.05,34.10,158201,5424054,-0.4,,227228268,89,,
2013-11-20_1323,2013-11-20,1323,永裕,twse,44.45,46.90,44.25,45.75,1458584,66924657,1.55,,86928146,963,,
2013-11-20_1324,2013-11-20,1324,地球,twse,14.80,14.90,14.80,14.90,27000,399850,0.1,,75121882,11,,
2013-11-20_1325,2013-11-20,1325,恆大,twse,19.90,19.90,19.70,19.80,65198,1289460,-0.1,,100682821,47,,
2013-11-20_1326,2013-11-20,1326,台化,twse,83.20,83.20,81.60,81.60,2566719,210319947,-1.3,,5861186291,1400,,
2013-11-20_1333,2013-11-20,1333,恩得利,tpex,5.72,5.76,5.66,5.76,143000,816860,0.06,,102525625,37,,
2013-11-20_1336,2013-11-20,1336,台翰,tpex,9.83,9.94,9.83,9.94,21000,207810,0.01,,62753230,12,,
2013-11-20_1337,2013-11-20,1337,再生-KY,twse,85.30,87.50,84.90,85.40,1850341,159472253,0.4,,199832880,1208,,
2013-11-20_1338,2013-11-20,1338,廣華-KY,twse,91.60,94.00,90.70,93.00,978079,90798047,2.4,,78100000,656,,
2013-11-20_1339,2013-11-20,1339,昭輝,twse,40.40,41.80,40.40,41.40,321475,13273719,1.15,,65925875,167,,
2013-11-20_1402,2013-11-20,1402,遠東新,twse,33.60,34.35,33.35,33.40,8172010,277123997,-0.4,,5145016557,3651,,
2013-11-20_1409,2013-11-20,1409,新纖,twse,10.10,10.45,10.10,10.25,11743871,121248360,0.15,,1760484015,2681,,
2013-11-20_1410,2013-11-20,1410,南染,twse,22.20,22.30,21.80,22.15,95765,2115380,0.15,,90000000,54,,
2013-11-20_1413,2013-11-20,1413,宏洲,twse,4.14,4.21,4.14,4.17,177662,744060,0.07,,170187424,62,,
2013-11-20_1414,2013-11-20,1414,東和,twse,9.30,9.70,9.28,9.60,1434452,13726728,0.32,,220000000,510,,
2013-11-20_1416,2013-11-20,1416,廣豐,twse,19.25,19.70,19.15,19.40,591913,11519507,0.15,,307878718,238,,
2013-11-20_1417,2013-11-20,1417,嘉裕,twse,8.41,8.86,8.41,8.70,3102702,26906042,0.29,,379883680,869,,
2013-11-20_1418,2013-11-20,1418,東華,twse,6.22,6.30,6.22,6.23,140939,884041,-0.01,,131927630,45,,
2013-11-20_1419,2013-11-20,1419,新紡,twse,39.15,39.70,39.00,39.45,97001,3832889,0.3,,300041280,71,,
2013-11-20_1423,2013-11-20,1423,利華,twse,7.88,7.97,7.88,7.92,378418,3000649,0.06,,175000000,116,,
2013-11-20_1432,2013-11-20,1432,大魯閣,twse,20.80,21.00,20.70,20.80,517256,10793195,0.1,,163989926,248,,
2013-11-20_1434,2013-11-20,1434,福懋,twse,37.30,38.70,37.00,37.20,9504731,360346075,0.2,,1684664637,3841,,
2013-11-20_1435,2013-11-20,1435,中福,twse,6.13,6.23,6.11,6.18,85000,523930,0.08,,139780080,38,,
2013-11-20_1436,2013-11-20,1436,華友聯,twse,53.40,53.60,53.40,53.60,7226,385386,0.0,,60000000,7,,
2013-11-20_1437,2013-11-20,1437,勤益控,twse,15.85,15.85,15.65,15.70,90419,1421242,0.0,,203964937,43,,
2013-11-20_1438,2013-11-20,1438,三地開發,twse,5.16,5.42,5.16,5.30,164531,869210,-0.03,,102411518,61,,
2013-11-20_1439,2013-11-20,1439,雋揚,twse,15.40,15.40,15.10,15.35,126206,1935029,0.05,,92000000,73,,
2013-11-20_1440,2013-11-20,1440,南紡,twse,22.50,23.20,22.35,22.50,32836714,749240193,0.25,,1592632758,9470,,
2013-11-20_1441,2013-11-20,1441,大東,twse,9.76,10.20,9.74,9.95,423751,4241507,0.17,,91753066,152,,
2013-11-20_1442,2013-11-20,1442,名軒,twse,37.10,37.55,37.10,37.20,1263015,47123711,0.1,,206438667,498,,
2013-11-20_1443,2013-11-20,1443,立益物流,twse,9.26,9.42,9.26,9.35,85813,800198,0.11,,135343011,52,,
2013-11-20_1444,2013-11-20,1444,力麗,twse,10.65,11.25,10.65,10.90,8127250,89877147,0.25,,911717089,2143,,
2013-11-20_1445,2013-11-20,1445,大宇,twse,8.22,8.37,8.22,8.36,320252,2665905,0.15,,138667034,133,,
2013-11-20_1446,2013-11-20,1446,宏和,twse,33.50,34.60,33.30,33.90,950113,32366829,0.7,,138621513,327,,
2013-11-20_1447,2013-11-20,1447,力鵬,twse,14.15,15.05,14.15,14.80,24944186,371942770,0.7,,791763847,4645,,
2013-11-20_1449,2013-11-20,1449,佳和,twse,1.60,1.66,1.60,1.66,32145,52263,0.0,,276294084,14,,
2013-11-20_1451,2013-11-20,1451,年興,twse,31.00,31.85,30.75,31.45,4315909,136274086,0.55,,400000000,1611,,
2013-11-20_1452,2013-11-20,1452,宏益,twse,9.90,10.35,9.90,10.25,2449395,25068815,0.33,,132641400,604,,
2013-11-20_1453,2013-11-20,1453,大將,twse,9.80,10.15,9.80,10.00,76656,762848,0.01,,83803947,65,,
2013-11-20_1454,2013-11-20,1454,台富,twse,7.49,7.70,7.49,7.64,392216,2988115,0.09,,140309848,84,,
2013-11-20_1455,2013-11-20,1455,集盛,twse,9.95,10.70,9.95,10.55,18055983,191248862,0.55,,611763380,3481,,
2013-11-20_1456,2013-11-20,1456,怡華,twse,3.48,3.49,3.48,3.49,11089,38640,0.19,,407500000,7,,
2013-11-20_1457,2013-11-20,1457,宜進,twse,7.93,8.30,7.93,8.19,2493160,20477745,0.26,,317874592,696,,
2013-11-20_1459,2013-11-20,1459,聯發,twse,9.27,9.57,9.27,9.40,333000,3153448,0.15,,358628907,121,,
2013-11-20_1460,2013-11-20,1460,宏遠,twse,8.12,8.50,8.12,8.31,1877957,15710114,0.23,,471189133,600,,
2013-11-20_1463,2013-11-20,1463,強盛新,twse,18.60,19.55,18.55,19.55,15362879,296942369,1.25,,188410769,3962,,
2013-11-20_1464,2013-11-20,1464,得力,twse,11.35,12.05,11.30,11.75,3636433,42797557,0.4,,216896020,901,,
2013-11-20_1465,2013-11-20,1465,偉全,twse,15.60,15.95,15.45,15.60,254400,3982150,0.0,,86339389,105,,
2013-11-20_1466,2013-11-20,1466,聚隆,twse,20.50,21.85,20.50,21.85,2965310,64348120,1.4,,95261707,1181,,
2013-11-20_1467,2013-11-20,1467,南緯,twse,15.50,16.05,15.30,15.60,3279049,51674815,0.1,,168209761,1086,,
2013-11-20_1468,2013-11-20,1468,昶和,twse,10.50,11.10,10.50,10.80,17000,183250,0.1,,160405244,9,,
2013-11-20_1469,2013-11-20,1469,理隆,twse,10.30,10.70,10.15,10.40,20000,205400,0.0,,124600000,14,,
2013-11-20_1470,2013-11-20,1470,大統新創,twse,16.80,16.80,16.80,16.80,6000,100800,0.3,up,85767000,2,,
2013-11-20_1471,2013-11-20,1471,首利,twse,9.99,10.05,9.96,9.97,247851,2478248,0.01,,201467669,84,,
2013-11-20_1472,2013-11-20,1472,三洋實業,twse,34.60,35.45,34.30,35.10,237000,8292900,0.5,,71650000,161,,
2013-11-20_1473,2013-11-20,1473,台南,twse,31.40,31.40,30.30,30.40,561641,17254199,-1.0,,146822034,316,,
2013-11-20_1474,2013-11-20,1474,弘裕,twse,8.98,9.24,8.98,9.12,287000,2623070,0.18,,133787969,132,,
2013-11-20_1475,2013-11-20,1475,業旺,twse,8.09,8.13,8.09,8.09,28060,227225,-0.6,,52516749,21,,
2013-11-20_1476,2013-11-20,1476,儒鴻,twse,365.00,375.50,361.50,371.50,1371454,510333650,6.0,,250949389,1234,,
2013-11-20_1477,2013-11-20,1477,聚陽,twse,181.50,186.00,179.00,184.00,3087025,567992075,4.0,,166631828,2286,,
2013-11-20_1503,2013-11-20,1503,士電,twse,37.70,37.90,37.55,37.90,53331,2010494,0.05,,520972223,27,,
2013-11-20_1504,2013-11-20,1504,東元,twse,31.80,31.80,31.15,31.20,9910837,310525819,-0.5,,1893679583,3013,,
2013-11-20_1506,2013-11-20,1506,正道,twse,16.85,17.60,16.80,17.00,696442,11970786,0.2,,122251616,296,,
2013-11-20_1507,2013-11-20,1507,永大,twse,89.60,89.60,87.40,87.40,818257,72105559,-2.2,,410820000,717,,
2013-11-20_1512,2013-11-20,1512,瑞利,twse,7.89,7.89,7.79,7.85,53002,415325,0.07,,181802494,24,,
2013-11-20_1513,2013-11-20,1513,中興電,twse,19.60,19.70,19.20,19.25,4931618,95684076,-0.45,,480000000,1824,,
2013-11-20_1514,2013-11-20,1514,亞力,twse,9.23,9.34,9.23,9.34,470690,4369786,0.11,,201067013,129,,
2013-11-20_1515,2013-11-20,1515,力山,twse,11.65,11.80,11.55,11.80,580682,6795427,0.2,,181473500,225,,
2013-11-20_1516,2013-11-20,1516,川飛,twse,11.50,11.50,11.50,11.50,1115,12793,-0.45,down,25314681,2,,
2013-11-20_1517,2013-11-20,1517,利奇,twse,14.25,14.55,14.20,14.35,1505722,21699157,0.1,,227825007,460,,
2013-11-20_1519,2013-11-20,1519,華城,twse,17.30,17.65,17.10,17.10,1156502,20068907,0.0,,261058548,521,,
2013-11-20_1521,2013-11-20,1521,大億,twse,56.80,58.20,56.50,57.80,274240,15812420,1.0,,76230000,170,,
2013-11-20_1522,2013-11-20,1522,堤維西,twse,15.70,16.55,15.70,16.40,1924389,31367186,0.6,,312897881,765,,
2013-11-20_1524,2013-11-20,1524,耿鼎,twse,8.06,8.23,8.06,8.12,533257,4343654,0.01,,162414527,167,,
2013-11-20_1525,2013-11-20,1525,江申,twse,53.00,54.20,53.00,54.00,384795,20703189,1.0,,69245411,322,,
2013-11-20_1526,2013-11-20,1526,日馳,twse,9.10,9.35,9.09,9.09,104000,956058,0.04,,50000000,49,,
2013-11-20_1527,2013-11-20,1527,鑽全,twse,29.70,30.35,29.40,29.80,640001,19181180,0.1,,153289600,404,,
2013-11-20_1528,2013-11-20,1528,恩德,twse,13.95,14.20,13.85,14.05,257969,3617868,0.1,,147000000,84,,
2013-11-20_1529,2013-11-20,1529,樂事綠能,twse,2.85,2.85,2.84,2.84,12004,34192,-0.01,,249708922,8,,
2013-11-20_1530,2013-11-20,1530,亞崴,twse,33.50,33.50,32.35,32.35,75112,2445256,-0.65,,94952449,72,,
2013-11-20_1531,2013-11-20,1531,高林股,twse,21.20,21.65,21.00,21.15,1348746,28753690,-0.5,,193151080,661,,
2013-11-20_1532,2013-11-20,1532,勤美,twse,45.40,45.65,42.90,43.55,1291788,57282609,-1.8,,385937365,674,,
2013-11-20_1533,2013-11-20,1533,車王電,twse,35.55,37.60,35.30,37.60,3653010,135713576,2.45,,96415198,1602,,
2013-11-20_1535,2013-11-20,1535,中宇,twse,73.80,73.80,73.50,73.50,98070,7218071,-0.3,,121798774,56,,
2013-11-20_1536,2013-11-20,1536,和大,twse,44.40,46.30,43.80,45.10,11597052,527084351,0.8,,192420280,6072,,
2013-11-20_1537,2013-11-20,1537,廣隆,twse,75.00,75.50,73.70,74.10,1176700,87474990,-1.0,,81585394,850,,
2013-11-20_1538,2013-11-20,1538,正峰,twse,10.40,10.50,10.10,10.45,307454,3175371,0.05,,163884496,130,,
2013-11-20_1539,2013-11-20,1539,巨庭,twse,17.80,18.30,17.65,18.00,1049000,18880350,0.3,,65370000,531,,
2013-11-20_1540,2013-11-20,1540,喬福,twse,18.85,18.90,18.25,18.45,723744,13415462,-0.4,,85473612,291,,
2013-11-20_1541,2013-11-20,1541,錩泰,twse,13.30,13.45,13.20,13.30,20000,265350,-0.25,,78800000,14,,
2013-11-20_1558,2013-11-20,1558,伸興,tpex,177.50,184.50,176.00,177.50,1546000,280029000,1.00,,54252631,1086,,
2013-11-20_1560,2013-11-20,1560,中砂,twse,78.10,78.80,76.90,76.90,5376908,418966166,-1.2,,141000000,2838,,
2013-11-20_1565,2013-11-20,1565,精華,tpex,891.00,896.00,874.00,876.00,127000,112163000,-11.00,,50416516,118,,
2013-11-20_1566,2013-11-20,1566,捷邦,tpex,18.95,18.95,18.65,18.65,176000,3297100,-0.35,,51867028,100,,
2013-11-20_1569,2013-11-20,1569,濱川,tpex,22.15,23.00,22.10,22.10,352000,7938950,-0.60,,83784745,209,,
2013-11-20_1570,2013-11-20,1570,力肯,tpex,14.50,14.90,14.50,14.50,34000,494950,0.00,,51500839,16,,
2013-11-20_1580,2013-11-20,1580,新麥,tpex,144.00,148.50,142.50,145.00,1541000,224391000,2.00,,44886823,973,,
2013-11-20_1582,2013-11-20,1582,信錦,twse,49.20,49.60,49.20,49.30,254200,12542570,0.1,,148059827,175,,
2013-11-20_1583,2013-11-20,1583,程泰,twse,42.40,42.40,41.95,42.00,39100,1643095,-0.45,,97968048,28,,
2013-11-20_1584,2013-11-20,1584,精剛,tpex,13.25,13.45,13.25,13.45,78000,1037800,0.20,,83470533,30,,
2013-11-20_1586,2013-11-20,1586,和勤,tpex,20.20,20.20,20.10,20.20,26000,524000,-0.05,,46643273,12,,
2013-11-20_1589,2013-11-20,1589,永冠-KY,twse,93.00,93.00,88.10,89.00,1973771,177525290,-3.5,,100889015,1464,,
2013-11-20_1590,2013-11-20,1590,亞德客-KY,twse,242.00,242.00,225.00,225.00,1552214,357861650,-16.5,,170499998,1224,,
2013-11-20_1591,2013-11-20,1591,F-駿吉,tpex,30.00,30.00,30.00,30.00,1000,30000,0.05,up,23408250,1,,
2013-11-20_1593,2013-11-20,1593,祺驊,tpex,26.60,26.60,26.60,26.60,1000,26600,0.00,flat,26076000,1,,
2013-11-20_1595,2013-11-20,1595,川寶,tpex,65.10,66.00,65.00,65.20,21000,1375900,0.10,,38687448,11,,
2013-11-20_1597,2013-11-20,1597,直得,tpex,47.00,47.50,46.10,46.10,151000,7032050,-1.40,,55962170,106,,
2013-11-20_1599,2013-11-20,1599,宏佳騰,tpex,47.80,47.80,47.00,47.15,46000,2172400,-0.70,,39113496,40,,
2013-11-20_1603,2013-11-20,1603,華電,twse,13.40,13.60,13.40,13.50,559368,7549718,0.1,,342300000,144,,
2013-11-20_1604,2013-11-20,1604,聲寶,twse,10.80,10.80,10.60,10.75,1954989,20920118,0.0,,564100071,437,,
2013-11-20_1605,2013-11-20,1605,華新,twse,8.66,8.76,8.64,8.64,4475077,38846093,-0.04,,3576000258,1299,,
2013-11-20_1608,2013-11-20,1608,華榮,twse,11.15,11.25,11.15,11.20,262677,2936113,0.05,,632773506,73,,
2013-11-20_1609,2013-11-20,1609,大亞,twse,6.73,6.80,6.73,6.75,330963,2239226,0.01,,580180791,110,,
2013-11-20_1611,2013-11-20,1611,中電,twse,12.70,12.80,12.50,12.50,560028,7061445,-0.2,,398439186,217,,
2013-11-20_1612,2013-11-20,1612,宏泰,twse,9.65,9.73,9.65,9.69,336000,3257690,0.04,,324151063,120,,
2013-11-20_1613,2013-11-20,1613,台一,twse,5.07,5.12,5.07,5.07,201652,1024444,0.0,,227528000,55,,
2013-11-20_1614,2013-11-20,1614,三洋電,twse,36.50,36.70,36.50,36.60,74700,2731373,-0.15,,269113406,43,,
2013-11-20_1615,2013-11-20,1615,大山,twse,9.93,9.93,9.71,9.87,27050,264236,-0.08,,111861784,18,,
2013-11-20_1616,2013-11-20,1616,億泰,twse,5.38,5.46,5.35,5.46,203000,1098980,0.01,,194148515,69,,
2013-11-20_1617,2013-11-20,1617,榮星,twse,9.35,9.35,9.11,9.25,40000,366810,-0.04,,144233235,22,,
2013-11-20_1618,2013-11-20,1618,合機,twse,9.46,9.55,9.46,9.53,73180,694439,0.07,,240864684,48,,
2013-11-20_1626,2013-11-20,1626,艾美特-KY,twse,78.70,79.20,78.30,78.80,219001,17223181,0.3,,122494250,159,,
2013-11-20_1701,2013-11-20,1701,中化,twse,23.60,23.70,23.40,23.55,1124309,26487289,0.0,,298081080,616,,
2013-11-20_1702,2013-11-20,1702,南僑,twse,48.60,48.60,47.80,48.10,1928019,92727451,-0.5,,294132962,1230,,
2013-11-20_1704,2013-11-20,1704,榮化,twse,35.60,35.60,35.00,35.10,570725,20116091,-0.5,,853242368,424,,
2013-11-20_1707,2013-11-20,1707,葡萄王,twse,141.50,143.00,140.00,142.50,1669331,237325502,2.5,,130235040,1251,,
2013-11-20_1708,2013-11-20,1708,東鹼,twse,31.00,31.10,31.00,31.10,78125,2428133,0.15,,165731657,60,,
2013-11-20_1709,2013-11-20,1709,和益,twse,13.95,13.95,13.85,13.85,202162,2803232,-0.1,,429932874,61,,
2013-11-20_1710,2013-11-20,1710,東聯,twse,31.10,31.50,30.90,31.30,2499933,78296090,0.5,,885703029,1186,,
2013-11-20_1711,2013-11-20,1711,永光,twse,25.40,25.65,25.35,25.35,1511895,38538379,0.0,,473168966,604,,
2013-11-20_1712,2013-11-20,1712,興農,twse,16.15,16.80,16.10,16.65,5739203,94997660,0.5,,333692039,1430,,
2013-11-20_1713,2013-11-20,1713,國化,twse,17.50,17.60,17.35,17.35,172999,3025630,-0.1,,150951700,59,,
2013-11-20_1714,2013-11-20,1714,和桐,twse,14.10,14.15,14.00,14.05,1553165,21837110,-0.05,,912945418,607,,
2013-11-20_1715,2013-11-20,1715,萬洲,twse,16.50,16.65,16.45,16.50,292866,4844136,0.05,,321808620,137,,
2013-11-20_1717,2013-11-20,1717,長興,twse,26.00,26.30,26.00,26.20,991316,25936392,0.2,,992397112,243,,
2013-11-20_1718,2013-11-20,1718,中纖,twse,12.50,12.70,12.45,12.45,8176766,102567125,0.0,,1410590246,1825,,
2013-11-20_1720,2013-11-20,1720,生達,twse,48.65,49.20,48.20,49.20,2688213,131346774,1.05,,169790518,1461,,
2013-11-20_1721,2013-11-20,1721,國慶科技,twse,8.41,8.50,8.40,8.42,178851,1506307,0.02,,83676977,47,,
2013-11-20_1722,2013-11-20,1722,台肥,twse,68.80,69.40,68.50,68.50,2314464,159240718,-0.4,,980000000,1610,,
2013-11-20_1723,2013-11-20,1723,中碳,twse,171.00,171.00,169.00,169.50,393910,66960473,-1.5,,236904480,211,,
2013-11-20_1724,2013-11-20,1724,台硝,twse,14.50,14.75,14.50,14.60,133062,1950302,-0.1,,127813900,55,,
2013-11-20_1725,2013-11-20,1725,元禎,twse,14.70,14.70,14.60,14.65,14000,205150,0.05,,182500978,11,,
2013-11-20_1726,2013-11-20,1726,永記,twse,70.30,70.80,70.30,70.30,44200,3113059,-0.6,,162000000,41,,
2013-11-20_1727,2013-11-20,1727,中華化,twse,16.70,16.90,16.70,16.75,57134,958835,0.0,,100000000,45,,
2013-11-20_1729,2013-11-20,1729,必翔,twse,28.35,29.00,28.10,29.00,400000,11396150,0.65,,187414200,121,,
2013-11-20_1730,2013-11-20,1730,花仙子,twse,25.50,25.70,25.40,25.50,320001,8150225,0.1,,53481168,132,,
2013-11-20_1731,2013-11-20,1731,美吾華,twse,15.45,15.55,15.40,15.40,252327,3893452,0.05,,132915244,99,,
2013-11-20_1732,2013-11-20,1732,毛寶,twse,12.40,12.45,12.30,12.30,54002,665474,0.0,,42443957,33,,
2013-11-20_1733,2013-11-20,1733,五鼎,twse,70.50,71.00,70.50,70.70,212698,15042263,0.2,,98531420,189,,
2013-11-20_1734,2013-11-20,1734,杏輝,twse,49.00,49.25,48.50,48.95,1995201,97476237,0.45,,149325162,1151,,
2013-11-20_1735,2013-11-20,1735,日勝化,twse,12.30,12.30,12.25,12.30,19000,233200,-0.05,,102388000,12,,
2013-11-20_1736,2013-11-20,1736,喬山,twse,82.50,83.20,82.30,82.50,72152,5962939,0.2,,201448032,64,,
2013-11-20_1737,2013-11-20,1737,臺鹽,twse,24.30,24.40,23.95,23.95,764617,18428515,-0.35,,278095500,446,,
2013-11-20_1742,2013-11-20,1742,台蠟,tpex,17.80,17.80,17.55,17.65,59000,1038700,-0.15,,64690524,25,,
2013-11-20_1752,2013-11-20,1752,南光,tpex,35.25,36.00,35.10,35.50,455000,16177400,0.40,,79293281,277,,
2013-11-20_1762,2013-11-20,1762,中化生,twse,53.00,53.30,52.30,52.40,355500,18678850,-0.4,,77560000,243,,
2013-11-20_1773,2013-11-20,1773,勝一,twse,49.20,49.20,48.50,48.80,66000,3220400,-0.15,,133500000,39,,
2013-11-20_1777,2013-11-20,1777,生泰,tpex,56.90,56.90,56.00,56.80,9000,510000,0.10,,24959550,8,,
2013-11-20_1781,2013-11-20,1781,合世,tpex,40.25,41.35,39.60,40.60,2263000,91682950,1.05,,47298336,1454,,
2013-11-20_1784,2013-11-20,1784,訊聯,tpex,49.60,49.60,45.40,46.15,1872000,87246100,-2.55,,50211924,1188,,
2013-11-20_1785,2013-11-20,1785,光洋科,tpex,24.15,24.75,24.05,24.30,905000,22144050,0.15,,408564346,292,,
2013-11-20_1786,2013-11-20,1786,科妍,twse,83.00,87.20,82.00,86.90,1417421,120987814,5.4,,50000000,1111,,
2013-11-20_1787,2013-11-20,1787,福盈科,tpex,16.20,16.55,16.20,16.35,428000,6994100,0.20,,69759360,201,,
2013-11-20_1788,2013-11-20,1788,杏昌,tpex,91.70,91.70,90.50,90.50,181000,16456200,-1.20,,35000000,132,,
2013-11-20_1789,2013-11-20,1789,神隆,twse,90.50,90.80,89.70,90.30,1660480,150088188,0.0,,675927200,1251,,
2013-11-20_1795,2013-11-20,1795,美時,tpex,66.80,67.40,66.00,66.40,1615000,107699900,-0.10,,74392191,991,,
2013-11-20_1799,2013-11-20,1799,紅電醫,tpex,23.00,23.00,22.50,22.90,389000,8858700,0.00,,48044000,203,,
2013-11-20_1802,2013-11-20,1802,台玻,twse,30.00,30.00,29.65,29.75,567800,16964913,-0.25,,2378060800,335,,
2013-11-20_1805,2013-11-20,1805,寶徠,twse,15.35,15.85,15.35,15.80,69086,1085235,0.45,,80265400,46,,
2013-11-20_1806,2013-11-20,1806,冠軍,twse,13.20,13.20,12.95,13.00,740391,9661290,-0.1,,437335078,298,,
2013-11-20_1808,2013-11-20,1808,潤隆,twse,30.30,31.25,30.30,30.85,438500,13586800,0.55,,144699139,171,,
2013-11-20_1809,2013-11-20,1809,中釉,twse,13.80,13.90,13.70,13.80,281359,3883985,0.0,,189820383,80,,
2013-11-20_1810,2013-11-20,1810,和成,twse,10.65,10.80,10.65,10.75,795435,8519353,0.1,,369853610,239,,
2013-11-20_1813,2013-11-20,1813,寶利徠,tpex,36.40,36.40,35.60,35.60,63000,2260950,-0.80,,46635510,44,,
2013-11-20_1815,2013-11-20,1815,富喬,tpex,10.60,10.80,10.50,10.60,829000,8809600,0.05,,409138101,287,,
2013-11-20_1817,2013-11-20,1817,凱撒衛,twse,31.80,32.00,31.45,31.55,381000,12077750,-0.15,,72600000,220,,
2013-11-20_1902,2013-11-20,1902,台紙,twse,12.10,12.20,12.10,12.15,271729,3302666,0.05,,402000550,84,,
2013-11-20_1903,2013-11-20,1903,士紙,twse,46.00,46.30,45.90,46.00,39000,1794800,-0.2,,260039121,20,,
2013-11-20_1904,2013-11-20,1904,正隆,twse,13.90,14.30,13.90,14.25,3237470,45869421,0.4,,1073368241,847,,
2013-11-20_1905,2013-11-20,1905,華紙,twse,9.18,9.20,9.14,9.15,638270,5845153,-0.05,,1257835316,152,,
2013-11-20_1906,2013-11-20,1906,寶隆,twse,8.35,8.38,8.27,8.28,15432,127983,-0.04,,151000000,13,,
2013-11-20_1907,2013-11-20,1907,永豐餘,twse,15.10,15.15,14.95,15.00,1153878,17340725,-0.1,,1660371495,490,,
2013-11-20_1909,2013-11-20,1909,榮成,twse,12.00,12.10,11.85,12.00,3026348,36265898,0.0,,787113309,621,,
2013-11-20_2002,2013-11-20,2002,中鋼,twse,25.10,25.20,25.05,25.05,5384517,135345576,-0.2,,15463851957,2147,,
2013-11-20_2002A,2013-11-20,2002A,中鋼特,twse,41.00,41.00,41.00,41.00,1000,41000,-0.05,down,47777000,1,,
2013-11-20_2006,2013-11-20,2006,東和鋼鐵,twse,25.55,25.65,25.50,25.60,610934,15610449,0.05,,998202069,349,,
2013-11-20_2007,2013-11-20,2007,燁興,twse,6.23,6.36,6.23,6.28,117022,735803,-0.03,,630651613,58,,
2013-11-20_2008,2013-11-20,2008,高興昌,twse,11.50,11.85,11.25,11.30,2314275,26514693,-0.3,,423826604,582,,
2013-11-20_2009,2013-11-20,2009,第一銅,twse,10.00,10.00,9.96,10.00,273302,2732178,0.0,,359622165,94,,
2013-11-20_2010,2013-11-20,2010,春源,twse,11.10,11.10,11.05,11.10,18606,206294,0.0,,647655390,19,,
2013-11-20_2012,2013-11-20,2012,春雨,twse,11.15,11.15,10.90,10.90,175095,1922195,-0.2,,287774000,42,,
2013-11-20_2013,2013-11-20,2013,中鋼構,twse,35.15,35.20,35.05,35.10,103342,3625036,0.0,,200000000,63,,
2013-11-20_2014,2013-11-20,2014,中鴻,twse,8.12,8.14,8.08,8.11,505673,4096545,-0.01,,1435544446,210,,
2013-11-20_2015,2013-11-20,2015,豐興,twse,53.30,53.30,52.70,53.00,187314,9910547,-0.1,,581599424,174,,
2013-11-20_2017,2013-11-20,2017,官田鋼,twse,6.44,6.49,6.44,6.44,295831,1909083,0.0,,388095527,103,,
2013-11-20_2020,2013-11-20,2020,美亞,twse,13.65,13.75,13.65,13.70,194634,2661667,0.0,,262533100,42,,
2013-11-20_2022,2013-11-20,2022,聚亨,twse,5.50,5.56,5.41,5.51,3250958,17784550,0.06,,500745229,567,,
2013-11-20_2023,2013-11-20,2023,燁輝,twse,8.83,8.84,8.79,8.83,986650,8706302,0.02,,1635342256,398,,
2013-11-20_2024,2013-11-20,2024,志聯,twse,6.86,6.88,6.80,6.88,60174,410363,0.0,,109550000,21,,
2013-11-20_2025,2013-11-20,2025,千興,twse,3.82,3.82,3.80,3.80,238001,907194,-0.02,,322834050,46,,
2013-11-20_2027,2013-11-20,2027,大成鋼,twse,13.30,13.40,13.30,13.35,359825,4791767,0.05,,777097016,121,,
2013-11-20_2028,2013-11-20,2028,威致,twse,4.34,4.34,4.11,4.13,492001,2081154,-0.2,,265000000,130,,
2013-11-20_2029,2013-11-20,2029,盛餘,twse,21.10,21.25,21.05,21.15,91300,1932544,-0.05,,321180000,41,,
2013-11-20_2030,2013-11-20,2030,彰源,twse,9.03,9.08,9.03,9.07,68302,618714,0.02,,272881931,29,,
2013-11-20_2031,2013-11-20,2031,新光鋼,twse,18.20,18.35,18.20,18.30,145040,2648831,0.1,,276802272,94,,
2013-11-20_2032,2013-11-20,2032,新鋼,twse,10.30,10.35,10.20,10.35,51162,525868,0.05,,130521545,23,,
2013-11-20_2033,2013-11-20,2033,佳大,twse,9.93,10.05,9.90,10.05,25013,248403,0.06,,80694536,15,,
2013-11-20_2034,2013-11-20,2034,允強,twse,19.70,19.80,19.60,19.70,224998,4435308,0.05,,370118857,91,,
2013-11-20_2035,2013-11-20,2035,唐榮,tpex,28.50,29.20,28.50,29.20,42000,1215800,0.80,,350000000,24,,
2013-11-20_2038,2013-11-20,2038,海光,twse,9.05,9.09,9.05,9.05,39001,353069,0.0,,172632878,16,,
2013-11-20_2049,2013-11-20,2049,上銀,twse,247.00,248.50,242.00,242.00,3697593,907383413,-5.0,,253820771,2782,,
2013-11-20_2059,2013-11-20,2059,川湖,twse,277.00,277.00,263.00,263.00,1095075,291761412,-13.5,,93497092,870,,
2013-11-20_2061,2013-11-20,2061,風青,tpex,14.65,14.65,14.65,14.65,47000,688550,0.95,up,41761980,24,,
2013-11-20_2062,2013-11-20,2062,橋椿,twse,81.50,81.70,80.50,80.90,788404,63811803,0.0,,163000000,546,,
2013-11-20_2063,2013-11-20,2063,世鎧,tpex,23.30,23.30,23.10,23.10,10000,231600,-0.30,,41208540,8,,
2013-11-20_2066,2013-11-20,2066,世德,tpex,96.40,103.00,96.40,103.00,267000,26791300,6.60,,33989300,225,,
2013-11-20_2101,2013-11-20,2101,南港,twse,36.60,36.60,36.20,36.30,573674,20863825,-0.1,,878945138,413,,
2013-11-20_2102,2013-11-20,2102,泰豐,twse,22.40,22.50,22.30,22.45,796078,17861725,0.05,,423324434,383,,
2013-11-20_2103,2013-11-20,2103,台橡,twse,46.95,46.95,45.50,45.75,1539092,70872898,-1.2,,786390456,1130,,
2013-11-20_2104,2013-11-20,2104,國際中橡,twse,27.20,27.20,27.05,27.10,464881,12605271,0.0,,549224105,175,,
2013-11-20_2105,2013-11-20,2105,正新,twse,73.60,74.90,73.30,74.00,4217527,312893341,0.3,,3241415536,2495,,
2013-11-20_2106,2013-11-20,2106,建大,twse,59.60,61.00,59.60,60.30,4516879,273637904,0.7,,763030000,2260,,
2013-11-20_2107,2013-11-20,2107,厚生,twse,28.90,29.15,28.70,28.70,1701788,49199568,-0.2,,497189432,730,,
2013-11-20_2108,2013-11-20,2108,南帝,twse,19.40,19.45,19.20,19.20,144971,2802595,-0.2,,399031915,64,,
2013-11-20_2109,2013-11-20,2109,華豐,twse,14.95,14.95,14.40,14.75,7937211,116835296,-0.05,,422356731,1301,,
2013-11-20_2114,2013-11-20,2114,鑫永銓,twse,80.00,80.00,79.60,79.80,33091,2638680,-0.2,,61386625,30,,
2013-11-20_2201,2013-11-20,2201,裕隆,twse,49.50,49.70,49.40,49.50,1556569,77083395,0.0,,1572919909,802,,
2013-11-20_2204,2013-11-20,2204,中華,twse,27.35,27.65,27.30,27.35,882803,24234254,0.0,,1384050854,501,,
2013-11-20_2206,2013-11-20,2206,三陽工業,twse,48.50,48.70,47.80,48.25,2938077,142090748,-0.2,,896376810,817,,
2013-11-20_2207,2013-11-20,2207,和泰車,twse,331.00,333.00,326.00,326.00,203831,66997744,-5.0,,546179184,210,,
2013-11-20_2208,2013-11-20,2208,台船,twse,18.55,18.55,18.40,18.45,261848,4835946,0.05,,743565179,138,,
2013-11-20_2221,2013-11-20,2221,大甲,tpex,13.10,13.10,13.00,13.10,83000,1081750,0.00,,42425000,23,,
2013-11-20_2227,2013-11-20,2227,裕日車,twse,390.00,392.00,389.00,390.50,77125,30077311,0.5,,300000000,74,,
2013-11-20_2230,2013-11-20,2230,泰茂,tpex,20.75,20.75,20.00,20.05,123000,2503300,-0.45,,34617338,55,,
2013-11-20_2231,2013-11-20,2231,為升,twse,97.00,98.20,97.00,98.00,123111,12010878,2.0,,60589000,78,,
2013-11-20_2233,2013-11-20,2233,宇隆,tpex,115.00,118.00,113.00,114.00,993000,114717500,-0.50,,41214766,711,,
2013-11-20_2301,2013-11-20,2301,光寶科,twse,47.70,48.20,47.00,47.00,8529993,407244993,-0.7,,2322357221,3001,,
2013-11-20_2302,2013-11-20,2302,麗正,twse,4.37,4.42,4.37,4.40,43789,192166,0.03,,160002881,27,,
2013-11-20_2303,2013-11-20,2303,聯電,twse,12.05,12.10,12.00,12.00,24019785,288939070,-0.05,,12654117290,3391,,
2013-11-20_2305,2013-11-20,2305,全友,twse,3.35,3.39,3.20,3.30,51011,166454,-0.05,,205660827,25,,
2013-11-20_2308,2013-11-20,2308,台達電,twse,147.50,148.00,145.50,145.50,2259483,330985771,-2.0,,2426016226,1156,,
2013-11-20_2311,2013-11-20,2311,日月光,twse,30.35,30.45,29.60,29.65,26170135,783795429,-0.85,,7756003946,7632,,
2013-11-20_2312,2013-11-20,2312,金寶,twse,11.45,11.65,11.20,11.20,28523083,326815362,-0.1,,1458233211,6260,,
2013-11-20_2313,2013-11-20,2313,華通,twse,16.90,16.95,16.60,16.65,19060863,318893922,-0.4,,1191820589,5715,,
2013-11-20_2314,2013-11-20,2314,台揚,twse,17.85,17.85,17.50,17.60,1031962,18188062,-0.3,,294450585,527,,
2013-11-20_2316,2013-11-20,2316,楠梓電,twse,13.10,13.20,13.05,13.20,3890178,51062877,0.05,,318891390,757,,
2013-11-20_2317,2013-11-20,2317,鴻海,twse,76.00,76.00,75.10,75.80,23498111,1776593158,0.0,,13128706840,9748,,
2013-11-20_2321,2013-11-20,2321,東訊,twse,3.03,3.03,3.03,3.03,27728,83994,0.02,up,630665181,13,,
2013-11-20_2323,2013-11-20,2323,中環,twse,4.75,4.75,4.66,4.67,5881566,27571454,-0.08,,2712909814,1037,,
2013-11-20_2324,2013-11-20,2324,仁寶,twse,22.85,22.90,22.55,22.55,11412038,259006292,-0.3,,4412652625,3167,,
2013-11-20_2325,2013-11-20,2325,矽品,twse,34.50,34.65,34.25,34.45,4572967,157796956,-0.2,,3116361139,1856,,
2013-11-20_2327,2013-11-20,2327,國巨*,twse,10.15,10.20,10.10,10.15,444192,4496474,0.0,,1543715867,220,,
2013-11-20_2328,2013-11-20,2328,廣宇,twse,21.70,22.05,21.70,21.80,468409,10249864,0.05,,515767445,329,,
2013-11-20_2329,2013-11-20,2329,華泰,twse,4.92,4.94,4.87,4.94,567485,2782344,0.0,,806015782,125,,
2013-11-20_2330,2013-11-20,2330,台積電,twse,104.00,104.00,102.50,103.00,46675350,4813555110,-2.0,,25928305829,10990,,
2013-11-20_2332,2013-11-20,2332,友訊,twse,16.80,16.95,16.80,16.85,923672,15567733,-0.05,,647580265,395,,
2013-11-20_2337,2013-11-20,2337,旺宏,twse,6.75,6.75,6.65,6.66,4264002,28450855,-0.04,,3521462303,1359,,
2013-11-20_2338,2013-11-20,2338,光罩,twse,9.23,9.25,9.16,9.21,135136,1244432,-0.02,,262713611,50,,
2013-11-20_2340,2013-11-20,2340,台亞,twse,11.35,11.35,11.20,11.25,1402672,15809821,-0.1,,545662115,413,,
2013-11-20_2342,2013-11-20,2342,茂矽,twse,6.23,6.23,6.06,6.11,951045,5795360,-0.01,,372254853,365,,
2013-11-20_2344,2013-11-20,2344,華邦電,twse,7.20,7.25,7.17,7.21,7956857,57349341,0.02,,3688386193,1726,,
2013-11-20_2345,2013-11-20,2345,智邦,twse,15.10,15.20,15.00,15.10,804207,12158605,-0.05,,525792397,273,,
2013-11-20_2347,2013-11-20,2347,聯強,twse,43.95,43.95,43.50,43.65,6577252,287102466,0.1,,1586888922,2548,,
2013-11-20_2348,2013-11-20,2348,海悅,twse,,,,,86,3396,0.0,,85600000,6,無成交,
2013-11-20_2349,2013-11-20,2349,錸德,twse,4.86,4.86,4.70,4.74,11545505,55088318,-0.12,,2615427424,2226,,
2013-11-20_2351,2013-11-20,2351,順德,twse,37.00,38.25,36.65,37.80,3368419,126907150,1.2,,180225249,1236,,
2013-11-20_2352,2013-11-20,2352,佳世達,twse,6.50,6.56,6.40,6.43,2758626,17892426,-0.07,,1966781958,796,,
2013-11-20_2353,2013-11-20,2353,宏碁,twse,14.95,15.65,14.90,15.35,26862187,412485025,0.45,,2834726828,7000,,
2013-11-20_2354,2013-11-20,2354,鴻準,twse,68.10,68.40,66.40,66.60,5458244,366050520,-1.9,,1306490225,3689,,
2013-11-20_2355,2013-11-20,2355,敬鵬,twse,49.00,49.55,48.55,48.95,2325050,114440888,0.05,,397495420,1400,,
2013-11-20_2356,2013-11-20,2356,英業達,twse,22.30,22.50,21.95,22.30,41516077,925903993,0.0,,3587475066,8755,,
2013-11-20_2357,2013-11-20,2357,華碩,twse,237.50,240.00,236.00,237.50,3403419,809571803,0.5,,752760280,2340,,
2013-11-20_2358,2013-11-20,2358,廷鑫,twse,9.00,9.12,9.00,9.10,298483,2700989,0.05,,85000000,82,,
2013-11-20_2359,2013-11-20,2359,所羅門,twse,12.75,12.85,12.75,12.85,41179,526926,0.0,,182416012,30,,
2013-11-20_2360,2013-11-20,2360,致茂,twse,58.60,59.80,58.60,58.80,197245,11674455,0.7,,376759864,170,,
2013-11-20_2361,2013-11-20,2361,鴻友,twse,1.60,1.60,1.58,1.58,11474,18326,-0.03,,72463383,7,,
2013-11-20_2362,2013-11-20,2362,藍天,twse,63.80,64.80,63.20,63.40,2680210,171525330,-0.6,,700967000,1555,,
2013-11-20_2363,2013-11-20,2363,矽統,twse,7.84,7.98,7.80,7.85,903049,7099397,0.01,,613534976,382,,
2013-11-20_2364,2013-11-20,2364,倫飛,twse,2.98,3.00,2.98,2.98,31743,94807,0.0,,190144547,21,,
2013-11-20_2365,2013-11-20,2365,昆盈,twse,11.65,11.70,11.40,11.45,744841,8655486,-0.15,,294600061,230,,
2013-11-20_2367,2013-11-20,2367,燿華,twse,11.15,11.15,11.00,11.00,1655973,18312203,-0.15,,569118399,527,,
2013-11-20_2368,2013-11-20,2368,金像電,twse,6.72,6.80,6.69,6.69,1263602,8491542,-0.02,,564912841,289,,
2013-11-20_2369,2013-11-20,2369,菱生,twse,15.05,15.15,14.95,15.05,462390,6952950,0.0,,380102344,185,,
2013-11-20_2371,2013-11-20,2371,大同,twse,7.96,7.99,7.87,7.92,3267766,25906526,-0.04,,2339536685,1786,,
2013-11-20_2373,2013-11-20,2373,震旦行,twse,59.00,59.50,58.60,58.90,422219,24981011,-0.1,,337432169,259,,
2013-11-20_2374,2013-11-20,2374,佳能,twse,19.95,20.45,19.95,20.00,1227141,24743986,-0.15,,448987407,446,,
2013-11-20_2375,2013-11-20,2375,凱美,twse,12.40,12.80,12.10,12.65,3694475,46093906,0.15,,135736277,1165,,
2013-11-20_2376,2013-11-20,2376,技嘉,twse,33.95,34.95,33.75,34.70,3964960,136932892,0.75,,626228386,1886,,
2013-11-20_2377,2013-11-20,2377,微星,twse,20.05,20.85,20.05,20.50,8085926,165851766,0.25,,844856199,2980,,
2013-11-20_2379,2013-11-20,2379,瑞昱,twse,72.40,72.40,70.60,70.70,3270549,232527757,-1.5,,504951298,2125,,
2013-11-20_2380,2013-11-20,2380,虹光,twse,10.75,11.30,10.70,10.75,5985405,65761081,0.05,,220210600,1906,,
2013-11-20_2382,2013-11-20,2382,廣達,twse,63.60,64.10,63.20,63.70,5901920,375182187,-0.9,,3854258432,3802,,
2013-11-20_2383,2013-11-20,2383,台光電,twse,24.75,24.75,24.65,24.70,589559,14555846,0.05,,311056157,229,,
2013-11-20_2384,2013-11-20,2384,勝華,twse,8.84,8.84,8.42,8.47,45139276,384770329,-0.57,,1847778415,9576,,
2013-11-20_2385,2013-11-20,2385,群光,twse,73.00,74.20,72.60,73.40,2730777,201508789,0.4,,686721614,1671,,
2013-11-20_2387,2013-11-20,2387,精元,twse,11.00,11.55,10.90,11.15,445471,4985078,0.2,,369780328,202,,
2013-11-20_2388,2013-11-20,2388,威盛,twse,27.90,28.05,27.35,27.35,3553810,98310428,-0.55,,493303441,1451,,
2013-11-20_2390,2013-11-20,2390,云辰,twse,17.50,17.70,17.30,17.65,1959749,34379642,0.15,,215303352,687,,
2013-11-20_2392,2013-11-20,2392,正崴,twse,57.10,57.60,56.00,56.40,3362047,190328144,-0.8,,494221940,1951,,
2013-11-20_2393,2013-11-20,2393,億光,twse,53.90,54.50,53.90,54.30,2678034,145087338,0.4,,423397326,1637,,
2013-11-20_2395,2013-11-20,2395,研華,twse,185.00,185.50,181.50,181.50,247408,45180348,-3.5,,565287205,217,,
2013-11-20_2397,2013-11-20,2397,友通,twse,32.90,32.95,32.75,32.85,86257,2836316,-0.05,,114839857,53,,
2013-11-20_2399,2013-11-20,2399,映泰,twse,10.80,10.95,10.75,10.95,851304,9282044,0.2,,178100000,482,,
2013-11-20_2401,2013-11-20,2401,凌陽,twse,10.60,10.75,10.40,10.45,1957315,20705386,-0.2,,596909919,598,,
2013-11-20_2402,2013-11-20,2402,毅嘉,twse,14.60,14.70,14.45,14.50,954708,13909184,-0.1,,332043033,380,,
2013-11-20_2404,2013-11-20,2404,漢唐,twse,33.85,34.25,33.65,33.65,1882291,63811475,-0.2,,238233373,956,,
2013-11-20_2405,2013-11-20,2405,輔信,twse,10.85,10.85,10.75,10.85,1704075,18430107,0.0,,352131303,425,,
2013-11-20_2406,2013-11-20,2406,國碩,twse,24.15,24.40,23.80,23.80,1212393,29147360,-0.3,,291965169,603,,
2013-11-20_2408,2013-11-20,2408,南亞科,twse,4.10,4.15,4.10,4.10,1680980,6930262,0.0,,23959018099,208,,
2013-11-20_2409,2013-11-20,2409,友達,twse,8.44,8.62,8.44,8.55,63844989,546427731,0.11,,9624245115,10961,,
2013-11-20_2412,2013-11-20,2412,中華電,twse,92.20,92.30,91.80,91.80,8611718,791775801,-0.5,,7757446545,3189,,
2013-11-20_2413,2013-11-20,2413,環科,twse,8.76,8.76,8.62,8.62,128878,1116910,-0.03,,127359200,59,,
2013-11-20_2414,2013-11-20,2414,精技,twse,13.65,13.70,13.55,13.60,51176,697043,-0.05,,161735846,34,,
2013-11-20_2415,2013-11-20,2415,錩新,twse,14.05,14.10,13.90,13.95,163080,2282458,0.1,,91177387,65,,
2013-11-20_2417,2013-11-20,2417,圓剛,twse,11.95,11.95,11.80,11.90,482471,5737455,0.0,,206945330,184,,
2013-11-20_2419,2013-11-20,2419,仲琦,twse,15.50,15.50,15.35,15.35,843278,12987100,-0.25,,216945456,303,,
2013-11-20_2420,2013-11-20,2420,新巨,twse,29.80,29.90,29.60,29.60,432983,12868947,-0.15,,152648688,169,,
2013-11-20_2421,2013-11-20,2421,建準,twse,17.25,17.35,17.15,17.20,109380,1884927,-0.05,,250929732,52,,
2013-11-20_2423,2013-11-20,2423,固緯,twse,17.50,17.60,17.35,17.60,31226,546055,0.0,,122518410,22,,
2013-11-20_2424,2013-11-20,2424,隴華,twse,41.50,41.60,41.50,41.50,12847,532127,-0.3,,30000000,13,,
2013-11-20_2425,2013-11-20,2425,承啟,twse,44.25,44.80,44.05,44.80,203521,9015852,0.55,,94505909,159,,
2013-11-20_2426,2013-11-20,2426,鼎元,twse,6.81,6.96,6.80,6.81,398204,2719603,-0.07,,361017627,163,,
2013-11-20_2427,2013-11-20,2427,三商電,twse,8.48,8.48,8.37,8.37,265250,2227532,-0.08,,190314463,116,,
2013-11-20_2428,2013-11-20,2428,興勤,twse,35.90,35.90,35.20,35.75,550964,19581921,-0.15,,126948161,286,,
2013-11-20_2429,2013-11-20,2429,銘旺科,twse,17.80,18.95,17.70,18.95,6615,118754,0.0,,36800000,8,,
2013-11-20_2430,2013-11-20,2430,燦坤,twse,40.10,40.10,39.85,39.85,169693,6784977,-0.2,,167463073,108,,
2013-11-20_2431,2013-11-20,2431,聯昌,twse,14.00,14.55,14.00,14.05,2666070,38016530,0.05,,110927014,1000,,
2013-11-20_2433,2013-11-20,2433,互盛電,twse,46.30,46.30,46.00,46.10,166000,7668200,-0.2,,144496011,96,,
2013-11-20_2434,2013-11-20,2434,統懋,twse,6.36,6.36,6.20,6.23,144345,903158,-0.11,,147570085,41,,
2013-11-20_2436,2013-11-20,2436,偉詮電,twse,23.50,24.05,23.25,23.30,3694415,87389661,-0.2,,221400000,1271,,
2013-11-20_2437,2013-11-20,2437,旺詮,twse,42.70,42.70,42.20,42.35,64000,2711850,-0.2,,60768830,41,,
2013-11-20_2438,2013-11-20,2438,翔耀,twse,2.35,2.40,2.23,2.40,14603,33570,0.06,,48494240,7,,
2013-11-20_2439,2013-11-20,2439,美律,twse,122.00,122.00,118.00,118.00,2819714,336105386,-4.0,,175980498,2054,,
2013-11-20_2440,2013-11-20,2440,太空梭,twse,10.00,10.45,10.00,10.40,402945,4148325,0.4,,139117271,185,,
2013-11-20_2441,2013-11-20,2441,超豐,twse,25.00,25.30,24.80,25.30,2472491,62036841,-0.4,,554124921,612,,
2013-11-20_2442,2013-11-20,2442,新美齊,twse,8.31,8.37,8.26,8.30,108000,895500,-0.01,,163400000,51,,
2013-11-20_2443,2013-11-20,2443,昶虹,twse,5.01,5.04,4.91,4.99,279556,1397815,-0.02,,145687000,55,,
2013-11-20_2444,2013-11-20,2444,兆勁,twse,7.40,7.88,7.40,7.88,823709,6295909,0.48,,135059471,274,,
2013-11-20_2448,2013-11-20,2448,晶電,twse,45.70,45.85,44.80,45.25,6836500,309234864,-0.85,,933319996,3736,,
2013-11-20_2449,2013-11-20,2449,京元電子,twse,19.60,19.60,19.20,19.35,5146048,99718420,-0.35,,1192536900,2087,,
2013-11-20_2450,2013-11-20,2450,神腦,twse,89.60,89.60,88.50,89.00,500801,44556627,-0.6,,257755407,352,,
2013-11-20_2451,2013-11-20,2451,創見,twse,88.80,89.00,88.50,89.00,204952,18198928,-0.5,,430761675,167,,
2013-11-20_2453,2013-11-20,2453,凌群,twse,14.60,15.10,14.60,14.80,1879449,27995848,0.2,,100000000,571,,
2013-11-20_2454,2013-11-20,2454,聯發科,twse,432.00,432.00,418.50,419.00,9779940,4136216670,-12.5,,1349408756,5792,,
2013-11-20_2455,2013-11-20,2455,全新,twse,27.00,27.20,26.75,27.00,512475,13828650,0.05,,246541224,273,,
2013-11-20_2456,2013-11-20,2456,奇力新,twse,29.60,29.90,29.20,29.30,4219441,124864389,0.2,,141076836,1703,,
2013-11-20_2457,2013-11-20,2457,飛宏,twse,17.15,17.25,17.10,17.20,321490,5524997,0.05,,277163910,242,,
2013-11-20_2458,2013-11-20,2458,義隆,twse,42.30,42.50,41.80,41.85,4378598,183809869,-0.35,,430842045,2405,,
2013-11-20_2459,2013-11-20,2459,敦吉,twse,31.00,33.15,30.80,33.15,2820048,91245120,2.15,,142075769,1052,,
2013-11-20_2460,2013-11-20,2460,建通,twse,11.80,11.80,11.45,11.65,190168,2197398,-0.15,,171598000,80,,
2013-11-20_2461,2013-11-20,2461,光群雷,twse,16.30,16.45,16.30,16.30,573822,9385506,-0.05,,158112556,176,,
2013-11-20_2462,2013-11-20,2462,良得電,twse,25.00,25.00,24.75,24.75,37080,920880,0.05,,87280941,20,,
2013-11-20_2464,2013-11-20,2464,盟立,twse,22.95,23.10,22.95,23.00,255456,5874562,0.05,,182568839,109,,
2013-11-20_2465,2013-11-20,2465,麗臺,twse,5.30,5.30,5.15,5.23,245178,1276074,0.01,,107174602,88,,
2013-11-20_2466,2013-11-20,2466,冠西電,twse,33.35,33.50,33.30,33.50,183000,6115500,0.1,,136807345,99,,
2013-11-20_2467,2013-11-20,2467,志聖,twse,20.25,20.25,20.00,20.10,79291,1596897,-0.1,,158744548,53,,
2013-11-20_2468,2013-11-20,2468,華經,twse,10.25,10.25,10.10,10.15,83478,850631,-0.1,,69961249,38,,
2013-11-20_2471,2013-11-20,2471,資通,twse,17.20,17.35,17.10,17.10,132227,2270699,-0.2,,47253890,88,,
2013-11-20_2472,2013-11-20,2472,立隆電,twse,21.65,21.80,21.35,21.70,394900,8546393,0.35,,154346850,188,,
2013-11-20_2474,2013-11-20,2474,可成,twse,180.00,185.00,178.50,178.50,9959465,1806863495,-1.5,,750703126,5229,,
2013-11-20_2475,2013-11-20,2475,華映,twse,1.54,1.54,1.52,1.52,1344988,2054768,-0.01,,6479454177,158,,
2013-11-20_2476,2013-11-20,2476,鉅祥,twse,20.30,20.40,19.90,20.05,2001210,40356700,-0.2,,244304339,751,,
2013-11-20_2477,2013-11-20,2477,美隆電,twse,19.80,19.80,19.25,19.60,1646334,32140710,-0.2,,238815126,730,,
2013-11-20_2478,2013-11-20,2478,大毅,twse,14.50,14.50,14.30,14.35,56679,814009,0.0,,250733574,35,,
2013-11-20_2480,2013-11-20,2480,敦陽科,twse,29.65,29.65,29.15,29.20,347913,10192757,-0.35,,132950363,240,,
2013-11-20_2481,2013-11-20,2481,強茂,twse,13.30,13.40,13.10,13.10,1889053,24927238,-0.05,,371935623,641,,
2013-11-20_2482,2013-11-20,2482,連宇,twse,15.55,16.20,15.55,16.20,242050,3853305,0.4,,62072549,112,,
2013-11-20_2483,2013-11-20,2483,百容,twse,15.05,15.15,14.90,14.90,64000,960500,-0.15,,113333807,24,,
2013-11-20_2484,2013-11-20,2484,希華,twse,13.00,13.20,12.80,13.20,834450,10844289,0.25,,157476022,248,,
2013-11-20_2485,2013-11-20,2485,兆赫,twse,32.95,33.30,32.35,32.85,6157275,202312641,-0.15,,317689037,2880,,
2013-11-20_2486,2013-11-20,2486,一詮,twse,17.70,17.95,17.55,17.75,601326,10677703,0.35,,205696329,237,,
2013-11-20_2488,2013-11-20,2488,漢平,twse,28.95,30.20,28.80,29.85,1905466,56736112,0.95,,79999433,982,,
2013-11-20_2489,2013-11-20,2489,瑞軒,twse,18.10,18.20,18.00,18.05,966640,17460270,0.05,,833052046,669,,
2013-11-20_2491,2013-11-20,2491,吉祥全,twse,1.85,1.94,1.85,1.94,2518,4751,0.09,,63000000,5,,
2013-11-20_2492,2013-11-20,2492,華新科,twse,7.43,7.48,7.42,7.42,783445,5833102,0.0,,690063380,119,,
2013-11-20_2493,2013-11-20,2493,揚博,twse,22.90,23.20,22.90,22.95,291038,6693071,0.15,,114437390,148,,
2013-11-20_2495,2013-11-20,2495,普安,twse,16.55,16.55,16.15,16.20,405038,6587914,-0.35,,282495738,224,,
2013-11-20_2496,2013-11-20,2496,卓越,twse,8.00,8.00,8.00,8.00,1255,10040,0.0,flat,39133586,2,,
2013-11-20_2497,2013-11-20,2497,怡利電,twse,57.30,59.40,57.30,58.10,5440613,316879010,1.5,,118798463,3402,,
2013-11-20_2498,2013-11-20,2498,宏達電,twse,156.00,159.50,155.50,157.00,20616770,3256419390,2.5,,850139538,11401,,
2013-11-20_2499,2013-11-20,2499,東貝,twse,20.70,21.35,20.70,20.90,2201521,46197756,0.2,,330386003,881,,
2013-11-20_2501,2013-11-20,2501,國建,twse,19.80,20.10,19.70,19.75,4540488,90298610,-0.05,,1656515798,1500,,
2013-11-20_2504,2013-11-20,2504,國產,twse,12.15,12.15,12.05,12.05,1840855,22283910,-0.05,,1519298335,745,,
2013-11-20_2505,2013-11-20,2505,國揚,twse,19.40,19.60,19.40,19.50,2988086,58382974,0.15,,451249331,771,,
2013-11-20_2506,2013-11-20,2506,太設,twse,10.50,10.55,10.45,10.50,446192,4683694,0.0,,410000000,118,,
2013-11-20_2509,2013-11-20,2509,全坤建,twse,25.40,25.80,25.10,25.50,919626,23398616,0.3,,151752042,512,,
2013-11-20_2511,2013-11-20,2511,太子,twse,18.45,18.55,18.00,18.05,5237066,95986526,-0.4,,1313924094,1662,,
2013-11-20_2514,2013-11-20,2514,龍邦,twse,20.20,20.25,20.00,20.00,636899,12754538,-0.05,,563214290,153,,
2013-11-20_2515,2013-11-20,2515,中工,twse,9.07,9.08,9.00,9.01,2699720,24378937,-0.02,,1525017485,654,,
2013-11-20_2516,2013-11-20,2516,新建,twse,7.55,7.61,7.55,7.59,183624,1391351,0.08,,236477457,84,,
2013-11-20_2520,2013-11-20,2520,冠德,twse,39.80,40.70,39.50,39.90,8523511,341294240,0.7,,503234354,3158,,
2013-11-20_2524,2013-11-20,2524,京城,twse,28.40,28.50,28.00,28.25,326014,9219343,-0.1,,375926155,114,,
2013-11-20_2527,2013-11-20,2527,宏璟,twse,19.25,19.40,19.00,19.20,543182,10427203,0.0,,270306000,182,,
2013-11-20_2528,2013-11-20,2528,皇普,twse,12.00,12.20,11.80,11.80,11020,131328,-0.45,,100080000,10,,
2013-11-20_2530,2013-11-20,2530,華建,twse,12.05,12.75,12.05,12.75,4700189,59749880,0.8,,270752466,1080,,
2013-11-20_2534,2013-11-20,2534,宏盛,twse,24.50,25.30,24.50,25.00,4379155,109770625,0.6,,589091032,1324,,
2013-11-20_2535,2013-11-20,2535,達欣工,twse,27.50,27.80,27.50,27.75,481414,13332837,0.15,,219622890,228,,
2013-11-20_2536,2013-11-20,2536,宏普,twse,30.90,31.00,30.85,31.00,221466,6850451,0.1,,319467025,138,,
2013-11-20_2537,2013-11-20,2537,聯上發,twse,16.30,16.30,16.15,16.25,174001,2824766,-0.05,,152504552,78,,
2013-11-20_2538,2013-11-20,2538,基泰,twse,20.90,21.15,20.90,21.00,1070060,22494550,0.05,,403244112,289,,
2013-11-20_2539,2013-11-20,2539,櫻花建,twse,29.30,29.30,29.30,29.30,1065,31180,0.0,flat,187903942,4,,
2013-11-20_2540,2013-11-20,2540,愛山林,twse,37.70,40.65,37.70,40.65,14824,593566,2.65,,56600000,16,,
2013-11-20_2542,2013-11-20,2542,興富發,twse,66.60,67.30,64.90,65.50,4754582,315727918,-0.8,,598270073,2438,,
2013-11-20_2543,2013-11-20,2543,皇昌,twse,8.10,8.11,8.00,8.11,60564,487182,-0.01,,178983788,27,,
2013-11-20_2545,2013-11-20,2545,皇翔,twse,60.30,60.60,59.70,59.90,280000,16809498,0.2,,327734808,251,,
2013-11-20_2546,2013-11-20,2546,根基,twse,16.15,16.20,16.10,16.15,152001,2452716,0.05,,106035660,54,,
2013-11-20_2547,2013-11-20,2547,日勝生,twse,27.90,28.25,27.80,28.25,10569451,297192035,0.55,,844272099,3821,,
2013-11-20_2548,2013-11-20,2548,華固,twse,89.50,90.60,89.50,90.00,2553498,229775566,1.0,,276812726,1544,,
2013-11-20_2596,2013-11-20,2596,綠意,tpex,17.70,17.70,17.35,17.35,14000,245250,-0.10,,76609879,10,,
2013-11-20_2597,2013-11-20,2597,潤弘,twse,61.60,62.40,61.00,61.30,369101,22756988,0.3,,135000000,253,,
2013-11-20_2601,2013-11-20,2601,益航,twse,20.20,20.60,20.15,20.20,1094131,22277977,0.05,,377617150,579,,
2013-11-20_2603,2013-11-20,2603,長榮,twse,16.90,17.00,16.85,16.90,2138935,36220543,0.0,,3474946469,786,,
2013-11-20_2605,2013-11-20,2605,新興,twse,26.65,26.70,26.60,26.65,291396,7764918,0.0,,568304171,118,,
2013-11-20_2606,2013-11-20,2606,裕民,twse,49.00,49.05,48.90,49.00,594290,29120610,0.0,,858016712,423,,
2013-11-20_2607,2013-11-20,2607,榮運,twse,19.90,20.20,19.80,20.00,1809405,36240258,0.0,,1067141094,441,,
2013-11-20_2608,2013-11-20,2608,嘉里大榮,twse,42.80,43.25,42.80,43.15,512436,22068948,0.35,,483582498,236,,
2013-11-20_2609,2013-11-20,2609,陽明,twse,12.45,12.50,12.40,12.40,1689852,21022611,0.0,,2818713123,817,,
2013-11-20_2610,2013-11-20,2610,華航,twse,10.70,10.70,10.60,10.60,3756560,39928996,-0.1,,5200000000,1246,,
2013-11-20_2611,2013-11-20,2611,志信,twse,10.90,11.00,10.85,11.00,71651,786493,0.0,,179217204,34,,
2013-11-20_2612,2013-11-20,2612,中航,twse,36.00,36.30,35.90,35.95,129182,4649952,-0.35,,256473497,65,,
2013-11-20_2613,2013-11-20,2613,中櫃,twse,19.45,19.55,19.20,19.30,248010,4813245,-0.15,,89001000,102,,
2013-11-20_2614,2013-11-20,2614,東森,twse,11.40,11.65,11.35,11.45,5034360,57819115,0.05,,695987361,1351,,
2013-11-20_2615,2013-11-20,2615,萬海,twse,15.20,15.25,15.10,15.10,1100637,16684884,-0.05,,2218297466,487,,
2013-11-20_2616,2013-11-20,2616,山隆,twse,24.55,24.65,24.50,24.55,69146,1697708,-0.05,,113008746,52,,
2013-11-20_2617,2013-11-20,2617,台航,twse,25.30,25.50,25.30,25.30,135811,3440886,0.0,,417294487,80,,
2013-11-20_2618,2013-11-20,2618,長榮航,twse,16.20,16.25,16.05,16.10,4931255,79483331,-0.05,,3258945005,1384,,
2013-11-20_2636,2013-11-20,2636,台驊,tpex,26.00,27.20,26.00,26.65,3536000,94240550,0.75,,75169915,1512,,
2013-11-20_2637,2013-11-20,2637,慧洋-KY,twse,34.20,34.20,33.15,33.20,4742372,158767458,-0.95,,451109196,1214,,
2013-11-20_2640,2013-11-20,2640,大車隊,tpex,148.00,149.50,146.00,148.00,177000,26303000,-0.50,,40110000,125,,
2013-11-20_2701,2013-11-20,2701,萬企,twse,14.70,14.90,14.70,14.80,31964,472959,0.0,,365157783,33,,
2013-11-20_2702,2013-11-20,2702,華園,twse,18.70,18.70,18.50,18.70,14880,277068,0.0,,87455770,11,,
2013-11-20_2704,2013-11-20,2704,國賓,twse,28.45,28.60,28.40,28.40,200210,5697435,-0.3,,366923343,157,,
2013-11-20_2705,2013-11-20,2705,六福,twse,12.00,12.00,11.90,11.90,343231,4091596,-0.05,,330241001,123,,
2013-11-20_2706,2013-11-20,2706,第一店,twse,19.00,19.10,18.90,19.10,76292,1449013,0.05,,369813721,60,,
2013-11-20_2707,2013-11-20,2707,晶華,twse,334.00,336.50,330.00,330.00,219943,73315576,-4.0,,106293660,183,,
2013-11-20_2718,2013-11-20,2718,桃園店,tpex,44.65,47.70,44.65,47.70,4000,183400,-0.15,,22576000,4,,
2013-11-20_2719,2013-11-20,2719,燦星旅,tpex,26.80,27.05,26.50,26.85,169000,4541500,0.25,,36292000,89,,
2013-11-20_2722,2013-11-20,2722,夏都,twse,40.60,40.60,40.60,40.60,9000,365400,0.0,flat,84954189,5,,
2013-11-20_2723,2013-11-20,2723,美食-KY,twse,206.50,216.00,206.50,216.00,270535,57604560,14.0,,141120000,246,,
2013-11-20_2724,2013-11-20,2724,F-富驛,tpex,34.05,34.50,32.70,33.70,297000,9929400,-1.05,,33224562,196,,
2013-11-20_2727,2013-11-20,2727,王品,twse,449.50,449.50,443.00,444.00,202956,90718700,-6.0,,74745518,209,,
2013-11-20_2729,2013-11-20,2729,瓦城,tpex,276.00,279.00,275.00,277.00,13000,3590500,0.00,,23266000,11,,
2013-11-20_2731,2013-11-20,2731,雄獅,twse,100.50,107.50,100.50,107.50,1033597,109732177,7.0,,70000000,628,,
2013-11-20_2801,2013-11-20,2801,彰銀,twse,17.45,17.50,17.35,17.40,7733590,134697782,-0.05,,7749059189,2104,,
2013-11-20_2809,2013-11-20,2809,京城銀,twse,25.90,26.00,25.90,25.90,1515824,39277556,0.0,,1201234265,313,,
2013-11-20_2812,2013-11-20,2812,台中銀,twse,10.80,10.80,10.70,10.80,1595113,17154691,0.0,,2486853137,255,,
2013-11-20_2816,2013-11-20,2816,旺旺保,twse,21.60,21.80,21.40,21.45,426809,9188118,0.0,,200000000,179,,
2013-11-20_2820,2013-11-20,2820,華票,twse,11.85,11.90,11.80,11.85,1385853,16400450,0.0,,1342960000,412,,
2013-11-20_2823,2013-11-20,2823,中壽,twse,28.70,28.75,28.15,28.15,11564411,329227569,-0.55,,2722147800,3499,,
2013-11-20_2832,2013-11-20,2832,台產,twse,24.00,24.55,23.90,24.35,639059,15554731,0.35,,363816400,274,,
2013-11-20_2833,2013-11-20,2833,台壽保,twse,26.20,26.25,26.15,26.15,2306892,60441103,-0.05,,935295028,671,,
2013-11-20_2833A,2013-11-20,2833A,台壽甲,twse,,,,,254,9218,0.0,,58000000,4,無成交,
2013-11-20_2834,2013-11-20,2834,臺企銀,twse,8.84,8.93,8.83,8.91,6545081,58111608,0.07,,5094148134,2130,,
2013-11-20_2836,2013-11-20,2836,高雄銀,twse,9.40,9.42,9.37,9.41,296205,2781115,0.01,,721049190,63,,
2013-11-20_2837,2013-11-20,2837,萬泰銀,twse,14.90,14.90,14.70,14.70,317229,4693942,0.0,,1525597614,168,,
2013-11-20_2838,2013-11-20,2838,聯邦銀,twse,10.70,10.80,10.70,10.75,279069,2997885,0.0,,2216525121,90,,
2013-11-20_2841,2013-11-20,2841,台開,twse,11.05,11.05,10.90,11.00,1505120,16498270,0.0,,655300281,300,,
2013-11-20_2845,2013-11-20,2845,遠東銀,twse,12.10,12.15,12.05,12.10,1019482,12328208,0.0,,2362118264,267,,
2013-11-20_2847,2013-11-20,2847,大眾銀,twse,10.65,10.70,10.55,10.55,3063532,32551118,-0.1,,1873580394,652,,
2013-11-20_2849,2013-11-20,2849,安泰銀,twse,14.60,14.70,14.55,14.55,95663,1399011,-0.05,,1679677506,36,,
2013-11-20_2850,2013-11-20,2850,新產,twse,23.40,23.50,23.35,23.45,205044,4797780,0.1,,315963300,95,,
2013-11-20_2851,2013-11-20,2851,中再保,twse,14.30,14.30,14.15,14.20,354529,5032106,-0.1,,562275000,58,,
2013-11-20_2852,2013-11-20,2852,第一保,twse,19.25,19.40,19.25,19.40,275433,5329299,0.05,,301163784,83,,
2013-11-20_2855,2013-11-20,2855,統一證,twse,16.30,16.30,16.20,16.20,167199,2710561,-0.1,,1323119054,60,,
2013-11-20_2856,2013-11-20,2856,元富證,twse,9.55,9.58,9.50,9.51,296802,2827403,-0.04,,1534050583,82,,
2013-11-20_2867,2013-11-20,2867,三商壽,twse,20.75,20.90,20.55,20.70,2431569,50406671,0.05,,1228053861,837,,
2013-11-20_2880,2013-11-20,2880,華南金,twse,17.00,17.05,16.80,16.80,4276901,72367740,-0.15,,9056281650,1038,,
2013-11-20_2881,2013-11-20,2881,富邦金,twse,41.85,42.30,41.70,41.80,19718190,828208099,-0.1,,10233603995,3404,,
2013-11-20_2882,2013-11-20,2882,國泰金,twse,44.85,45.50,44.55,44.85,22512146,1010202630,0.0,,11964962027,6056,,
2013-11-20_2883,2013-11-20,2883,凱基金,twse,8.51,8.57,8.50,8.50,19979107,170344033,-0.01,,15030883260,3167,,
2013-11-20_2884,2013-11-20,2884,玉山金,twse,20.00,20.00,19.85,19.95,11105078,220290774,0.0,,5524300000,1750,,
2013-11-20_2885,2013-11-20,2885,元大金,twse,15.55,15.60,15.35,15.40,14546889,225088765,-0.15,,9893723506,2606,,
2013-11-20_2886,2013-11-20,2886,兆豐金,twse,23.80,24.20,23.75,24.10,14622796,352108054,0.3,,11449823983,4056,,
2013-11-20_2887,2013-11-20,2887,台新新光金,twse,14.80,15.00,14.80,14.90,37220380,555012525,0.1,,7505499970,6812,,
2013-11-20_2888,2013-11-20,2888,新光金,twse,10.10,10.15,10.05,10.05,16175837,163406187,-0.05,,9324820978,2810,,
2013-11-20_2889,2013-11-20,2889,國票金,twse,9.99,10.15,9.98,10.05,1857664,18716470,0.06,,2628069621,454,,
2013-11-20_2890,2013-11-20,2890,永豐金,twse,14.55,14.70,14.50,14.50,11325116,165259731,-0.1,,8207735877,2080,,
2013-11-20_2891,2013-11-20,2891,中信金,twse,19.00,19.15,18.95,19.00,18153384,346478246,-0.1,,14712955999,4725,,
2013-11-20_2892,2013-11-20,2892,第一金,twse,17.85,17.85,17.75,17.75,5168480,92022655,-0.1,,8653509176,1361,,
2013-11-20_2901,2013-11-20,2901,欣欣,twse,38.40,38.40,37.75,38.20,20359,773175,0.55,,73043283,16,,
2013-11-20_2903,2013-11-20,2903,遠百,twse,29.70,30.10,29.55,29.60,3361036,100034594,0.1,,1410976068,1777,,
2013-11-20_2904,2013-11-20,2904,匯僑,twse,25.65,25.65,25.40,25.45,119420,3049924,-0.2,,69034432,83,,
2013-11-20_2905,2013-11-20,2905,三商,twse,22.20,22.35,22.20,22.20,315284,7019300,-0.2,,681191902,178,,
2013-11-20_2906,2013-11-20,2906,高林,twse,11.10,11.15,11.10,11.10,247978,2762605,0.05,,221981678,62,,
2013-11-20_2908,2013-11-20,2908,特力,twse,22.55,22.75,22.55,22.60,458785,10382756,-0.05,,521955558,151,,
2013-11-20_2910,2013-11-20,2910,統領,twse,34.70,35.00,32.50,34.40,39000,1309400,-0.3,,208725000,30,,
2013-11-20_2911,2013-11-20,2911,麗嬰房,twse,23.95,24.25,23.70,23.75,2738191,65643479,-0.2,,211295775,1365,,
2013-11-20_2912,2013-11-20,2912,統一超,twse,203.00,207.50,202.50,206.00,1607317,330778812,3.5,,1039622255,1025,,
2013-11-20_2913,2013-11-20,2913,農林,twse,23.10,23.40,22.95,22.95,4117960,95317569,-0.05,,666440386,1649,,
2013-11-20_2915,2013-11-20,2915,潤泰全,twse,81.10,85.10,81.10,82.70,8014270,668733498,1.7,,841434323,4183,,
2013-11-20_2916,2013-11-20,2916,滿心,tpex,16.10,16.10,16.00,16.10,21000,337900,0.00,,54626878,16,,
2013-11-20_2923,2013-11-20,2923,鼎固-KY,twse,25.55,25.90,25.50,25.90,113118,2907853,0.3,,1740296982,43,,
2013-11-20_2924,2013-11-20,2924,F-東凌,tpex,57.30,57.80,56.80,57.80,151000,8645700,0.50,,31748850,113,,
2013-11-20_2926,2013-11-20,2926,誠品生,tpex,193.00,193.00,191.50,192.50,61000,11726500,-0.50,,45133000,60,,
2013-11-20_3002,2013-11-20,3002,歐格,twse,10.45,10.70,10.45,10.60,80050,847430,0.15,,102000000,34,,
2013-11-20_3003,2013-11-20,3003,健和興,twse,27.85,28.20,27.85,28.00,188602,5292284,0.2,,140343765,151,,
2013-11-20_3004,2013-11-20,3004,豐達科,twse,37.45,37.60,37.20,37.20,14000,521950,-0.7,,41531155,14,,
2013-11-20_3005,2013-11-20,3005,神基,twse,14.70,14.70,14.25,14.35,3338252,48203065,-0.25,,582036150,1022,,
2013-11-20_3006,2013-11-20,3006,晶豪科,twse,34.55,34.60,33.10,33.20,4786380,160821256,-1.35,,267174865,2445,,
2013-11-20_3008,2013-11-20,3008,大立光,twse,1075.00,1090.00,1055.00,1055.00,1099981,1177889955,-10.0,,134140197,1040,,
2013-11-20_3010,2013-11-20,3010,華立,twse,46.00,46.00,45.20,45.25,241716,10973346,-0.55,,231390138,174,,
2013-11-20_3011,2013-11-20,3011,今皓,twse,7.03,7.10,7.03,7.05,115119,813634,0.02,,112719251,45,,
2013-11-20_3013,2013-11-20,3013,晟銘電,twse,22.10,22.35,21.45,21.95,504081,10979215,-0.45,,182171018,181,,
2013-11-20_3014,2013-11-20,3014,聯陽,twse,24.45,24.55,24.20,24.30,763825,18598836,-0.15,,153803360,415,,
2013-11-20_3015,2013-11-20,3015,全漢,twse,26.50,26.55,26.30,26.35,66219,1750297,-0.1,,230939792,41,,
2013-11-20_3016,2013-11-20,3016,嘉晶,twse,13.45,13.50,13.25,13.30,372579,4979848,0.05,,93870842,151,,
2013-11-20_3017,2013-11-20,3017,奇鋐,twse,16.50,16.75,16.45,16.50,766227,12732427,0.0,,353310157,380,,
2013-11-20_3018,2013-11-20,3018,隆銘綠能,twse,12.10,12.30,11.90,11.90,57002,684572,-0.2,,45552000,22,,
2013-11-20_3019,2013-11-20,3019,亞光,twse,28.10,28.10,27.70,27.90,692215,19296697,-0.15,,281038451,348,,
2013-11-20_3021,2013-11-20,3021,鴻名,twse,11.20,11.35,11.15,11.20,107733,1213572,0.0,,108259407,46,,
2013-11-20_3022,2013-11-20,3022,威強電,twse,37.15,37.15,36.70,36.70,782300,28812086,-0.25,,294981514,379,,
2013-11-20_3023,2013-11-20,3023,信邦,twse,33.90,34.15,33.65,34.15,1153827,39125918,0.25,,207670896,650,,
2013-11-20_3024,2013-11-20,3024,憶聲,twse,5.80,5.81,5.74,5.79,67007,385142,-0.01,,282157496,44,,
2013-11-20_3025,2013-11-20,3025,星通,twse,11.00,11.00,10.85,10.85,95001,1039511,-0.05,,70920550,24,,
2013-11-20_3026,2013-11-20,3026,禾伸堂,twse,36.85,36.85,36.50,36.55,242075,8882324,-0.35,,224152218,152,,
2013-11-20_3027,2013-11-20,3027,盛達,twse,14.70,15.25,14.70,15.00,1606731,24033591,0.4,,94793917,456,,
2013-11-20_3028,2013-11-20,3028,增你強,twse,18.80,18.90,18.75,18.80,252102,4746467,0.0,,213482614,120,,
2013-11-20_3029,2013-11-20,3029,零壹,twse,16.00,16.15,15.80,15.80,678001,10795166,-0.2,,94744213,336,,
2013-11-20_3030,2013-11-20,3030,德律,twse,41.90,42.00,41.65,41.85,369904,15460897,0.15,,236216000,224,,
2013-11-20_3031,2013-11-20,3031,佰鴻,twse,12.40,12.65,12.30,12.35,934691,11677698,-0.05,,196674224,226,,
2013-11-20_3032,2013-11-20,3032,偉訓,twse,12.15,12.20,11.95,12.00,122080,1467806,-0.15,,103285626,46,,
2013-11-20_3033,2013-11-20,3033,威健,twse,21.55,21.60,21.50,21.60,96079,2067403,0.0,,243938650,50,,
2013-11-20_3034,2013-11-20,3034,聯詠,twse,110.00,110.50,108.50,108.50,3730828,407262080,-1.0,,606631869,2095,,
2013-11-20_3035,2013-11-20,3035,智原,twse,34.90,35.15,34.40,34.40,5166879,179641153,-0.5,,406320272,2301,,
2013-11-20_3036,2013-11-20,3036,文曄,twse,34.70,34.70,34.50,34.55,179392,6202106,-0.15,,337565111,130,,
2013-11-20_3037,2013-11-20,3037,欣興,twse,19.90,20.25,19.90,20.05,6388710,128061656,0.15,,1538605996,2203,,
2013-11-20_3038,2013-11-20,3038,全台,twse,5.15,5.15,5.06,5.09,196997,1002413,-0.06,,226107603,64,,
2013-11-20_3040,2013-11-20,3040,遠見,twse,17.40,18.45,17.40,18.10,2119743,38095024,0.8,,90000000,674,,
2013-11-20_3041,2013-11-20,3041,揚智,twse,29.50,29.80,29.40,29.50,1058420,31309038,0.05,,310949071,679,,
2013-11-20_3042,2013-11-20,3042,晶技,twse,31.50,31.90,31.45,31.65,1573437,49907620,0.25,,309757040,867,,
2013-11-20_3043,2013-11-20,3043,科風,twse,5.49,5.49,5.30,5.30,73806,391374,0.0,,194878166,36,,
2013-11-20_3044,2013-11-20,3044,健鼎,twse,47.00,47.00,46.00,46.05,4778919,221048755,-0.9,,525605898,2647,,
2013-11-20_3045,2013-11-20,3045,台灣大,twse,96.50,97.80,96.30,97.60,3781978,365546760,1.2,,3420832827,1595,,
2013-11-20_3046,2013-11-20,3046,建碁,twse,6.06,6.13,5.95,6.10,120255,723596,0.04,,163649000,54,,
2013-11-20_3047,2013-11-20,3047,訊舟,twse,12.30,12.30,12.15,12.20,911850,11124965,-0.05,,190049271,322,,
2013-11-20_3048,2013-11-20,3048,益登,twse,13.20,13.25,13.15,13.25,96000,1270200,0.05,,161100000,37,,
2013-11-20_3049,2013-11-20,3049,精金,twse,8.73,8.78,8.60,8.62,2020187,17471192,-0.11,,883950786,635,,
2013-11-20_3050,2013-11-20,3050,鈺德,twse,6.40,6.45,6.40,6.44,219587,1410852,0.01,,197655136,55,,
2013-11-20_3051,2013-11-20,3051,力特,twse,5.27,5.27,4.59,5.11,1290304,6688420,0.18,,325332396,185,,
2013-11-20_3052,2013-11-20,3052,夆典,twse,16.80,17.20,16.80,17.15,893860,15215750,0.3,,203675310,319,,
2013-11-20_3054,2013-11-20,3054,立萬利,twse,23.00,23.80,22.95,23.20,3579120,83755040,0.3,,98198768,1417,,
2013-11-20_3055,2013-11-20,3055,蔚華科,twse,10.95,10.95,10.70,10.90,234086,2523928,-0.05,,130594755,64,,
2013-11-20_3056,2013-11-20,3056,富華新,twse,35.90,36.35,35.60,35.60,2114720,75909127,-0.15,,140823956,989,,
2013-11-20_3057,2013-11-20,3057,喬鼎,twse,32.90,32.90,31.95,32.05,2241496,72455793,-0.55,,147861784,1195,,
2013-11-20_3058,2013-11-20,3058,立德,twse,14.35,14.40,14.30,14.30,259075,3712971,-0.05,,169003811,97,,
2013-11-20_3059,2013-11-20,3059,華晶科,twse,17.50,17.85,17.30,17.60,1851717,32709218,0.1,,390265321,750,,
2013-11-20_3060,2013-11-20,3060,銘異,twse,142.50,144.50,140.50,142.50,1787600,254832300,0.0,,172799421,1309,,
2013-11-20_3061,2013-11-20,3061,璨圓,twse,13.50,14.00,13.45,14.00,2869917,39558136,0.55,,607060719,1480,,
2013-11-20_3062,2013-11-20,3062,建漢,twse,31.30,31.30,30.55,30.70,1414899,43601583,-0.55,,325581418,772,,
2013-11-20_3064,2013-11-20,3064,泰偉,tpex,40.00,40.50,39.80,40.15,133000,5336400,0.15,,72605141,90,,
2013-11-20_3066,2013-11-20,3066,李洲,tpex,6.69,6.90,6.65,6.65,35000,234110,-0.04,,151037475,16,,
2013-11-20_3067,2013-11-20,3067,全域,tpex,17.35,17.35,16.90,16.95,9000,153100,-0.50,,29025240,8,,
2013-11-20_3068,2013-11-20,3068,美磊,tpex,46.85,46.85,45.60,45.85,210000,9638350,-0.95,,82665432,140,,
2013-11-20_3071,2013-11-20,3071,協禧,tpex,6.05,6.09,6.05,6.06,21000,127380,-0.07,,146067876,16,,
2013-11-20_3073,2013-11-20,3073,普格,tpex,9.24,10.00,9.24,9.98,19000,180800,0.05,,24681785,13,,
2013-11-20_3078,2013-11-20,3078,僑威,tpex,14.50,14.65,14.35,14.40,6986000,101222600,0.00,,227391064,1613,,
2013-11-20_3083,2013-11-20,3083,網龍,tpex,47.80,47.85,47.10,47.10,70000,3320150,-0.40,,87439358,56,,
2013-11-20_3085,2013-11-20,3085,久大,tpex,16.00,16.00,15.80,15.85,130000,2059950,0.00,,71226713,64,,
2013-11-20_3086,2013-11-20,3086,華義,tpex,10.05,10.10,10.00,10.00,122000,1224650,-0.05,,73800300,50,,
2013-11-20_3088,2013-11-20,3088,艾訊,tpex,39.40,40.15,39.10,39.50,626000,24857550,0.00,,77431034,384,,
2013-11-20_3089,2013-11-20,3089,展成,tpex,38.40,39.10,38.40,38.65,986000,38132400,0.25,,54868365,470,,
2013-11-20_3090,2013-11-20,3090,日電貿,twse,25.50,25.60,25.30,25.40,394122,10013346,0.0,,128747434,148,,
2013-11-20_3092,2013-11-20,3092,鴻碩,tpex,10.30,10.30,10.00,10.00,154000,1546450,-0.30,,63824690,28,,
2013-11-20_3093,2013-11-20,3093,港建,tpex,,,,,0,0,,,36288894,0,無成交,
2013-11-20_3094,2013-11-20,3094,聯傑,twse,18.55,18.60,18.20,18.30,232437,4265495,-0.25,,85289089,119,,
2013-11-20_3095,2013-11-20,3095,及成,tpex,5.56,5.64,5.28,5.64,601000,3266870,0.07,,227681262,162,,
2013-11-20_3105,2013-11-20,3105,穩懋,tpex,24.65,25.10,24.65,24.70,1722000,42826400,-0.10,,758626248,725,,
2013-11-20_3114,2013-11-20,3114,好德,tpex,11.50,11.55,11.45,11.55,5000,57450,0.05,,50013691,5,,
2013-11-20_3115,2013-11-20,3115,寶島極,tpex,14.00,14.80,14.00,14.80,578000,8533650,0.95,,43697600,169,,
2013-11-20_3118,2013-11-20,3118,進階,tpex,35.55,35.80,35.55,35.80,101000,3602650,0.00,,32452860,45,,
2013-11-20_3126,2013-11-20,3126,信億,tpex,,,,,0,0,,,48265067,0,無成交,
2013-11-20_3128,2013-11-20,3128,昇銳,tpex,11.70,11.70,11.45,11.50,142000,1639900,0.05,,42000000,71,,
2013-11-20_3130,2013-11-20,3130,一零四,twse,105.00,106.00,104.50,106.00,36824,3875520,1.5,,32406200,25,,
2013-11-20_3131,2013-11-20,3131,弘塑,tpex,226.50,229.00,224.00,224.00,165000,37251500,-3.50,,24683843,148,,
2013-11-20_3144,2013-11-20,3144,新揚科,tpex,25.10,25.10,25.00,25.00,93000,2326000,-0.10,,100637750,20,,
2013-11-20_3149,2013-11-20,3149,正達,twse,34.70,35.80,34.20,35.25,3695005,129382224,0.15,,268525509,1876,,
2013-11-20_3152,2013-11-20,3152,璟德,tpex,144.50,145.00,140.50,140.50,581000,83018500,-3.00,,69016200,451,,
2013-11-20_3162,2013-11-20,3162,精確,tpex,7.10,7.19,7.04,7.04,273000,1933580,-0.06,,56531342,60,,
2013-11-20_3163,2013-11-20,3163,波若威,tpex,80.00,83.50,79.80,81.30,5061000,413274700,2.70,,70631963,3142,,
2013-11-20_3164,2013-11-20,3164,景岳,twse,43.60,43.85,43.40,43.40,78406,3414828,-0.3,,60911864,47,,
2013-11-20_3167,2013-11-20,3167,大量,twse,33.80,34.40,33.50,33.60,448101,15150174,-0.45,,69245523,232,,
2013-11-20_3169,2013-11-20,3169,亞信,tpex,35.60,36.00,35.25,35.85,254000,9046300,0.25,,53401422,139,,
2013-11-20_3171,2013-11-20,3171,新洲,tpex,15.05,15.20,15.05,15.10,14000,211450,0.10,,49203515,10,,
2013-11-20_3176,2013-11-20,3176,基亞,tpex,208.00,209.00,204.00,206.00,943000,194682500,-1.00,,136685505,718,,
2013-11-20_3188,2013-11-20,3188,安茂,tpex,11.60,11.60,11.45,11.45,136000,1560300,-0.15,,45058620,41,,
2013-11-20_3189,2013-11-20,3189,景碩,twse,102.00,102.00,99.30,99.60,1413299,141796759,-2.4,,446000000,530,,
2013-11-20_3191,2013-11-20,3191,和進,tpex,21.50,21.80,21.15,21.20,662000,14224750,-0.10,,54694761,221,,
2013-11-20_3202,2013-11-20,3202,樺晟,tpex,6.50,6.60,6.45,6.55,109000,711210,-0.05,,74687192,33,,
2013-11-20_3205,2013-11-20,3205,佰研,tpex,27.70,27.70,27.00,27.30,133000,3626600,-0.25,,24712800,107,,
2013-11-20_3206,2013-11-20,3206,志豐,tpex,13.00,13.80,13.00,13.30,156000,2107950,0.40,,41627771,77,,
2013-11-20_3207,2013-11-20,3207,耀勝,tpex,13.35,13.50,13.20,13.20,317000,4266550,-0.15,,38259225,49,,
2013-11-20_3209,2013-11-20,3209,全科,twse,20.50,20.65,20.45,20.45,117000,2400400,-0.05,,97504875,53,,
2013-11-20_3211,2013-11-20,3211,順達,tpex,78.10,78.70,78.10,78.10,364000,28493400,0.00,,151968521,268,,
2013-11-20_3213,2013-11-20,3213,茂訊,tpex,35.50,36.00,35.20,35.80,109000,3895100,0.30,,58685547,64,,
2013-11-20_3217,2013-11-20,3217,優群,tpex,11.90,11.95,11.85,11.85,131000,1557850,0.00,,84059203,40,,
2013-11-20_3218,2013-11-20,3218,大學光,tpex,24.55,24.80,24.35,24.40,227000,5583100,-0.15,,66123000,127,,
2013-11-20_3219,2013-11-20,3219,倚強,tpex,,,,,0,0,,,22294417,0,無成交,
2013-11-20_3221,2013-11-20,3221,台嘉碩,tpex,14.00,14.15,13.90,14.05,68000,952300,0.20,,86236560,40,,
2013-11-20_3224,2013-11-20,3224,三顧,tpex,15.50,15.90,15.45,15.70,54000,843850,-0.10,,42003949,28,,
2013-11-20_3226,2013-11-20,3226,至寶電,tpex,44.00,44.10,44.00,44.00,14000,616200,-0.40,,64430573,9,,
2013-11-20_3227,2013-11-20,3227,原相,tpex,46.60,47.40,46.40,46.50,305000,14248600,-0.50,,134579128,257,,
2013-11-20_3228,2013-11-20,3228,金麗科,tpex,24.30,24.90,24.20,24.90,27000,659750,0.70,,60501705,17,,
2013-11-20_3229,2013-11-20,3229,晟鈦,twse,40.95,41.50,40.35,40.50,652557,26631074,-0.15,,92946881,335,,
2013-11-20_3230,2013-11-20,3230,錦明,tpex,7.05,7.51,7.03,7.35,626000,4603250,0.33,,110746524,200,,
2013-11-20_3231,2013-11-20,3231,緯創,twse,25.40,25.40,25.05,25.05,3987721,100250103,-0.3,,2377935282,1905,,
2013-11-20_3232,2013-11-20,3232,昱捷,tpex,10.15,10.35,10.15,10.15,12000,122700,0.00,,41567865,6,,
2013-11-20_3234,2013-11-20,3234,光環,tpex,20.05,20.50,20.05,20.30,1133000,23072950,0.25,,101182697,554,,
2013-11-20_3236,2013-11-20,3236,千如,tpex,12.00,12.50,12.00,12.35,1270000,15458900,0.40,,57231671,295,,
2013-11-20_3252,2013-11-20,3252,海灣,tpex,37.30,37.30,35.30,35.30,217000,7729950,-2.65,,20000000,119,,
2013-11-20_3257,2013-11-20,3257,虹冠電,twse,61.90,64.30,61.40,61.50,1682278,105280811,0.5,,52212680,1193,,
2013-11-20_3259,2013-11-20,3259,鑫創,tpex,29.30,29.50,28.60,28.80,634000,18447200,-0.70,,62548553,254,,
2013-11-20_3260,2013-11-20,3260,威剛,tpex,72.50,72.90,69.70,69.90,9293000,660499600,-3.20,,242203663,4976,,
2013-11-20_3264,2013-11-20,3264,欣銓,tpex,20.30,20.30,20.00,20.15,1352000,27208450,-0.15,,466520530,440,,
2013-11-20_3265,2013-11-20,3265,台星科,tpex,45.25,45.45,44.25,44.40,1513000,67567150,-0.90,,136261659,935,,
2013-11-20_3266,2013-11-20,3266,昇陽,tpex,26.55,26.80,26.40,26.40,180000,4783100,-0.10,,302314309,65,,
2013-11-20_3268,2013-11-20,3268,海德威,tpex,9.80,9.80,8.99,9.19,271000,2591770,0.01,,30666304,101,,
2013-11-20_3276,2013-11-20,3276,宇環,tpex,9.52,9.58,9.31,9.58,124000,1161960,0.07,,69712666,28,,
2013-11-20_3284,2013-11-20,3284,太普高,tpex,11.25,11.25,10.95,10.95,127000,1404250,-0.20,,56131134,53,,
2013-11-20_3285,2013-11-20,3285,微端,tpex,15.55,15.60,15.40,15.50,143000,2216350,-0.05,,44109324,67,,
2013-11-20_3287,2013-11-20,3287,廣寰科,tpex,10.25,10.95,10.05,10.95,706000,7607850,0.70,,43970483,263,,
2013-11-20_3288,2013-11-20,3288,點晶,tpex,10.65,10.85,10.65,10.80,14000,150150,0.20,,49778148,8,,
2013-11-20_3289,2013-11-20,3289,宜特,tpex,23.60,23.95,23.60,23.65,207000,4905400,0.05,,45907539,77,,
2013-11-20_3290,2013-11-20,3290,東浦,tpex,30.50,30.50,29.85,30.30,751000,22631400,0.60,,94808501,364,,
2013-11-20_3291,2013-11-20,3291,遠翔科,tpex,48.05,48.05,47.45,47.45,151000,7178400,-0.60,,35351400,99,,
2013-11-20_3293,2013-11-20,3293,鈊象,tpex,49.00,50.20,48.70,48.70,127000,6253400,-1.05,,69476390,100,,
2013-11-20_3294,2013-11-20,3294,英濟,tpex,13.20,13.25,12.70,12.70,1145000,14769800,-0.50,,129047121,490,,
2013-11-20_3296,2013-11-20,3296,勝德,twse,16.95,16.95,16.80,16.80,58145,979421,-0.1,,112116450,41,,
2013-11-20_3297,2013-11-20,3297,杭特,tpex,44.45,44.90,43.20,43.80,1749000,77288900,1.45,,36476245,1063,,
2013-11-20_3299,2013-11-20,3299,帛漢,tpex,28.40,28.45,28.15,28.20,113000,3192100,-0.20,,50385385,53,,
2013-11-20_3303,2013-11-20,3303,岱稜,tpex,18.90,18.90,18.40,18.80,345000,6459400,-0.10,,97123855,132,,
2013-11-20_3305,2013-11-20,3305,昇貿,twse,32.70,34.05,32.70,33.55,1675019,56668679,1.7,,118876313,757,,
2013-11-20_3306,2013-11-20,3306,鼎天,tpex,26.50,27.00,26.35,26.50,195000,5196850,-0.45,,50607702,105,,
2013-11-20_3308,2013-11-20,3308,聯德,twse,9.04,9.05,8.46,8.64,150000,1296260,-0.2,,99949663,58,,
2013-11-20_3310,2013-11-20,3310,佳穎,tpex,17.70,18.80,17.70,18.15,61000,1116900,0.45,,111691710,42,,
2013-11-20_3311,2013-11-20,3311,閎暉,twse,33.00,33.05,32.35,32.85,717488,23460772,0.0,,187705750,409,,
2013-11-20_3312,2013-11-20,3312,弘憶股,twse,12.25,12.25,12.15,12.15,30360,369892,-0.15,,90643941,19,,
2013-11-20_3313,2013-11-20,3313,斐成,tpex,11.15,11.20,11.00,11.05,304000,3365650,0.00,,83684196,83,,
2013-11-20_3315,2013-11-20,3315,宣昶,twse,15.55,15.80,15.35,15.50,161000,2484400,-0.2,,70281331,66,,
2013-11-20_3317,2013-11-20,3317,尼克森,tpex,14.60,14.70,14.45,14.70,62000,902550,-0.10,,61251550,35,,
2013-11-20_3322,2013-11-20,3322,建舜電,tpex,8.00,8.01,7.91,8.01,14000,111840,-0.01,,83161200,7,,
2013-11-20_3323,2013-11-20,3323,加百裕,tpex,13.80,13.90,13.75,13.80,246000,3398150,-0.05,,98989914,89,,
2013-11-20_3324,2013-11-20,3324,雙鴻,tpex,18.90,20.15,18.80,19.75,1498000,29668550,0.85,,70674386,712,,
2013-11-20_3325,2013-11-20,3325,旭品,tpex,14.25,14.35,14.20,14.25,89000,1268850,-0.15,,77097656,47,,
2013-11-20_3332,2013-11-20,3332,幸康,tpex,40.00,40.00,39.60,39.70,11000,438600,-0.60,,48104246,8,,
2013-11-20_3339,2013-11-20,3339,泰谷,tpex,11.40,11.40,11.15,11.20,108000,1211750,-0.10,,275304842,62,,
2013-11-20_3354,2013-11-20,3354,律勝,tpex,11.55,11.75,11.55,11.75,4000,46650,0.05,,84011206,4,,
2013-11-20_3356,2013-11-20,3356,奇偶,twse,187.00,191.50,187.00,189.00,491206,93313434,2.0,,63617938,380,,
2013-11-20_3360,2013-11-20,3360,尚立,tpex,6.00,6.24,6.00,6.01,31000,188100,-0.16,,52802400,16,,
2013-11-20_3362,2013-11-20,3362,先進光,tpex,21.05,21.20,20.50,21.00,544000,11397850,-0.05,,78665000,232,,
2013-11-20_3363,2013-11-20,3363,上詮,tpex,25.80,25.95,25.50,25.80,538000,13805350,0.00,,61072933,245,,
2013-11-20_3372,2013-11-20,3372,典範,tpex,6.31,6.31,6.13,6.30,434000,2700090,-0.03,,302500000,110,,
2013-11-20_3373,2013-11-20,3373,熱映,tpex,21.55,21.55,20.40,20.50,689000,14371500,-1.30,,32637059,350,,
2013-11-20_3376,2013-11-20,3376,新日興,twse,63.50,63.50,62.30,62.70,219099,13745026,-0.3,,174903055,178,,
2013-11-20_3379,2013-11-20,3379,彬台,tpex,22.70,23.60,22.65,23.55,236000,5520700,0.85,,34504988,67,,
2013-11-20_3380,2013-11-20,3380,明泰,twse,19.70,19.70,19.35,19.40,558899,10866638,-0.2,,491752073,319,,
2013-11-20_3383,2013-11-20,3383,新世紀,twse,13.70,13.70,13.50,13.60,684584,9308732,-0.1,,291171444,313,,
2013-11-20_3388,2013-11-20,3388,崇越電,tpex,70.50,70.80,70.00,70.20,77000,5409200,-0.30,,62000000,46,,
2013-11-20_3390,2013-11-20,3390,旭軟,tpex,36.35,36.35,35.90,36.05,202000,7284400,-0.30,,63278034,122,,
2013-11-20_3402,2013-11-20,3402,漢科,tpex,11.00,11.05,10.85,10.95,57000,623600,-0.05,,73660692,21,,
2013-11-20_3406,2013-11-20,3406,玉晶光,twse,82.00,84.20,80.00,82.90,5644041,465933203,0.5,,99631063,3674,,
2013-11-20_3416,2013-11-20,3416,融程電,tpex,53.10,53.50,52.50,52.80,117000,6179100,-0.70,,50908952,74,,
2013-11-20_3419,2013-11-20,3419,譁裕,twse,17.30,17.50,17.30,17.40,407090,7066505,-0.1,,114577823,174,,
2013-11-20_3428,2013-11-20,3428,光燿科,tpex,29.00,30.00,29.00,30.00,2828000,84138900,1.95,,73420700,1090,,
2013-11-20_3431,2013-11-20,3431,長天,tpex,22.30,22.90,21.80,21.80,2732000,61033600,-0.65,,59820533,1306,,
2013-11-20_3432,2013-11-20,3432,台端,twse,10.80,10.95,10.65,10.95,96000,1038650,0.1,,65626000,41,,
2013-11-20_3434,2013-11-20,3434,哲固,tpex,10.05,10.05,10.05,10.05,2000,20100,0.00,flat,32800000,2,,
2013-11-20_3438,2013-11-20,3438,類比科,tpex,26.20,26.25,26.10,26.15,37000,967500,0.05,,38615110,27,,
2013-11-20_3441,2013-11-20,3441,聯一光,tpex,16.55,16.55,16.35,16.45,40000,655350,0.00,,40039920,28,,
2013-11-20_3443,2013-11-20,3443,創意,twse,70.20,70.20,68.60,68.80,411299,28408369,-1.4,,134011911,319,,
2013-11-20_3444,2013-11-20,3444,利機,tpex,15.85,16.00,15.85,15.90,53000,842950,0.05,,39114586,17,,
2013-11-20_3450,2013-11-20,3450,聯鈞,twse,68.80,69.80,68.00,68.00,2510197,172582793,-0.4,,76642141,1557,,
2013-11-20_3452,2013-11-20,3452,益通,tpex,16.10,16.30,15.90,15.90,4241000,68036350,-0.20,,779449742,1560,,
2013-11-20_3454,2013-11-20,3454,晶睿,twse,186.00,188.00,183.00,183.00,1189778,220735374,-3.0,,71500147,916,,
2013-11-20_3455,2013-11-20,3455,由田,tpex,24.80,24.80,23.85,24.20,151000,3635550,-0.30,,60747500,91,,
2013-11-20_3465,2013-11-20,3465,祥業,tpex,6.46,6.50,6.25,6.50,4000,25670,0.04,,28409807,4,,
2013-11-20_3466,2013-11-20,3466,致振,tpex,26.50,27.40,26.50,26.65,23000,615500,0.15,,62377573,11,,
2013-11-20_3474,2013-11-20,3474,華亞科,twse,20.50,21.60,20.40,20.90,33446627,705436410,0.55,,6038634000,6018,,
2013-11-20_3479,2013-11-20,3479,安勤,tpex,43.30,43.30,42.70,42.90,306000,13125050,-0.30,,52213409,194,,
2013-11-20_3481,2013-11-20,3481,群創,twse,9.80,10.05,9.78,9.96,52059432,518430023,0.17,,9101670777,8745,,
2013-11-20_3483,2013-11-20,3483,力致,tpex,16.85,16.90,16.75,16.75,32000,537750,-0.05,,48960000,19,,
2013-11-20_3484,2013-11-20,3484,崧騰,tpex,24.95,24.95,24.20,24.20,908000,22197800,-0.80,,61086773,448,,
2013-11-20_3489,2013-11-20,3489,森寶,tpex,25.10,25.10,24.50,24.80,59000,1455050,-0.10,,82900670,28,,
2013-11-20_3490,2013-11-20,3490,單井,tpex,23.70,23.70,22.90,23.70,123000,2865500,0.00,,45017011,62,,
2013-11-20_3491,2013-11-20,3491,昇達科,tpex,52.00,52.70,52.00,52.00,165000,8637000,0.00,,49258302,115,,
2013-11-20_3494,2013-11-20,3494,誠研,twse,28.20,28.20,27.50,28.20,4347141,121190176,-0.2,,170475037,1662,,
2013-11-20_3498,2013-11-20,3498,陽程,tpex,72.10,72.70,71.60,72.10,1039000,74949100,0.00,,77160164,582,,
2013-11-20_3499,2013-11-20,3499,環天科,tpex,11.90,12.30,11.60,11.95,536000,6368950,0.30,,58335596,365,,
2013-11-20_3501,2013-11-20,3501,維熹,twse,46.10,46.15,45.90,46.05,182920,8416840,0.1,,111227927,82,,
2013-11-20_3504,2013-11-20,3504,揚明光,twse,53.20,53.50,52.60,53.00,204384,10848389,-0.1,,114059785,125,,
2013-11-20_3508,2013-11-20,3508,位速,tpex,41.10,42.40,41.00,41.70,1068000,44735950,0.80,,92837737,750,,
2013-11-20_3511,2013-11-20,3511,矽瑪,tpex,15.30,15.60,15.20,15.45,8000,122600,0.15,,38972945,6,,
2013-11-20_3512,2013-11-20,3512,能緹,tpex,9.35,9.46,9.26,9.26,38000,354140,0.00,,44000000,20,,
2013-11-20_3514,2013-11-20,3514,昱晶,twse,31.60,32.20,31.50,31.50,8463761,269249410,0.15,,390206954,3702,,
2013-11-20_3515,2013-11-20,3515,華擎,twse,99.60,100.50,99.60,100.00,54714,5467800,0.0,,115041629,46,,
2013-11-20_3516,2013-11-20,3516,亞帝歐,tpex,10.50,11.05,10.50,10.60,124000,1319350,-0.10,,76013650,46,,
2013-11-20_3518,2013-11-20,3518,柏騰,twse,38.45,40.10,38.45,39.70,519181,20452844,1.2,,85074230,309,,
2013-11-20_3519,2013-11-20,3519,綠能,twse,24.00,24.25,23.60,24.00,4178899,100124676,0.4,,344128474,1629,,
2013-11-20_3520,2013-11-20,3520,振維,tpex,17.65,17.65,17.25,17.65,22000,384050,0.00,,51266564,12,,
2013-11-20_3521,2013-11-20,3521,鴻翊,tpex,14.35,14.35,13.20,14.20,676000,8998950,0.65,,31730575,72,,
2013-11-20_3522,2013-11-20,3522,宏森,tpex,13.90,13.90,13.30,13.60,86000,1163000,-0.20,,47292000,45,,
2013-11-20_3523,2013-11-20,3523,迎輝,tpex,23.00,24.60,23.00,23.90,339000,8072850,0.80,,97935560,106,,
2013-11-20_3526,2013-11-20,3526,凡甲,tpex,23.20,23.45,23.15,23.40,66000,1532250,0.00,,60971629,35,,
2013-11-20_3527,2013-11-20,3527,聚積,tpex,67.00,67.00,66.50,66.50,27000,1798900,-0.50,,33156398,25,,
2013-11-20_3528,2013-11-20,3528,安馳,tpex,28.15,28.15,27.85,28.10,41000,1144950,-0.05,,53342540,31,,
2013-11-20_3529,2013-11-20,3529,力旺,tpex,74.20,74.30,73.50,73.50,344000,25411600,0.00,,76832242,268,,
2013-11-20_3531,2013-11-20,3531,先益,tpex,23.80,23.90,23.10,23.15,69000,1622700,-0.55,,61175011,40,,
2013-11-20_3532,2013-11-20,3532,台勝科,twse,29.80,29.80,29.20,29.25,24000,702250,0.05,,775696599,18,,
2013-11-20_3533,2013-11-20,3533,嘉澤,twse,65.10,65.80,65.00,65.00,140000,9126200,-0.1,,93477900,103,,
2013-11-20_3535,2013-11-20,3535,晶彩科,twse,8.80,8.88,8.74,8.88,90812,798269,0.08,,78597815,48,,
2013-11-20_3536,2013-11-20,3536,誠創,twse,7.56,7.66,7.56,7.61,91999,701511,0.05,,175894409,39,,
2013-11-20_3537,2013-11-20,3537,堡達,tpex,29.60,29.95,29.20,29.20,67000,1970200,-0.40,,48695220,42,,
2013-11-20_3540,2013-11-20,3540,曜越,tpex,14.70,14.70,14.20,14.25,115000,1645500,-0.25,,62789182,68,,
2013-11-20_3541,2013-11-20,3541,西柏,tpex,34.60,34.60,34.40,34.40,61000,2104800,-0.20,,38088492,35,,
2013-11-20_3545,2013-11-20,3545,敦泰,twse,47.20,47.20,44.60,44.65,4922506,222985837,-2.95,,140141850,2827,,
2013-11-20_3546,2013-11-20,3546,宇峻,tpex,43.15,43.60,43.15,43.25,14000,608050,-0.35,,34520074,12,,
2013-11-20_3548,2013-11-20,3548,兆利,tpex,28.25,28.70,28.25,28.30,216000,6143850,0.05,,50551398,114,,
2013-11-20_3550,2013-11-20,3550,聯穎,twse,14.45,14.50,14.30,14.40,139000,1993750,-0.15,,85000000,47,,
2013-11-20_3551,2013-11-20,3551,世禾,tpex,64.00,64.00,63.00,63.00,189000,11993700,-0.80,,57500890,128,,
2013-11-20_3552,2013-11-20,3552,同致,tpex,84.20,87.00,84.00,85.30,564000,48440800,1.10,,80032337,411,,
2013-11-20_3553,2013-11-20,3553,力積,tpex,19.30,19.40,18.85,19.00,327000,6266150,-0.40,,64987844,165,,
2013-11-20_3555,2013-11-20,3555,擎泰,tpex,11.05,11.55,10.85,11.25,1434000,16099600,0.20,,64935609,604,,
2013-11-20_3556,2013-11-20,3556,禾瑞亞,tpex,78.00,78.80,77.30,77.70,937000,73058200,-0.90,,52334031,686,,
2013-11-20_3557,2013-11-20,3557,嘉威,twse,6.76,6.95,6.75,6.91,317211,2167535,0.16,,109434160,145,,
2013-11-20_3559,2013-11-20,3559,全智科,twse,15.60,15.60,15.55,15.55,117552,1830465,-0.05,,117908539,53,,
2013-11-20_3561,2013-11-20,3561,昇陽光電,twse,24.70,24.90,24.35,24.55,4795334,117919293,0.0,,320189428,2661,,
2013-11-20_3562,2013-11-20,3562,頂晶科,tpex,7.00,7.00,7.00,7.00,4000,28000,0.00,flat,52360000,3,,
2013-11-20_3563,2013-11-20,3563,牧德,tpex,63.40,63.60,62.50,62.90,106000,6678600,-0.40,,42608234,83,,
2013-11-20_3567,2013-11-20,3567,逸昌,tpex,10.40,11.05,10.30,11.05,610000,6688700,0.70,,37003000,187,,
2013-11-20_3570,2013-11-20,3570,大塚,tpex,145.00,148.00,142.00,144.00,697000,100862000,-5.50,,17097000,618,,
2013-11-20_3573,2013-11-20,3573,穎台,twse,29.60,29.60,29.35,29.35,82528,2432494,0.0,,146546453,67,,
2013-11-20_3576,2013-11-20,3576,聯合再生,twse,37.00,37.30,36.45,37.00,34506537,1274966869,0.0,,761940470,11231,,
2013-11-20_3577,2013-11-20,3577,泓格,tpex,28.40,28.65,28.30,28.60,132000,3755750,0.25,,43689403,62,,
2013-11-20_3579,2013-11-20,3579,尚志,twse,22.00,22.10,21.60,21.65,218289,4764106,-0.15,,115597348,134,,
2013-11-20_3580,2013-11-20,3580,友威科,tpex,6.48,6.62,6.48,6.50,44000,287910,0.20,,47706657,11,,
2013-11-20_3582,2013-11-20,3582,凌耀,tpex,88.60,88.60,85.60,86.00,1508000,130836400,-2.70,,43309446,1101,,
2013-11-20_3583,2013-11-20,3583,辛耘,twse,55.30,56.50,54.90,55.40,2818895,157049312,0.1,,81139000,1727,,
2013-11-20_3584,2013-11-20,3584,介面,twse,21.60,21.60,21.25,21.35,847100,18156969,0.05,,137652528,465,,
2013-11-20_3587,2013-11-20,3587,閎康,tpex,72.00,72.00,69.00,70.10,559000,39186400,0.20,,43113157,398,,
2013-11-20_3588,2013-11-20,3588,通嘉,twse,34.85,35.20,34.85,35.00,36429,1274234,0.15,,45036800,32,,
2013-11-20_3591,2013-11-20,3591,艾笛森,twse,31.05,31.05,29.65,30.00,607223,18434290,-1.05,,116074538,374,,
2013-11-20_3593,2013-11-20,3593,力銘,twse,10.00,10.70,10.00,10.70,2259822,24000494,0.7,,112743058,489,,
2013-11-20_3594,2013-11-20,3594,磐儀,tpex,25.45,26.40,25.45,26.00,380000,9822000,0.55,,45780019,159,,
2013-11-20_3596,2013-11-20,3596,智易,twse,41.10,41.20,40.60,40.90,1116210,45575267,-0.15,,143641940,509,,
2013-11-20_3598,2013-11-20,3598,奕力,twse,49.80,49.80,49.05,49.15,503742,24866285,-0.35,,71905614,350,,
2013-11-20_3605,2013-11-20,3605,宏致,twse,19.80,19.80,19.55,19.60,103157,2029176,-0.15,,124391884,72,,
2013-11-20_3607,2013-11-20,3607,谷崧,twse,44.60,44.80,43.65,44.20,134100,5929182,0.0,,117910097,109,,
2013-11-20_3609,2013-11-20,3609,東林,tpex,17.50,17.60,17.50,17.60,5000,87900,0.10,,31346387,3,,
2013-11-20_3611,2013-11-20,3611,鼎翰,tpex,208.00,208.00,200.00,203.00,369000,75255000,-4.50,,34393000,285,,
2013-11-20_3615,2013-11-20,3615,安可,tpex,33.20,33.75,32.55,33.00,379000,12542850,-0.20,,70584512,255,,
2013-11-20_3617,2013-11-20,3617,碩天,twse,58.20,58.40,57.50,57.50,47264,2741900,-0.6,,79248000,34,,
2013-11-20_3622,2013-11-20,3622,洋華,twse,25.15,25.15,24.10,24.20,3532007,86191408,-0.95,,151245350,1699,,
2013-11-20_3623,2013-11-20,3623,富晶通,tpex,21.55,21.55,20.75,21.00,530000,11141150,-0.30,,57175000,185,,
2013-11-20_3624,2013-11-20,3624,光頡,tpex,21.20,21.40,21.10,21.30,415000,8837750,0.30,,86691842,233,,
2013-11-20_3625,2013-11-20,3625,西勝,tpex,11.00,11.00,10.95,10.95,3000,32950,-0.05,,56078000,2,,
2013-11-20_3628,2013-11-20,3628,盈正,tpex,41.00,41.10,40.75,40.80,16000,653600,-0.60,,45000000,13,,
2013-11-20_3629,2013-11-20,3629,卓韋,tpex,8.67,8.90,8.66,8.66,87000,757430,-0.01,,38411600,37,,
2013-11-20_3630,2013-11-20,3630,新鉅科,tpex,60.50,63.40,59.20,62.90,8772000,542146300,2.70,,101644960,4966,,
2013-11-20_3631,2013-11-20,3631,晟楠,tpex,42.80,44.50,42.60,42.80,227000,9832100,1.00,,74142044,140,,
2013-11-20_3632,2013-11-20,3632,研勤,tpex,28.30,28.65,28.05,28.20,158000,4458700,-0.10,,30709314,107,,
2013-11-20_3638,2013-11-20,3638,F-IML,twse,62.00,62.30,61.20,61.50,439705,27210611,-0.5,,78040608,253,,
2013-11-20_3642,2013-11-20,3642,駿熠電,tpex,15.40,15.50,15.25,15.50,68000,1048200,0.10,,33754050,35,,
2013-11-20_3645,2013-11-20,3645,達邁,twse,21.55,21.60,21.15,21.45,86500,1847650,0.1,,117388203,61,,
2013-11-20_3646,2013-11-20,3646,艾恩特,tpex,27.90,29.45,27.90,28.80,65000,1868900,0.50,,38498371,36,,
2013-11-20_3652,2013-11-20,3652,精聯,tpex,19.70,19.85,19.50,19.50,15000,294200,0.10,,46629000,12,,
2013-11-20_3653,2013-11-20,3653,健策,twse,59.00,61.70,59.00,61.40,936950,57122940,2.4,,106824149,672,,
2013-11-20_3658,2013-11-20,3658,漢微科,tpex,901.00,921.00,901.00,908.00,469000,427343000,-13.00,,71000000,445,,
2013-11-20_3662,2013-11-20,3662,樂陞,tpex,80.00,80.50,79.50,80.50,431000,34571700,0.50,,60526113,244,,
2013-11-20_3663,2013-11-20,3663,鑫科,tpex,27.50,27.70,27.10,27.15,347000,9500350,-0.20,,70723924,209,,
2013-11-20_3664,2013-11-20,3664,F-安瑞,tpex,23.25,23.45,22.35,22.40,476000,10855000,-0.85,,72050941,288,,
2013-11-20_3665,2013-11-20,3665,貿聯-KY,twse,111.50,118.00,109.00,116.50,4165823,480247468,5.5,,76610154,2685,,
2013-11-20_3669,2013-11-20,3669,圓展,twse,19.90,19.95,19.65,19.80,76950,1521670,-0.1,,98236950,43,,
2013-11-20_3673,2013-11-20,3673,TPK-KY,twse,164.00,168.00,163.00,164.50,6153719,1017112488,-0.5,,327180167,4084,,
2013-11-20_3675,2013-11-20,3675,德微,tpex,16.70,16.75,16.50,16.50,61000,1013500,-0.20,,44428250,42,,
2013-11-20_3679,2013-11-20,3679,新至陞,twse,43.60,43.70,43.00,43.40,60000,2597200,0.0,,81164286,36,,
2013-11-20_3680,2013-11-20,3680,家登,tpex,48.80,49.00,48.20,49.00,193000,9391550,0.20,,62460582,142,,
2013-11-20_3682,2013-11-20,3682,亞太電,twse,17.65,17.90,17.65,17.80,15488651,275565631,0.15,,3305627000,3801,,
2013-11-20_3685,2013-11-20,3685,政翔,tpex,23.50,23.50,22.50,22.50,68000,1539600,-0.05,,40448848,34,,
2013-11-20_3686,2013-11-20,3686,達能,twse,14.15,14.40,14.10,14.40,3967205,56719499,0.35,,264823299,1273,,
2013-11-20_3687,2013-11-20,3687,歐買尬,tpex,80.30,81.10,79.80,79.80,242000,19400600,-0.50,,30059572,199,,
2013-11-20_3689,2013-11-20,3689,湧德,tpex,84.50,86.50,84.20,86.20,904000,77396100,2.10,,67597069,583,,
2013-11-20_3691,2013-11-20,3691,碩禾,tpex,311.00,314.00,308.50,310.50,322000,100409500,0.50,,50744297,289,,
2013-11-20_3694,2013-11-20,3694,海華,twse,15.90,15.90,15.65,15.70,30000,471650,-0.1,,129838808,24,,
2013-11-20_3697,2013-11-20,3697,F-晨星,twse,328.50,330.00,321.00,322.00,1126625,364946804,-8.0,,532609232,824,,
2013-11-20_3698,2013-11-20,3698,隆達,twse,23.10,23.20,22.90,23.05,956602,22030524,0.0,,532154856,411,,
2013-11-20_3701,2013-11-20,3701,大眾控,twse,,,,,1964,12331,0.0,,320689109,7,無成交,
2013-11-20_3702,2013-11-20,3702,大聯大,twse,33.65,33.70,33.05,33.05,4933713,164400291,-0.5,,1655709212,2002,,
2013-11-20_3703,2013-11-20,3703,欣陸,twse,11.00,11.00,10.85,10.95,1211938,13244523,0.1,,841158076,293,,
2013-11-20_3704,2013-11-20,3704,合勤控,twse,16.80,17.60,16.65,17.35,11506175,197931360,0.55,,491320355,3808,,
2013-11-20_3705,2013-11-20,3705,永信,twse,56.00,56.70,56.00,56.60,1081989,61057179,0.8,,253736175,637,,
2013-11-20_3706,2013-11-20,3706,神達,twse,23.80,24.05,23.25,23.30,5618923,132687691,-0.5,,755567471,2234,,
2013-11-20_4102,2013-11-20,4102,永日,tpex,28.10,28.40,28.00,28.00,67000,1881800,-0.05,,42373443,43,,
2013-11-20_4103,2013-11-20,4103,百略,tpex,80.00,80.00,79.30,79.80,43000,3419400,0.10,,109996975,36,,
2013-11-20_4104,2013-11-20,4104,佳醫,twse,61.70,62.40,61.00,61.60,1370110,84746784,-0.1,,113252348,896,,
2013-11-20_4105,2013-11-20,4105,東洋,tpex,101.00,101.00,99.10,99.20,1160000,115585600,-1.80,,233036513,953,,
2013-11-20_4106,2013-11-20,4106,雃博,twse,32.80,33.20,32.40,32.40,296000,9674100,-0.4,,83385557,170,,
2013-11-20_4107,2013-11-20,4107,邦特,tpex,56.90,57.50,56.60,56.80,642000,36598500,0.00,,83776936,436,,
2013-11-20_4108,2013-11-20,4108,懷特,twse,40.30,40.90,40.10,40.10,660442,26750033,0.1,,163694165,483,,
2013-11-20_4109,2013-11-20,4109,加捷,tpex,24.30,24.30,23.90,23.90,221000,5312500,-0.30,,57371486,127,,
2013-11-20_4111,2013-11-20,4111,濟生,tpex,30.00,30.00,29.60,29.70,198000,5912000,-0.15,,52182221,137,,
2013-11-20_4113,2013-11-20,4113,聯上,tpex,24.00,24.15,24.00,24.10,462000,11125950,0.10,,119523171,163,,
2013-11-20_4114,2013-11-20,4114,健喬,tpex,38.50,38.70,38.20,38.20,640000,24554750,-0.25,,101905955,374,,
2013-11-20_4119,2013-11-20,4119,旭富,twse,62.10,62.50,61.60,61.70,318177,19700413,-0.4,,65700107,265,,
2013-11-20_4120,2013-11-20,4120,友華,tpex,93.00,94.50,92.70,93.00,865000,80904000,0.60,,86747119,701,,
2013-11-20_4121,2013-11-20,4121,優盛,tpex,19.10,19.20,18.85,18.95,191000,3623700,-0.15,,73316764,133,,
2013-11-20_4123,2013-11-20,4123,晟德,tpex,60.50,64.30,60.50,63.70,2535000,159603700,3.20,,160707429,1393,,
2013-11-20_4126,2013-11-20,4126,太醫,tpex,109.50,109.50,107.50,107.50,29000,3145000,-1.00,,66015216,28,,
2013-11-20_4127,2013-11-20,4127,天良,tpex,24.30,24.30,23.70,24.00,148000,3536300,0.00,,45760000,102,,
2013-11-20_4128,2013-11-20,4128,中天,tpex,31.90,32.00,31.60,31.60,816000,25867100,-0.30,,425342650,469,,
2013-11-20_4129,2013-11-20,4129,聯合,tpex,41.20,41.30,40.65,40.70,126000,5148300,-0.50,,53369952,89,,
2013-11-20_4130,2013-11-20,4130,健亞,tpex,42.00,42.25,41.55,41.60,315000,13160150,-0.50,,96956000,256,,
2013-11-20_4131,2013-11-20,4131,晶宇,tpex,9.51,9.51,9.40,9.40,163000,1533270,0.20,,48291934,36,,
2013-11-20_4133,2013-11-20,4133,亞諾法,twse,45.95,46.20,45.50,45.50,52000,2384150,-0.1,,59546897,42,,
2013-11-20_4138,2013-11-20,4138,曜亞,tpex,72.20,72.20,71.30,71.40,41000,2933700,-0.60,,26500000,34,,
2013-11-20_4139,2013-11-20,4139,F-馬光,tpex,74.70,74.70,74.40,74.50,10000,745200,-1.10,,28250000,9,,
2013-11-20_4141,2013-11-20,4141,龍燈-KY,twse,51.20,51.50,50.50,50.50,120049,6097983,-0.8,,131627000,76,,
2013-11-20_4142,2013-11-20,4142,國光生,twse,44.45,44.90,44.30,44.45,470200,20934149,-0.05,,184154222,280,,
2013-11-20_4144,2013-11-20,4144,康聯-KY,twse,87.30,88.00,86.50,87.00,580150,50606533,-0.1,,70000000,481,,
2013-11-20_4152,2013-11-20,4152,台微體,tpex,382.00,383.50,376.00,376.50,175000,66369000,-6.00,,54069630,169,,
2013-11-20_4153,2013-11-20,4153,鈺緯,tpex,54.30,54.30,53.20,53.20,42000,2252000,-1.00,,22539500,39,,
2013-11-20_4154,2013-11-20,4154,F-康樂,tpex,24.65,24.65,24.30,24.30,12000,294250,-0.10,,21800000,12,,
2013-11-20_4160,2013-11-20,4160,創源,tpex,26.40,26.40,25.40,25.40,120000,3090100,-0.40,,24017516,98,,
2013-11-20_4161,2013-11-20,4161,聿新科,tpex,59.00,60.00,57.80,58.10,1866000,110083400,0.00,,38268665,1095,,
2013-11-20_4162,2013-11-20,4162,智擎,tpex,243.00,246.00,239.50,243.50,590000,143020500,0.50,,100253000,473,,
2013-11-20_4163,2013-11-20,4163,鐿鈦,tpex,142.00,142.50,140.00,141.50,188000,26545500,0.00,,40238000,151,,
2013-11-20_4164,2013-11-20,4164,承業醫,twse,75.40,76.40,75.00,75.80,576930,43592980,0.4,,130000000,448,,
2013-11-20_4168,2013-11-20,4168,醣聯,tpex,127.50,128.00,125.50,126.00,365000,46290000,-1.50,,68544750,337,,
2013-11-20_4173,2013-11-20,4173,久裕,tpex,51.90,53.70,50.70,52.50,1313000,68418500,1.20,,44574355,950,,
2013-11-20_4205,2013-11-20,4205,中華食,tpex,39.50,39.50,38.00,39.00,112000,4352450,-0.60,,72704362,86,,
2013-11-20_4207,2013-11-20,4207,環泰,tpex,19.10,19.30,19.10,19.10,1335000,25500000,-1.40,,154512658,306,,
2013-11-20_4303,2013-11-20,4303,信立,tpex,9.00,9.00,8.91,8.92,52000,464590,-0.16,,70000000,14,,
2013-11-20_4304,2013-11-20,4304,勝昱,tpex,7.80,7.80,7.72,7.80,8000,62320,0.00,,59672500,5,,
2013-11-20_4305,2013-11-20,4305,世坤,tpex,26.25,26.25,26.25,26.25,1000,26250,-0.05,down,55014000,1,,
2013-11-20_4306,2013-11-20,4306,炎洲,twse,21.45,21.65,21.35,21.55,779822,16746351,0.25,,444054861,394,,
2013-11-20_4401,2013-11-20,4401,東隆興,tpex,125.00,132.00,125.00,132.00,2192000,283562500,8.50,,120286286,1331,,
2013-11-20_4402,2013-11-20,4402,福大,tpex,10.40,10.50,10.40,10.50,378000,3945750,0.15,,83925169,146,,
2013-11-20_4406,2013-11-20,4406,新昕纖,tpex,7.69,7.70,7.67,7.67,3000,23060,0.02,,51912000,3,,
2013-11-20_4413,2013-11-20,4413,飛寶,tpex,7.22,7.22,7.22,7.22,15000,108300,0.00,flat,64382297,2,,
2013-11-20_4414,2013-11-20,4414,如興,twse,15.10,15.70,14.95,15.30,4328617,66854055,0.1,,64976920,1630,,
2013-11-20_4416,2013-11-20,4416,三圓,tpex,,,,,0,0,,,60000000,0,無成交,
2013-11-20_4417,2013-11-20,4417,金洲,tpex,18.15,18.25,18.10,18.15,110000,1998800,0.00,,76870639,43,,
2013-11-20_4419,2013-11-20,4419,松懋,tpex,10.45,10.45,9.80,9.80,118000,1197870,-0.40,,39298194,62,,
2013-11-20_4420,2013-11-20,4420,光明,tpex,26.30,26.60,25.85,26.60,255000,6755650,1.70,,29807000,111,,
2013-11-20_4426,2013-11-20,4426,利勤,twse,35.70,36.80,35.20,35.80,441705,15981004,0.05,,69397794,291,,
2013-11-20_4429,2013-11-20,4429,聚紡,tpex,34.45,36.00,34.30,34.85,426000,15028100,0.75,,34350000,282,,
2013-11-20_4430,2013-11-20,4430,耀億,tpex,36.95,37.35,36.95,37.05,72000,2678300,0.10,,55866541,45,,
2013-11-20_4432,2013-11-20,4432,銘旺實,tpex,81.40,84.80,80.20,82.50,956000,79314700,2.60,,43800000,655,,
2013-11-20_4502,2013-11-20,4502,源恆,tpex,4.36,4.36,4.36,4.36,52000,226720,-0.32,down,58966245,14,,
2013-11-20_4503,2013-11-20,4503,金雨,tpex,11.30,12.00,11.30,12.00,756000,8995100,0.75,,36763326,168,,
2013-11-20_4506,2013-11-20,4506,崇友,tpex,21.25,21.25,20.80,21.10,171000,3592800,0.05,,196680000,65,,
2013-11-20_4510,2013-11-20,4510,高鋒,tpex,20.25,20.55,20.00,20.25,4887000,99207800,0.15,,89433355,1784,,
2013-11-20_4513,2013-11-20,4513,福裕,tpex,10.00,10.00,9.91,9.92,129000,1281520,-0.08,,76880300,49,,
2013-11-20_4523,2013-11-20,4523,永彰,tpex,27.75,28.20,27.75,27.90,119000,3326650,0.10,,64000000,57,,
2013-11-20_4526,2013-11-20,4526,東台,twse,25.50,25.95,25.50,25.60,302679,7750313,-0.2,,231029864,132,,
2013-11-20_4527,2013-11-20,4527,方土霖,tpex,22.60,23.20,22.40,22.75,776000,17698550,0.35,,76152370,357,,
2013-11-20_4528,2013-11-20,4528,江興鍛,tpex,30.80,30.90,29.35,29.45,561000,16869100,-1.05,,72870731,347,,
2013-11-20_4529,2013-11-20,4529,昶洧,tpex,14.30,14.35,14.10,14.10,23000,326700,-0.20,,52339796,16,,
2013-11-20_4530,2013-11-20,4530,宏易,tpex,,,,,0,0,,,100034100,0,無成交,
2013-11-20_4532,2013-11-20,4532,瑞智,twse,28.35,29.35,28.35,28.95,2514836,72889870,0.6,,454761600,1280,,
2013-11-20_4533,2013-11-20,4533,協易機,tpex,15.05,15.15,14.90,14.90,522000,7817900,-0.10,,143481110,206,,
2013-11-20_4534,2013-11-20,4534,慶騰,tpex,13.25,13.40,13.10,13.25,57000,758800,-0.15,,66588086,24,,
2013-11-20_4535,2013-11-20,4535,至興,tpex,41.10,41.30,41.00,41.30,21000,862000,0.30,,75661740,13,,
2013-11-20_4536,2013-11-20,4536,拓凱,twse,159.00,165.00,158.00,163.00,499245,80844565,4.0,,90820000,371,,
2013-11-20_4609,2013-11-20,4609,唐鋒,tpex,11.00,11.10,10.90,11.10,20000,220100,0.10,,47946820,14,,
2013-11-20_4702,2013-11-20,4702,中美實,tpex,16.85,16.85,16.80,16.85,9000,151300,0.00,,200000000,5,,
2013-11-20_4703,2013-11-20,4703,揚華,tpex,48.40,51.00,48.40,50.60,1162000,57853500,2.65,,61157866,563,,
2013-11-20_4706,2013-11-20,4706,大恭,tpex,17.80,17.85,17.70,17.75,41000,728300,-0.10,,79030093,21,,
2013-11-20_4707,2013-11-20,4707,磐亞,tpex,10.70,10.80,10.60,10.70,506000,5402550,0.00,,225446492,147,,
2013-11-20_4711,2013-11-20,4711,永純,tpex,15.40,15.45,15.25,15.40,32000,491400,0.00,,61056000,21,,
2013-11-20_4712,2013-11-20,4712,南璋,tpex,34.00,34.30,32.75,32.80,1051000,35146700,-1.20,,93265315,359,,
2013-11-20_4714,2013-11-20,4714,永捷,tpex,11.65,11.70,11.60,11.60,37000,430300,-0.10,,42444679,12,,
2013-11-20_4716,2013-11-20,4716,大立,tpex,16.95,16.95,16.70,16.70,91000,1527850,-0.20,,68076148,34,,
2013-11-20_4720,2013-11-20,4720,德淵,tpex,14.80,14.80,14.75,14.75,28000,413950,-0.05,,75382056,13,,
2013-11-20_4721,2013-11-20,4721,美琪瑪,tpex,20.70,20.70,20.60,20.70,21000,433650,0.00,,74986304,13,,
2013-11-20_4722,2013-11-20,4722,國精化,twse,27.95,27.95,27.25,27.35,2128200,58390729,-0.6,,88246818,1110,,
2013-11-20_4725,2013-11-20,4725,信昌化,twse,26.55,27.50,26.50,27.30,849500,23001475,0.85,,291975000,509,,
2013-11-20_4728,2013-11-20,4728,雙美,tpex,40.25,40.60,40.00,40.35,666000,26878950,-0.05,,54463000,418,,
2013-11-20_4729,2013-11-20,4729,熒茂,tpex,9.85,9.95,9.56,9.60,98000,946370,-0.27,,101902000,48,,
2013-11-20_4733,2013-11-20,4733,上緯,twse,63.20,65.00,61.80,63.50,3653705,232696244,0.4,,72363360,2315,,
2013-11-20_4735,2013-11-20,4735,豪展,tpex,18.00,18.00,17.60,17.70,90000,1601200,-0.30,,28720011,52,,
2013-11-20_4736,2013-11-20,4736,泰博,tpex,73.00,74.30,73.00,73.40,127000,9336700,0.70,,63202908,116,,
2013-11-20_4737,2013-11-20,4737,華廣,twse,61.60,61.60,61.00,61.10,4208,258008,-0.5,,43946794,5,,
2013-11-20_4739,2013-11-20,4739,康普,tpex,19.00,19.00,19.00,19.00,1000,19000,0.00,flat,51061427,1,,
2013-11-20_4743,2013-11-20,4743,合一,tpex,50.90,50.90,49.70,49.70,926000,46265250,-0.70,,127985000,626,,
2013-11-20_4745,2013-11-20,4745,F-合富,tpex,83.00,83.00,81.80,81.80,128000,10522900,-0.90,,53966561,80,,
2013-11-20_4746,2013-11-20,4746,台耀,twse,70.00,71.30,69.60,70.90,1094645,77572326,0.9,,80631629,721,,
2013-11-20_4903,2013-11-20,4903,聯光通,tpex,10.90,10.90,10.80,10.85,141000,1527650,-0.15,,86045096,59,,
2013-11-20_4904,2013-11-20,4904,遠傳,twse,63.50,64.20,63.50,63.80,4284651,273914264,0.0,,3258500810,1977,,
2013-11-20_4905,2013-11-20,4905,台聯電,tpex,20.20,20.30,20.10,20.10,25000,505000,-0.20,,51222516,5,,
2013-11-20_4906,2013-11-20,4906,正文,twse,27.50,27.55,26.85,26.85,1440466,38962982,-0.5,,309303363,870,,
2013-11-20_4907,2013-11-20,4907,富宇,tpex,13.00,13.00,13.00,13.00,5000,65000,0.00,flat,138145778,2,,
2013-11-20_4908,2013-11-20,4908,前鼎,tpex,23.40,23.40,23.20,23.25,44000,1025200,-0.15,,74803157,20,,
2013-11-20_4909,2013-11-20,4909,新復興,tpex,35.25,35.60,35.25,35.25,294000,10396950,-0.25,,92504456,158,,
2013-11-20_4911,2013-11-20,4911,德英,tpex,57.80,58.30,57.30,57.90,627000,36170500,-0.20,,55000000,424,,
2013-11-20_4912,2013-11-20,4912,F-聯德,tpex,45.60,46.55,45.55,46.00,394000,18185550,0.55,,32800000,286,,
2013-11-20_4915,2013-11-20,4915,致伸,twse,25.20,25.50,24.85,25.15,2504299,62961134,-0.55,,432795675,877,,
2013-11-20_4919,2013-11-20,4919,新唐,twse,23.80,24.35,23.60,24.25,1093500,26280325,0.5,,207554400,600,,
2013-11-20_4924,2013-11-20,4924,F-欣厚,tpex,27.00,27.05,26.60,26.70,44000,1184050,-0.30,,33589474,27,,
2013-11-20_4927,2013-11-20,4927,F-泰鼎,tpex,37.30,37.80,36.60,36.65,887000,32982950,-0.65,,95389241,497,,
2013-11-20_4930,2013-11-20,4930,燦星網,twse,13.55,13.65,13.55,13.60,1751361,23840555,0.05,,268600000,333,,
2013-11-20_4933,2013-11-20,4933,友輝,tpex,60.00,60.90,59.30,59.50,195000,11660800,0.10,,78211675,148,,
2013-11-20_4934,2013-11-20,4934,太極,twse,25.30,25.55,25.00,25.00,6282990,158470048,-0.1,,206045000,2524,,
2013-11-20_4935,2013-11-20,4935,茂林-KY,twse,27.15,27.50,26.80,27.00,439000,11920150,-0.15,,138733091,177,,
2013-11-20_4938,2013-11-20,4938,和碩,twse,35.50,35.75,35.25,35.30,13420173,475571004,-0.55,,2316095840,5282,,
2013-11-20_4939,2013-11-20,4939,亞電,tpex,14.45,14.60,14.40,14.55,87000,1262550,0.10,,86961073,52,,
2013-11-20_4942,2013-11-20,4942,嘉彰,twse,36.30,36.40,35.85,35.85,167000,6003600,-0.4,,152304613,111,,
2013-11-20_4944,2013-11-20,4944,兆遠,tpex,21.90,22.00,21.55,21.75,436000,9476550,-0.35,,170496226,237,,
2013-11-20_4946,2013-11-20,4946,辣椒,tpex,41.10,41.10,40.50,41.10,27000,1104900,-0.20,,24663900,16,,
2013-11-20_4947,2013-11-20,4947,F-昂寶,tpex,226.00,232.50,211.00,214.50,709000,157042500,-11.50,,43451950,582,,
2013-11-20_4950,2013-11-20,4950,牧東,tpex,11.50,11.50,11.20,11.40,250000,2830150,0.20,,76876000,111,,
2013-11-20_4952,2013-11-20,4952,凌通,twse,30.50,31.20,30.20,31.05,3501508,107841371,0.95,,108815816,1747,,
2013-11-20_4956,2013-11-20,4956,光鋐,twse,20.50,20.60,20.20,20.40,125053,2550373,-0.2,,100408236,77,,
2013-11-20_4958,2013-11-20,4958,臻鼎-KY,twse,68.20,68.30,67.60,67.60,2078337,140824572,-0.6,,738596722,1157,,
2013-11-20_4960,2013-11-20,4960,誠美材,twse,31.60,31.80,31.30,31.30,851400,26790709,-0.35,,491170000,501,,
2013-11-20_4965,2013-11-20,4965,商店街,tpex,182.50,185.50,179.00,180.00,219000,39781500,-4.00,,17621648,200,,
2013-11-20_4966,2013-11-20,4966,F-譜瑞,tpex,178.00,181.50,176.00,176.50,924000,165549500,-1.00,,74676453,743,,
2013-11-20_4971,2013-11-20,4971,F-IET,tpex,56.70,58.00,56.70,57.00,147000,8441300,0.00,,30000687,120,,
2013-11-20_4972,2013-11-20,4972,湯石,tpex,24.50,24.50,24.10,24.10,9000,218450,-0.40,,35186822,6,,
2013-11-20_4973,2013-11-20,4973,廣穎,tpex,35.50,35.50,34.40,34.90,469000,16379300,-0.70,,60203930,276,,
2013-11-20_4974,2013-11-20,4974,亞泰,tpex,42.00,42.20,41.55,41.70,979000,40887950,-0.25,,61648755,493,,
2013-11-20_4976,2013-11-20,4976,佳凌,twse,27.85,28.10,27.60,28.10,31000,861700,0.25,,100000000,23,,
2013-11-20_4977,2013-11-20,4977,眾達-KY,twse,76.00,82.60,74.90,80.70,3877844,308058820,0.0,,49059422,2889,,
2013-11-20_4979,2013-11-20,4979,華星光,tpex,32.10,32.40,31.15,31.15,827000,26231050,-0.95,,60800896,487,,
2013-11-20_4984,2013-11-20,4984,科納-KY,twse,39.95,39.95,38.50,39.00,112000,4399100,-0.6,,45143974,75,,
2013-11-20_4987,2013-11-20,4987,科誠,tpex,72.40,76.90,69.80,70.50,1551000,113564600,-2.00,,24000000,1010,,
2013-11-20_4994,2013-11-20,4994,傳奇,tpex,117.50,117.50,116.50,116.50,36000,4209000,-1.00,,70596000,32,,
2013-11-20_4995,2013-11-20,4995,晶達,tpex,20.80,20.80,19.95,20.35,6000,121950,0.45,,33956700,6,,
2013-11-20_4999,2013-11-20,4999,鑫禾,twse,52.60,53.10,51.60,52.30,447700,23381900,-0.3,,74417200,286,,
2013-11-20_5007,2013-11-20,5007,三星,twse,67.80,69.20,67.80,68.30,1331654,91455265,0.7,,233154271,784,,
2013-11-20_5009,2013-11-20,5009,榮剛,tpex,20.80,21.20,20.70,21.20,4808000,101041050,0.60,,446962455,1745,,
2013-11-20_5011,2013-11-20,5011,久陽,tpex,19.75,19.75,19.70,19.70,6000,118450,-0.10,,32623779,2,,
2013-11-20_5013,2013-11-20,5013,強新,tpex,14.15,14.30,14.15,14.20,100000,1419300,0.05,,99574000,37,,
2013-11-20_5014,2013-11-20,5014,建錩,tpex,6.54,6.54,6.46,6.46,40000,259920,-0.09,,165333054,8,,
2013-11-20_5015,2013-11-20,5015,華祺,tpex,14.90,14.90,14.80,14.80,18000,267650,-0.05,,60639189,12,,
2013-11-20_5016,2013-11-20,5016,松和,tpex,25.35,25.35,25.00,25.10,23000,576400,0.10,,49622076,14,,
2013-11-20_5102,2013-11-20,5102,富強,tpex,14.40,14.40,14.30,14.40,22000,316200,0.00,,64085067,12,,
2013-11-20_5201,2013-11-20,5201,凱衛,tpex,13.55,13.70,13.45,13.70,206000,2799000,0.15,,30674600,70,,
2013-11-20_5202,2013-11-20,5202,力新,tpex,5.10,5.11,5.01,5.01,64000,324460,-0.06,,60694000,17,,
2013-11-20_5203,2013-11-20,5203,訊連,twse,84.80,85.40,84.00,84.40,101670,8582812,-0.4,,100011796,100,,
2013-11-20_5205,2013-11-20,5205,漢康,tpex,4.95,4.95,4.95,4.95,5000,24750,0.29,up,27513000,2,,
2013-11-20_5206,2013-11-20,5206,坤悅,tpex,16.05,16.10,15.95,15.95,98000,1571300,0.10,,121600000,47,,
2013-11-20_5209,2013-11-20,5209,新鼎,tpex,54.30,54.50,54.00,54.50,41000,2219800,-0.20,,22980500,25,,
2013-11-20_5210,2013-11-20,5210,寶碩,tpex,8.71,8.90,8.71,8.90,173000,1525540,0.01,,69026779,80,,
2013-11-20_5211,2013-11-20,5211,蒙恬,tpex,20.70,21.20,20.60,20.60,13000,272250,0.10,,32024727,13,,
2013-11-20_5212,2013-11-20,5212,凌網,tpex,12.70,12.95,12.65,12.95,14000,179500,-0.10,,34633000,13,,
2013-11-20_5213,2013-11-20,5213,亞昕,tpex,24.15,25.45,24.10,24.75,5478000,136452950,0.80,,364713365,2134,,
2013-11-20_5215,2013-11-20,5215,科嘉-KY,twse,20.35,20.35,19.70,19.70,142650,2843369,-0.65,,54337500,87,,
2013-11-20_5225,2013-11-20,5225,東科-KY,twse,70.30,71.30,68.20,71.00,951000,67152500,1.0,,60750000,206,,
2013-11-20_5230,2013-11-20,5230,雷笛克,tpex,81.00,81.00,80.80,80.90,114000,9221300,0.00,,41475657,74,,
2013-11-20_5234,2013-11-20,5234,達興材料,twse,66.70,68.30,65.20,66.70,2004334,134094177,-0.1,,88931525,1073,,
2013-11-20_5251,2013-11-20,5251,天鉞電,tpex,82.00,83.30,81.30,81.80,388000,31925100,-0.40,,25361314,301,,
2013-11-20_5263,2013-11-20,5263,智崴,tpex,83.60,86.20,82.60,85.00,70000,5935700,2.50,,26727750,46,,
2013-11-20_5264,2013-11-20,5264,鎧勝-KY,twse,153.50,155.50,152.00,153.00,1836670,283032345,0.0,,339706991,1253,,
2013-11-20_5269,2013-11-20,5269,祥碩,twse,30.80,31.40,30.80,31.00,114000,3547350,0.2,,56387880,68,,
2013-11-20_5272,2013-11-20,5272,笙科,tpex,40.00,40.30,39.80,40.20,134000,5367550,0.80,,45894752,100,,
2013-11-20_5274,2013-11-20,5274,信驊,tpex,165.00,168.00,160.00,161.50,218000,35641000,-7.00,,23800698,196,,
2013-11-20_5278,2013-11-20,5278,尚凡,tpex,119.00,121.00,117.50,121.00,21000,2504000,1.00,,13433000,20,,
2013-11-20_5280,2013-11-20,5280,F-敦泰,twse,244.00,247.50,233.00,242.00,1691123,404384266,-3.0,,53440522,1446,,
2013-11-20_5301,2013-11-20,5301,寶得利,tpex,,,,,0,0,,,72994158,0,無成交,
2013-11-20_5302,2013-11-20,5302,太欣,tpex,7.19,7.20,7.15,7.18,38000,273000,-0.02,,162377000,21,,
2013-11-20_5304,2013-11-20,5304,鼎創達,tpex,2.84,2.99,2.84,2.99,17000,50040,0.06,,185962436,9,,
2013-11-20_5305,2013-11-20,5305,敦南,twse,18.35,18.35,17.95,18.00,3377486,61328820,-0.35,,447397555,899,,
2013-11-20_5306,2013-11-20,5306,桂盟,tpex,127.50,132.00,126.00,128.50,1065000,138125500,2.50,,105610206,886,,
2013-11-20_5309,2013-11-20,5309,系統電,tpex,10.40,11.10,10.40,11.00,1645000,17988700,0.60,,153073710,449,,
2013-11-20_5310,2013-11-20,5310,天剛,tpex,27.50,27.80,27.30,27.80,10000,274700,0.20,,37576696,8,,
2013-11-20_5312,2013-11-20,5312,寶島科,tpex,108.00,108.50,106.50,107.00,275000,29523000,-1.50,,60059898,218,,
2013-11-20_5314,2013-11-20,5314,世紀,tpex,6.46,6.60,6.45,6.56,69000,447380,0.00,,60000000,32,,
2013-11-20_5315,2013-11-20,5315,光聯,tpex,3.76,3.80,3.67,3.67,265000,989220,-0.09,,158948566,70,,
2013-11-20_5317,2013-11-20,5317,凱美,tpex,8.92,9.05,8.92,9.01,339000,3053520,-0.01,,136389469,23,,
2013-11-20_5324,2013-11-20,5324,士開,tpex,39.60,39.65,39.25,39.30,297000,11711000,-0.15,,76379090,190,,
2013-11-20_5326,2013-11-20,5326,漢磊,tpex,9.87,9.92,9.80,9.83,699000,6879540,-0.04,,326638308,200,,
2013-11-20_5328,2013-11-20,5328,華容,tpex,7.10,7.11,7.01,7.08,41000,289600,-0.02,,179442324,24,,
2013-11-20_5340,2013-11-20,5340,建榮,tpex,4.12,4.18,4.11,4.13,15000,62010,0.01,,165893964,8,,
2013-11-20_5344,2013-11-20,5344,立衛,tpex,9.03,9.19,9.03,9.17,8000,72540,-0.02,,79447460,6,,
2013-11-20_5345,2013-11-20,5345,天揚,tpex,6.10,6.10,5.90,5.90,3000,18100,-0.20,,50000000,3,,
2013-11-20_5347,2013-11-20,5347,世界,tpex,31.70,31.90,31.40,31.40,1067000,33689400,-0.25,,1636033157,624,,
2013-11-20_5348,2013-11-20,5348,系通,tpex,10.45,10.45,10.45,10.45,1000,10450,0.45,up,25950310,1,,
2013-11-20_5349,2013-11-20,5349,先豐,tpex,32.80,32.90,31.60,31.70,2388000,76809800,-0.90,,224096373,1197,,
2013-11-20_5351,2013-11-20,5351,鈺創,tpex,12.15,12.30,12.05,12.10,829000,10056050,-0.10,,446784837,257,,
2013-11-20_5353,2013-11-20,5353,台林,tpex,11.90,12.10,11.85,11.95,124000,1479200,0.00,,94191085,64,,
2013-11-20_5355,2013-11-20,5355,佳總,tpex,12.95,12.95,12.75,12.80,412000,5286950,-0.05,,162136815,121,,
2013-11-20_5356,2013-11-20,5356,協益,tpex,55.50,55.50,55.00,55.00,216000,11936200,-0.60,,129441000,153,,
2013-11-20_5364,2013-11-20,5364,易福,tpex,1.37,1.40,1.37,1.40,1285000,1780810,-0.07,,204169096,98,,
2013-11-20_5371,2013-11-20,5371,中光電,tpex,26.70,26.85,26.45,26.55,5261000,140146000,-0.15,,724038518,1808,,
2013-11-20_5381,2013-11-20,5381,合正,tpex,2.93,2.94,2.86,2.89,179000,518150,-0.01,,187054388,53,,
2013-11-20_5383,2013-11-20,5383,金利,tpex,11.00,11.40,10.70,10.70,605000,6706650,-0.30,,71414234,137,,
2013-11-20_5384,2013-11-20,5384,捷元,tpex,12.95,13.00,12.75,12.80,76000,976300,-0.15,,79569450,20,,
2013-11-20_5386,2013-11-20,5386,青雲,tpex,20.70,20.70,20.50,20.50,8000,165300,0.45,,11144958,8,,
2013-11-20_5388,2013-11-20,5388,中磊,twse,44.40,44.45,43.60,44.25,3355236,147849666,-0.05,,199272766,1535,,
2013-11-20_5392,2013-11-20,5392,應華,tpex,46.55,47.25,46.55,47.05,302000,14209500,0.50,,78503311,147,,
2013-11-20_5395,2013-11-20,5395,圓方,tpex,,,,,0,0,,,37361355,0,無成交,
2013-11-20_5398,2013-11-20,5398,力瑋,tpex,27.40,27.70,26.90,27.70,208000,5688450,0.10,,41750541,88,,
2013-11-20_5403,2013-11-20,5403,中菲,tpex,24.20,24.30,24.10,24.10,55000,1330400,-0.10,,56182402,30,,
2013-11-20_5410,2013-11-20,5410,國眾,tpex,11.65,11.70,11.40,11.45,98000,1123250,-0.10,,89740123,48,,
2013-11-20_5425,2013-11-20,5425,台半,tpex,23.20,23.50,22.85,23.50,857000,19897750,0.50,,244246827,385,,
2013-11-20_5426,2013-11-20,5426,振發,tpex,13.25,13.25,13.15,13.20,259000,3418250,-0.05,,143800000,45,,
2013-11-20_5432,2013-11-20,5432,達威,tpex,,,,,0,0,,,20687804,0,無成交,
2013-11-20_5434,2013-11-20,5434,崇越,twse,50.80,51.20,50.80,50.80,140247,7149868,-0.1,,152887091,98,,
2013-11-20_5438,2013-11-20,5438,東友,tpex,14.00,14.20,13.10,13.20,4334000,58220400,-0.85,,112536565,1368,,
2013-11-20_5439,2013-11-20,5439,高技,tpex,17.40,17.50,17.40,17.45,141000,2459650,0.05,,77975752,55,,
2013-11-20_5443,2013-11-20,5443,均豪,tpex,13.55,13.90,13.40,13.60,3138000,43011250,0.10,,173136144,1141,,
2013-11-20_5450,2013-11-20,5450,寶聯通,tpex,15.10,15.10,14.40,14.40,246000,3629000,-0.50,,50392250,65,,
2013-11-20_5452,2013-11-20,5452,佶優,tpex,10.75,10.90,10.75,10.80,76000,821250,-0.10,,148882438,41,,
2013-11-20_5455,2013-11-20,5455,訊利電,tpex,2.00,2.00,2.00,2.00,3000,6000,-0.08,down,36678750,1,,
2013-11-20_5457,2013-11-20,5457,宣德,tpex,16.25,16.40,16.00,16.35,245000,3956650,0.10,,167800000,70,,
2013-11-20_5460,2013-11-20,5460,同協,tpex,10.85,10.85,10.70,10.85,87000,936400,0.05,,72032030,35,,
2013-11-20_5464,2013-11-20,5464,霖宏,tpex,19.10,19.15,18.90,19.15,74000,1407150,-0.15,,60977199,23,,
2013-11-20_5465,2013-11-20,5465,富驊,tpex,6.92,6.94,6.73,6.94,24000,164180,0.02,,155231160,6,,
2013-11-20_5466,2013-11-20,5466,泰林,tpex,17.40,17.70,17.40,17.65,720000,12649000,0.40,,244233450,220,,
2013-11-20_5467,2013-11-20,5467,聯福生,tpex,,,,,0,0,,,111177619,0,無成交,
2013-11-20_5468,2013-11-20,5468,凱鈺,tpex,7.55,7.55,7.24,7.24,2000,14790,0.00,,44921909,2,,
2013-11-20_5469,2013-11-20,5469,瀚宇博,twse,11.10,11.10,10.95,11.00,569450,6280516,-0.05,,457936180,235,,
2013-11-20_5471,2013-11-20,5471,松翰,twse,39.00,39.15,38.90,38.95,229059,8937851,-0.3,,167877062,191,,
2013-11-20_5474,2013-11-20,5474,聰泰,tpex,42.50,42.50,41.60,42.50,1283000,53934000,-0.35,,33729787,809,,
2013-11-20_5475,2013-11-20,5475,德宏,tpex,6.50,6.50,6.36,6.38,267000,1711250,-0.09,,209768507,61,,
2013-11-20_5478,2013-11-20,5478,智冠,tpex,54.70,54.90,53.50,53.50,646000,34853400,-1.00,,127474332,504,,
2013-11-20_5480,2013-11-20,5480,統盟,tpex,20.25,20.25,20.15,20.15,418000,8441700,-0.10,,199097830,151,,
2013-11-20_5481,2013-11-20,5481,華韡,tpex,8.60,8.75,8.54,8.55,70000,601030,-0.01,,97281891,29,,
2013-11-20_5483,2013-11-20,5483,中美晶,tpex,43.45,43.50,43.00,43.20,4199000,181588800,0.25,,523119081,2200,,
2013-11-20_5484,2013-11-20,5484,慧友,twse,9.45,9.55,9.25,9.25,335558,3156984,-0.2,,118507847,115,,
2013-11-20_5487,2013-11-20,5487,通泰,tpex,18.75,18.95,18.75,18.85,43000,807850,-0.15,,22134516,16,,
2013-11-20_5488,2013-11-20,5488,松普,tpex,6.50,6.50,6.28,6.29,485000,3059760,-0.03,,91586124,43,,
2013-11-20_5489,2013-11-20,5489,彩富,tpex,70.00,70.00,68.20,68.20,416000,28674700,-1.30,,104175441,317,,
2013-11-20_5490,2013-11-20,5490,同亨,tpex,37.50,38.10,37.50,38.00,702000,26524250,0.55,,94396601,391,,
2013-11-20_5491,2013-11-20,5491,連展,tpex,8.50,8.57,8.40,8.46,410000,3468480,-0.04,,194947619,121,,
2013-11-20_5493,2013-11-20,5493,三聯,tpex,28.50,28.90,28.30,28.70,111000,3172950,0.20,,41368874,69,,
2013-11-20_5498,2013-11-20,5498,凱崴,tpex,6.31,6.38,6.14,6.21,288000,1798200,-0.10,,161895880,116,,
2013-11-20_5505,2013-11-20,5505,和旺,tpex,17.95,18.15,17.60,17.90,576000,10324750,0.00,,129832200,262,,
2013-11-20_5506,2013-11-20,5506,長鴻,tpex,7.35,7.41,7.34,7.41,36000,264600,-0.05,,152545000,17,,
2013-11-20_5508,2013-11-20,5508,永信建,tpex,71.70,74.20,71.70,72.80,565000,41459200,1.10,,181190111,256,,
2013-11-20_5511,2013-11-20,5511,德昌,tpex,26.80,26.80,26.55,26.60,105000,2804000,-0.05,,144438820,39,,
2013-11-20_5512,2013-11-20,5512,力麒,tpex,14.10,14.10,13.85,13.90,5906000,82271550,-0.20,,761970982,1028,,
2013-11-20_5514,2013-11-20,5514,三豐,tpex,19.60,19.60,19.05,19.05,203000,3909050,-0.55,,153602869,83,,
2013-11-20_5515,2013-11-20,5515,建國,twse,13.95,14.00,13.85,13.85,520529,7247297,-0.1,,360119131,181,,
2013-11-20_5516,2013-11-20,5516,雙喜,tpex,12.10,12.35,12.00,12.20,11000,133050,-0.25,,38295000,8,,
2013-11-20_5519,2013-11-20,5519,隆大,tpex,28.90,30.85,28.90,30.85,1591000,48663700,2.00,,150000000,633,,
2013-11-20_5520,2013-11-20,5520,力泰,tpex,29.50,29.50,29.30,29.30,8000,234800,-0.40,,70959112,3,,
2013-11-20_5521,2013-11-20,5521,工信,twse,14.00,14.15,14.00,14.05,431898,6079922,0.05,,347527413,87,,
2013-11-20_5522,2013-11-20,5522,遠雄,twse,53.60,53.70,52.70,52.70,1501894,79811053,-0.5,,771433241,1115,,
2013-11-20_5523,2013-11-20,5523,宏都,tpex,18.15,18.20,18.05,18.10,33000,596700,-0.10,,112851835,13,,
2013-11-20_5525,2013-11-20,5525,順天,twse,18.95,19.05,18.95,19.05,59658,1132435,0.1,,238562371,29,,
2013-11-20_5529,2013-11-20,5529,志嘉,tpex,31.00,32.75,31.00,31.55,270000,8577550,0.55,,90650397,185,,
2013-11-20_5530,2013-11-20,5530,龍巖,tpex,80.90,80.90,79.00,79.40,1061000,84469300,-0.90,,399084199,644,,
2013-11-20_5531,2013-11-20,5531,鄉林,twse,24.80,25.10,24.45,24.50,1408472,34938113,-0.3,,617000000,454,,
2013-11-20_5533,2013-11-20,5533,皇鼎,twse,19.40,19.45,19.20,19.20,315967,6121967,-0.2,,243169643,86,,
2013-11-20_5534,2013-11-20,5534,長虹,twse,96.20,98.00,96.20,96.60,760706,74012597,-0.4,,248799902,579,,
2013-11-20_5536,2013-11-20,5536,聖暉,tpex,120.00,121.00,119.50,120.00,51000,6118500,0.00,,46135819,47,,
2013-11-20_5601,2013-11-20,5601,台聯櫃,tpex,27.85,28.80,27.85,28.80,2000,56650,-0.20,,64800000,2,,
2013-11-20_5603,2013-11-20,5603,陸海,tpex,9.60,9.84,9.60,9.68,135000,1310680,0.07,,62931495,42,,
2013-11-20_5604,2013-11-20,5604,中連貨,tpex,28.05,28.15,28.00,28.10,116000,3255800,0.05,,108782968,37,,
2013-11-20_5607,2013-11-20,5607,遠雄港,twse,21.95,22.10,21.95,21.95,325000,7159000,0.0,,169979100,148,,
2013-11-20_5608,2013-11-20,5608,四維航,twse,20.10,20.40,20.10,20.30,448029,9092480,0.2,,403350031,139,,
2013-11-20_5609,2013-11-20,5609,中菲行,tpex,19.70,20.20,19.65,19.90,351000,7004900,0.20,,135000000,147,,
2013-11-20_5701,2013-11-20,5701,劍湖山,tpex,5.24,5.29,5.20,5.23,333000,1742870,-0.02,,223761456,106,,
2013-11-20_5703,2013-11-20,5703,亞都,tpex,22.20,22.20,22.00,22.00,9000,198700,-0.35,,70239594,6,,
2013-11-20_5704,2013-11-20,5704,老爺知,tpex,20.25,20.40,20.25,20.40,5000,101700,0.00,,38861658,5,,
2013-11-20_5706,2013-11-20,5706,鳳凰,twse,53.30,55.30,53.30,55.00,403587,22091801,1.7,,61060500,295,,
2013-11-20_5820,2013-11-20,5820,日盛金,tpex,8.19,8.23,8.18,8.19,677000,5549940,0.00,,3099108023,226,,
2013-11-20_5871,2013-11-20,5871,中租-KY,twse,74.50,75.80,74.10,74.10,16042448,1204600752,-0.1,,995830415,8011,,
2013-11-20_5880,2013-11-20,5880,合庫金,twse,16.20,16.20,16.05,16.05,5937478,95709409,-0.15,,8614266705,1334,,
2013-11-20_5902,2013-11-20,5902,德記,tpex,21.00,21.25,21.00,21.25,52000,1093350,0.25,,94500000,24,,
2013-11-20_5903,2013-11-20,5903,全家,tpex,172.00,181.00,170.00,175.00,288000,50764500,3.50,,223220000,251,,
2013-11-20_5904,2013-11-20,5904,寶雅,tpex,183.00,184.50,178.00,181.00,217000,39243000,-2.00,,92907263,189,,
2013-11-20_5905,2013-11-20,5905,南仁湖,tpex,13.50,13.60,13.45,13.50,641000,8661200,0.00,,210955624,193,,
2013-11-20_5906,2013-11-20,5906,台南-KY,twse,7.96,8.05,7.95,8.05,24022,191781,-0.04,,96323270,13,,
2013-11-20_5907,2013-11-20,5907,大洋-KY,twse,62.30,62.60,61.70,61.90,255000,15859800,-0.4,,202000000,91,,
2013-11-20_6005,2013-11-20,6005,群益證,twse,10.00,10.10,9.97,9.97,1744834,17453993,-0.08,,2369072987,1302,,
2013-11-20_6015,2013-11-20,6015,宏遠證,tpex,8.92,9.00,8.91,8.94,487000,4365260,0.01,,444838775,165,,
2013-11-20_6016,2013-11-20,6016,康和證,tpex,7.41,7.41,7.36,7.39,471000,3476370,-0.02,,688336792,65,,
2013-11-20_6020,2013-11-20,6020,大展證,tpex,17.65,17.70,17.65,17.70,15000,264800,0.05,,232583552,9,,
2013-11-20_6021,2013-11-20,6021,大慶證,tpex,13.10,13.20,13.10,13.10,53000,697000,0.00,,306755974,25,,
2013-11-20_6022,2013-11-20,6022,大眾證,tpex,8.75,8.80,8.75,8.78,86000,753760,0.04,,377761822,37,,
2013-11-20_6023,2013-11-20,6023,元大期,tpex,32.50,32.60,32.50,32.60,7000,227800,-0.20,,232276288,7,,
2013-11-20_6024,2013-11-20,6024,群益期,tpex,26.75,26.80,26.70,26.80,49000,1311450,0.00,,100087847,29,,
2013-11-20_6101,2013-11-20,6101,弘捷,tpex,10.05,10.45,10.00,10.10,54000,545600,-0.55,,57091250,30,,
2013-11-20_6103,2013-11-20,6103,合邦,tpex,1.70,1.70,1.64,1.64,33000,54900,-0.06,,85184974,9,,
2013-11-20_6104,2013-11-20,6104,創惟,tpex,23.90,24.30,23.65,23.65,928000,22253500,-0.20,,86524184,436,,
2013-11-20_6105,2013-11-20,6105,瑞傳,tpex,26.95,26.95,26.90,26.90,160000,4307500,-0.05,,102015609,65,,
2013-11-20_6107,2013-11-20,6107,華美,tpex,52.10,52.90,51.40,51.70,39000,2027300,-0.70,,58979900,19,,
2013-11-20_6108,2013-11-20,6108,競國,twse,17.20,17.25,17.15,17.20,166367,2858992,0.0,,159899311,72,,
2013-11-20_6109,2013-11-20,6109,亞元,tpex,8.45,8.45,8.30,8.39,8000,66670,-0.08,,72686518,6,,
2013-11-20_6111,2013-11-20,6111,大宇資,tpex,14.40,14.40,14.40,14.40,2000,28800,0.90,up,36891830,2,,
2013-11-20_6112,2013-11-20,6112,邁達特,twse,30.60,30.60,30.25,30.35,138732,4208975,-0.25,,83382203,96,,
2013-11-20_6113,2013-11-20,6113,亞矽,tpex,8.01,8.17,8.01,8.17,9000,73210,0.16,,53607100,7,,
2013-11-20_6114,2013-11-20,6114,翔昇,tpex,,,,,0,0,,,28114446,0,無成交,
2013-11-20_6115,2013-11-20,6115,鎰勝,twse,40.50,40.95,40.45,40.90,220200,8955550,0.4,,167959739,96,,
2013-11-20_6116,2013-11-20,6116,彩晶,twse,10.35,10.65,10.35,10.45,45894954,482829025,0.1,,2929240808,6919,,
2013-11-20_6117,2013-11-20,6117,迎廣,twse,14.80,14.85,14.45,14.85,9000,132550,0.05,,88650000,6,,
2013-11-20_6118,2013-11-20,6118,建達,tpex,9.50,9.56,9.48,9.56,18000,170950,0.04,,90889573,10,,
2013-11-20_6120,2013-11-20,6120,達運,twse,9.51,9.63,9.49,9.55,656179,6266338,-0.1,,456353883,260,,
2013-11-20_6121,2013-11-20,6121,新普,tpex,124.00,127.00,124.00,125.00,1800000,226393500,0.50,,308284198,1167,,
2013-11-20_6122,2013-11-20,6122,擎邦,tpex,10.80,10.85,10.70,10.80,52000,558750,0.00,,68729089,23,,
2013-11-20_6123,2013-11-20,6123,上奇,tpex,35.90,36.40,35.30,35.50,2412000,86584500,0.10,,58748312,1170,,
2013-11-20_6124,2013-11-20,6124,業強,tpex,20.05,20.80,20.00,20.80,15000,303550,-0.35,,182479945,13,,
2013-11-20_6125,2013-11-20,6125,廣運,tpex,13.40,13.50,13.25,13.30,656000,8749850,-0.10,,252011150,280,,
2013-11-20_6126,2013-11-20,6126,信音,tpex,13.35,13.35,13.00,13.35,591000,7741750,-0.05,,113693175,223,,
2013-11-20_6127,2013-11-20,6127,九豪,tpex,10.75,10.75,10.50,10.50,166000,1756800,-0.25,,85041546,81,,
2013-11-20_6128,2013-11-20,6128,上福,twse,30.30,30.35,30.00,30.00,112773,3392066,-0.3,,91088740,81,,
2013-11-20_6129,2013-11-20,6129,普誠,tpex,7.71,7.80,7.64,7.80,120000,929170,0.00,,180920675,47,,
2013-11-20_6130,2013-11-20,6130,基因,tpex,49.40,51.00,49.35,50.10,64000,3214100,0.30,,26700000,60,,
2013-11-20_6131,2013-11-20,6131,鈞泰,twse,10.90,10.90,10.70,10.70,8100,87960,-0.15,,100020480,10,,
2013-11-20_6133,2013-11-20,6133,金橋,twse,8.70,8.88,8.70,8.71,7511,65584,-0.11,,103334169,9,,
2013-11-20_6134,2013-11-20,6134,萬旭,tpex,8.83,8.93,8.80,8.88,209000,1848940,0.08,,82680000,69,,
2013-11-20_6135,2013-11-20,6135,佳營,tpex,17.00,17.20,16.75,17.00,418000,7094500,0.45,,76188875,186,,
2013-11-20_6136,2013-11-20,6136,富爾特,twse,24.05,24.20,24.00,24.00,87609,2107016,-0.1,,115536412,41,,
2013-11-20_6138,2013-11-20,6138,茂達,tpex,19.70,19.80,19.40,19.40,191000,3730450,-0.25,,132198233,119,,
2013-11-20_6139,2013-11-20,6139,亞翔,twse,28.25,28.45,28.25,28.30,93250,2641187,0.05,,188251168,54,,
2013-11-20_6140,2013-11-20,6140,訊達,tpex,11.35,11.35,11.15,11.15,16000,180100,-0.25,,38367906,4,,
2013-11-20_6141,2013-11-20,6141,柏承,twse,10.20,10.20,10.05,10.15,98000,990750,-0.1,,134290450,28,,
2013-11-20_6142,2013-11-20,6142,友勁,twse,8.96,9.02,8.80,8.84,344969,3063474,-0.12,,272539633,163,,
2013-11-20_6143,2013-11-20,6143,振曜,tpex,67.50,67.70,66.60,66.60,839000,56272300,-0.60,,82580897,439,,
2013-11-20_6144,2013-11-20,6144,得利影,tpex,,,,,0,0,,,73117806,0,無成交,
2013-11-20_6145,2013-11-20,6145,勁永,twse,14.10,14.35,14.05,14.10,303147,4304058,0.0,,325533329,177,,
2013-11-20_6146,2013-11-20,6146,耕興,tpex,118.00,123.00,117.00,117.00,658000,78640500,-2.50,,82299115,521,,
2013-11-20_6147,2013-11-20,6147,頎邦,tpex,56.00,56.60,54.80,54.80,2879000,160168100,-0.30,,648227608,1885,,
2013-11-20_6148,2013-11-20,6148,驊宏資,tpex,6.63,6.64,6.52,6.53,100000,657110,-0.06,,88000000,38,,
2013-11-20_6150,2013-11-20,6150,撼訊,tpex,9.80,9.82,9.60,9.70,248000,2414530,-0.10,,70569582,92,,
2013-11-20_6151,2013-11-20,6151,晉倫,tpex,21.20,21.20,20.70,21.00,140000,2916550,0.00,,51642360,57,,
2013-11-20_6152,2013-11-20,6152,百一,twse,22.00,22.05,21.75,21.90,308794,6740602,-0.2,,172400463,177,,
2013-11-20_6153,2013-11-20,6153,嘉聯益,twse,24.20,24.60,24.10,24.45,2430234,59278083,0.25,,324793665,1010,,
2013-11-20_6154,2013-11-20,6154,順發,tpex,20.55,20.70,20.55,20.60,21000,433400,0.05,,80080000,15,,
2013-11-20_6155,2013-11-20,6155,鈞寶,twse,19.20,19.20,19.20,19.20,2150,41302,0.15,up,82921604,5,,
2013-11-20_6156,2013-11-20,6156,松上,tpex,5.84,6.04,5.80,5.85,46000,271130,0.01,,82660887,28,,
2013-11-20_6158,2013-11-20,6158,禾昌,tpex,12.00,12.25,12.00,12.20,90000,1089250,0.20,,114652975,47,,
2013-11-20_6160,2013-11-20,6160,欣技,tpex,20.40,20.40,20.00,20.10,45000,903600,-0.20,,70981120,23,,
2013-11-20_6161,2013-11-20,6161,捷波,tpex,7.75,7.83,7.75,7.76,222000,1728360,0.01,,120833290,81,,
2013-11-20_6163,2013-11-20,6163,華電網,tpex,17.75,17.90,17.65,17.90,503000,8938550,0.05,,106812513,168,,
2013-11-20_6164,2013-11-20,6164,華興,twse,16.65,16.70,16.55,16.55,244030,4057943,-0.05,,118303239,113,,
2013-11-20_6165,2013-11-20,6165,浪凡,twse,5.82,6.00,5.80,5.94,550000,3228320,0.1,,95009123,50,,
2013-11-20_6166,2013-11-20,6166,凌華,twse,48.50,49.10,48.00,48.55,702111,34080815,0.55,,170709394,510,,
2013-11-20_6167,2013-11-20,6167,久正,tpex,1.97,1.97,1.97,1.97,1000,1970,0.10,up,162173221,1,,
2013-11-20_6168,2013-11-20,6168,宏齊,twse,13.20,13.30,13.10,13.10,808479,10648077,-0.05,,205161506,311,,
2013-11-20_6169,2013-11-20,6169,昱泉,tpex,23.05,23.30,23.05,23.05,17000,393500,0.00,,28379000,14,,
2013-11-20_6170,2013-11-20,6170,統振,tpex,9.80,9.86,9.77,9.83,78000,765610,0.03,,94952038,41,,
2013-11-20_6171,2013-11-20,6171,亞銳士,tpex,18.05,18.05,17.80,17.95,49000,877650,0.00,,60351921,23,,
2013-11-20_6172,2013-11-20,6172,互億,twse,7.09,7.20,6.75,6.75,110577,753969,-0.48,,46633330,75,,
2013-11-20_6173,2013-11-20,6173,信昌電,tpex,9.45,9.49,9.30,9.31,168000,1573840,-0.03,,185116308,64,,
2013-11-20_6174,2013-11-20,6174,安碁,tpex,19.00,19.05,18.60,18.75,270000,5085600,-0.25,,50000000,109,,
2013-11-20_6175,2013-11-20,6175,立敦,tpex,10.45,10.50,10.35,10.35,97000,1008800,-0.10,,114573641,29,,
2013-11-20_6176,2013-11-20,6176,瑞儀,twse,101.50,102.00,95.90,96.60,6094459,597865445,-6.4,,465027263,3615,,
2013-11-20_6177,2013-11-20,6177,達麗,twse,34.10,34.70,34.00,34.20,381952,13116062,0.3,,163912150,152,,
2013-11-20_6179,2013-11-20,6179,世仰,tpex,10.65,11.00,10.65,11.00,145000,1590800,-0.30,,55895000,33,,
2013-11-20_6180,2013-11-20,6180,橘子,tpex,24.05,24.05,23.70,23.70,64000,1523450,-0.15,,157311715,57,,
2013-11-20_6182,2013-11-20,6182,合晶,tpex,14.60,14.90,14.55,14.55,1816000,26668550,0.00,,336795325,700,,
2013-11-20_6183,2013-11-20,6183,關貿,twse,26.50,26.65,26.50,26.50,57386,1522975,0.0,,150000000,41,,
2013-11-20_6184,2013-11-20,6184,大豐電,twse,51.00,52.40,50.20,52.40,339871,17458207,1.2,,84772600,278,,
2013-11-20_6185,2013-11-20,6185,幃翔,tpex,27.90,28.00,27.65,28.00,180000,5018900,0.10,,102683659,80,,
2013-11-20_6186,2013-11-20,6186,新潤,tpex,39.75,40.30,39.70,40.00,195000,7775000,0.30,,65179273,102,,
2013-11-20_6187,2013-11-20,6187,萬潤,tpex,29.80,31.20,29.80,30.10,1504000,45822500,0.40,,80723902,640,,
2013-11-20_6188,2013-11-20,6188,廣明,tpex,28.80,29.20,28.65,28.80,1710000,49200750,-0.15,,278358910,730,,
2013-11-20_6189,2013-11-20,6189,豐藝,twse,30.95,31.05,30.95,30.95,181951,5638334,0.0,,179045194,112,,
2013-11-20_6190,2013-11-20,6190,萬泰科,tpex,6.00,6.00,5.95,6.00,70000,418000,0.00,,125260823,13,,
2013-11-20_6191,2013-11-20,6191,精成科,twse,10.00,10.00,9.88,10.00,501751,4999005,0.0,,531546903,152,,
2013-11-20_6192,2013-11-20,6192,巨路,twse,70.80,71.60,70.80,71.00,156000,11120900,0.2,,118710828,114,,
2013-11-20_6194,2013-11-20,6194,育富,tpex,18.95,19.30,18.95,19.10,18000,344500,0.10,,106800000,10,,
2013-11-20_6195,2013-11-20,6195,詩肯,tpex,99.40,100.50,98.50,99.10,302000,30109200,0.50,,41859942,221,,
2013-11-20_6196,2013-11-20,6196,帆宣,twse,17.10,17.15,17.00,17.05,124868,2129647,-0.05,,164610756,64,,
2013-11-20_6197,2013-11-20,6197,佳必琪,twse,25.70,25.90,25.20,25.40,468494,11932397,-0.4,,173447843,231,,
2013-11-20_6199,2013-11-20,6199,精威,tpex,10.00,10.00,10.00,10.00,41000,410000,0.10,up,63286503,10,,
2013-11-20_6201,2013-11-20,6201,亞弘電,twse,23.50,23.95,23.50,23.90,59300,1410710,0.4,,89200000,52,,
2013-11-20_6202,2013-11-20,6202,盛群,twse,44.60,44.80,44.10,44.15,384744,17083907,-0.45,,223598450,258,,
2013-11-20_6203,2013-11-20,6203,海韻電,tpex,33.15,33.30,33.10,33.20,30000,994000,0.05,,79953277,14,,
2013-11-20_6204,2013-11-20,6204,艾華,tpex,23.35,23.65,23.35,23.60,15000,351900,0.00,,36097000,12,,
2013-11-20_6205,2013-11-20,6205,詮欣,twse,21.20,21.30,21.05,21.25,31451,667066,0.0,,71839079,24,,
2013-11-20_6206,2013-11-20,6206,飛捷,twse,102.00,103.00,99.90,100.00,571851,57953800,-2.0,,119173928,423,,
2013-11-20_6207,2013-11-20,6207,雷科,tpex,16.30,16.40,16.05,16.40,71000,1150300,0.10,,85506207,29,,
2013-11-20_6208,2013-11-20,6208,日揚,tpex,10.95,10.95,10.80,10.80,232000,2515000,-0.15,,115108797,81,,
2013-11-20_6209,2013-11-20,6209,今國光,twse,29.25,29.25,28.75,28.95,379100,10963194,-0.1,,162575681,199,,
2013-11-20_6210,2013-11-20,6210,慶生,tpex,44.45,44.45,43.75,44.25,7000,307650,0.15,,35048000,6,,
2013-11-20_6211,2013-11-20,6211,福登,tpex,12.90,13.00,12.90,13.00,24000,309900,0.00,,41637763,8,,
2013-11-20_6212,2013-11-20,6212,理銘,tpex,20.80,20.80,20.80,20.80,6000,124800,0.05,up,102000000,4,,
2013-11-20_6213,2013-11-20,6213,聯茂,twse,30.60,30.90,30.60,30.75,304740,9381677,0.1,,332365218,166,,
2013-11-20_6214,2013-11-20,6214,精誠,twse,56.00,56.80,55.50,56.00,1337741,75105110,-0.2,,260823304,904,,
2013-11-20_6215,2013-11-20,6215,和椿,twse,22.20,22.50,21.55,21.55,2074757,45670199,-0.8,,82789693,702,,
2013-11-20_6216,2013-11-20,6216,居易,twse,20.20,20.20,20.05,20.05,118000,2373350,-0.05,,74762137,46,,
2013-11-20_6217,2013-11-20,6217,中探針,tpex,25.25,25.70,25.25,25.60,27000,687600,0.35,,48901971,21,,
2013-11-20_6218,2013-11-20,6218,豪勉,tpex,22.45,22.50,22.20,22.20,53000,1184750,-0.25,,64262000,33,,
2013-11-20_6219,2013-11-20,6219,富旺,tpex,20.50,20.70,20.35,20.40,495000,10142100,0.00,,156550783,196,,
2013-11-20_6220,2013-11-20,6220,岳豐,tpex,10.50,11.00,10.50,10.80,140000,1509600,0.00,,110829763,70,,
2013-11-20_6221,2013-11-20,6221,晉泰,tpex,20.90,21.10,20.85,20.90,113000,2371200,0.00,,36755199,54,,
2013-11-20_6222,2013-11-20,6222,上揚,tpex,7.47,7.47,7.20,7.20,10000,72370,0.00,,56124923,5,,
2013-11-20_6223,2013-11-20,6223,旺矽,tpex,57.60,61.20,57.60,59.20,3164000,190606400,2.00,,78612392,1777,,
2013-11-20_6224,2013-11-20,6224,聚鼎,twse,57.20,57.60,57.10,57.50,43300,2479150,0.3,,79883838,30,,
2013-11-20_6225,2013-11-20,6225,天瀚,twse,4.81,4.83,4.81,4.83,16879,80925,0.02,,62934755,9,,
2013-11-20_6227,2013-11-20,6227,茂綸,tpex,11.10,11.20,11.10,11.20,10000,111850,0.00,,76111786,6,,
2013-11-20_6228,2013-11-20,6228,全譜,tpex,7.18,7.28,6.80,6.88,95000,668430,-0.33,,41114627,51,,
2013-11-20_6229,2013-11-20,6229,研通,tpex,14.75,14.75,14.50,14.50,40000,582750,-0.25,,35755700,32,,
2013-11-20_6230,2013-11-20,6230,尼得科超眾,twse,61.90,62.70,61.50,62.00,748100,46388360,0.0,,86343396,385,,
2013-11-20_6231,2013-11-20,6231,系微,tpex,45.40,46.80,45.40,46.10,83000,3826050,1.10,,38043488,73,,
2013-11-20_6233,2013-11-20,6233,旺玖,tpex,14.55,14.65,14.35,14.50,367000,5331350,0.05,,86096896,133,,
2013-11-20_6234,2013-11-20,6234,高僑,tpex,16.30,16.30,15.65,15.70,191000,3029700,-0.30,,71434141,31,,
2013-11-20_6235,2013-11-20,6235,華孚,twse,7.76,7.88,7.50,7.51,370117,2802500,-0.31,,161452606,121,,
2013-11-20_6237,2013-11-20,6237,驊訊,tpex,18.90,18.90,18.75,18.80,58000,1092350,-0.20,,77238371,28,,
2013-11-20_6238,2013-11-20,6238,勝麗,tpex,13.50,13.60,13.50,13.55,20000,270250,-0.95,,20586882,8,,
2013-11-20_6239,2013-11-20,6239,力成,twse,43.00,43.25,42.60,42.85,2309285,99047555,-0.15,,779146634,1277,,
2013-11-20_6240,2013-11-20,6240,松崗,tpex,,,,,0,0,,,62700267,0,無成交,
2013-11-20_6241,2013-11-20,6241,易通展,tpex,22.40,22.95,22.40,22.55,23000,518950,0.15,,23717288,14,,
2013-11-20_6242,2013-11-20,6242,亨豐,tpex,,,,,0,0,,,18673372,0,無成交,
2013-11-20_6243,2013-11-20,6243,迅杰,twse,12.40,12.40,12.15,12.20,119631,1459508,-0.2,,75297693,90,,
2013-11-20_6244,2013-11-20,6244,茂迪,tpex,56.80,57.70,56.50,57.00,2930000,167127800,0.00,,438491908,1683,,
2013-11-20_6245,2013-11-20,6245,立端,tpex,50.40,51.60,50.40,50.70,642000,32821500,0.20,,81160806,430,,
2013-11-20_6246,2013-11-20,6246,臺龍,tpex,4.99,5.05,4.99,4.99,137000,686760,-0.01,,177689384,43,,
2013-11-20_6247,2013-11-20,6247,淇譽電,tpex,11.80,11.80,11.60,11.70,102000,1191900,0.05,,60321000,42,,
2013-11-20_6248,2013-11-20,6248,沛波,tpex,5.00,5.00,5.00,5.00,15000,75000,-0.13,down,53857972,3,,
2013-11-20_6250,2013-11-20,6250,宇加,tpex,15.00,15.00,13.95,15.00,23000,333600,0.00,,18249340,10,,
2013-11-20_6251,2013-11-20,6251,定穎,twse,10.50,10.55,10.25,10.35,505234,5258910,-0.1,,287559335,113,,
2013-11-20_6257,2013-11-20,6257,矽格,twse,29.50,29.50,29.05,29.25,1980843,57842155,-0.25,,366459543,1137,,
2013-11-20_6259,2013-11-20,6259,百徽,tpex,7.71,7.90,7.61,7.90,8000,61680,-0.09,,48118977,7,,
2013-11-20_6261,2013-11-20,6261,久元,tpex,53.50,53.50,53.00,53.20,328000,17448400,0.30,,117583993,228,,
2013-11-20_6263,2013-11-20,6263,普萊德,tpex,33.00,33.50,32.80,32.80,89000,2943900,-0.05,,59723974,41,,
2013-11-20_6264,2013-11-20,6264,德士通,tpex,11.85,11.90,11.60,11.85,113000,1332900,-0.05,,137568544,47,,
2013-11-20_6265,2013-11-20,6265,方土昶,tpex,8.34,8.54,8.26,8.49,345000,2895540,0.15,,121729151,178,,
2013-11-20_6266,2013-11-20,6266,泰詠,tpex,9.00,9.13,9.00,9.00,7000,63260,-0.09,,78301721,5,,
2013-11-20_6269,2013-11-20,6269,台郡,twse,90.20,90.20,88.30,88.30,2830206,251298028,-1.9,,200928100,1933,,
2013-11-20_6270,2013-11-20,6270,倍微,tpex,11.80,11.90,11.80,11.90,26000,307850,0.10,,73690759,9,,
2013-11-20_6271,2013-11-20,6271,同欣電,twse,161.50,163.00,160.00,162.50,572817,92712944,1.0,,162907031,367,,
2013-11-20_6274,2013-11-20,6274,台燿,tpex,22.30,22.50,22.30,22.40,1149000,25737800,0.00,,239409558,492,,
2013-11-20_6275,2013-11-20,6275,元山,tpex,13.40,13.50,13.40,13.45,15000,201800,0.05,,47647202,9,,
2013-11-20_6276,2013-11-20,6276,安鈦克,tpex,24.90,25.00,24.80,25.00,49000,1221150,0.10,,43534000,33,,
2013-11-20_6277,2013-11-20,6277,宏正,twse,81.90,81.90,80.20,81.00,237153,19139693,0.0,,119471166,183,,
2013-11-20_6278,2013-11-20,6278,台表科,twse,42.00,42.30,41.80,41.95,720903,30313895,-0.05,,270031505,481,,
2013-11-20_6279,2013-11-20,6279,胡連,tpex,90.50,92.00,89.50,91.90,1302000,118992200,2.00,,88603005,853,,
2013-11-20_6281,2013-11-20,6281,全國電,twse,61.80,61.80,59.00,61.00,1130800,68319700,-0.8,,99172945,410,,
2013-11-20_6282,2013-11-20,6282,康舒,twse,27.35,27.55,27.00,27.00,2603941,70690099,-0.4,,515282295,1481,,
2013-11-20_6283,2013-11-20,6283,淳安,twse,11.10,11.30,10.65,10.65,1916637,20656581,-0.8,,124880528,628,,
2013-11-20_6284,2013-11-20,6284,佳邦,tpex,33.00,35.25,33.00,34.90,3517000,120803150,1.90,,99344727,1223,,
2013-11-20_6285,2013-11-20,6285,啟碁,twse,71.50,71.60,70.30,70.50,3049663,215789428,-1.4,,313798006,1999,,
2013-11-20_6286,2013-11-20,6286,立錡,twse,129.50,129.50,127.00,129.50,192350,24673150,0.0,,149517306,179,,
2013-11-20_6287,2013-11-20,6287,元隆,tpex,4.65,4.73,4.54,4.73,39000,180570,-0.02,,101440845,15,,
2013-11-20_6289,2013-11-20,6289,華上,twse,3.26,3.27,3.24,3.25,169630,551685,-0.01,,269260452,62,,
2013-11-20_6290,2013-11-20,6290,良維,tpex,24.75,25.00,24.45,24.70,88000,2166150,-0.05,,122530401,53,,
2013-11-20_6291,2013-11-20,6291,沛亨,tpex,4.40,4.40,4.25,4.25,6000,26250,-0.05,,24411515,4,,
2013-11-20_6292,2013-11-20,6292,迅德,tpex,27.70,27.75,27.70,27.75,17000,471400,0.00,,46900712,12,,
2013-11-20_6294,2013-11-20,6294,智基,tpex,24.30,24.60,23.45,24.25,135000,3198500,-0.95,,15350000,76,,
2013-11-20_6298,2013-11-20,6298,崴強,tpex,18.50,18.55,18.30,18.35,172000,3157900,-0.20,,168871974,68,,
2013-11-20_6412,2013-11-20,6412,群電,twse,45.50,47.60,44.85,46.80,2762300,126862739,2.05,,353378645,1431,,
2013-11-20_6504,2013-11-20,6504,南六,twse,158.00,168.00,156.00,158.00,1876223,303482011,-0.5,,72600000,1592,,
2013-11-20_6505,2013-11-20,6505,台塑化,twse,79.00,79.00,78.20,78.20,543066,42724848,-0.8,,9525959652,427,,
2013-11-20_6506,2013-11-20,6506,雙邦,tpex,12.20,12.30,12.20,12.20,28000,342300,0.00,,64106196,12,,
2013-11-20_6508,2013-11-20,6508,惠光,tpex,29.15,29.35,29.00,29.10,35000,1020700,0.15,,76077716,29,,
2013-11-20_6509,2013-11-20,6509,聚和,tpex,20.60,20.60,20.35,20.45,984000,20164400,-0.15,,166524110,451,,
2013-11-20_6603,2013-11-20,6603,富強鑫,tpex,13.95,13.95,13.80,13.80,464000,6440400,-0.15,,114869295,157,,
2013-11-20_6605,2013-11-20,6605,帝寶,twse,102.00,104.00,101.50,103.00,692035,71389710,0.5,,165816397,480,,
2013-11-20_6609,2013-11-20,6609,瀧澤科,tpex,31.50,32.20,31.05,31.30,2100000,66541050,0.05,,71035535,1053,,
2013-11-20_6702,2013-11-20,6702,興航,twse,12.40,12.40,12.25,12.35,292036,3590694,0.1,,554220642,81,,
2013-11-20_6803,2013-11-20,6803,崑鼎,tpex,183.00,184.50,183.00,184.50,41000,7523000,2.00,,63389098,39,,
2013-11-20_8011,2013-11-20,8011,台通,twse,34.50,34.60,34.35,34.40,138217,4764113,-0.35,,79060000,96,,
2013-11-20_8016,2013-11-20,8016,矽創,twse,47.00,47.45,46.60,46.80,2316442,108770896,0.4,,119147611,1231,,
2013-11-20_8021,2013-11-20,8021,尖點,twse,20.95,21.40,20.95,21.20,1310769,27859886,0.25,,157890546,545,,
2013-11-20_8024,2013-11-20,8024,佑華,tpex,12.65,12.85,12.65,12.80,17000,217850,0.10,,50021100,10,,
2013-11-20_8032,2013-11-20,8032,光菱,tpex,33.90,33.90,33.45,33.55,54000,1812900,-0.25,,51810300,36,,
2013-11-20_8033,2013-11-20,8033,雷虎,twse,11.20,11.25,11.10,11.15,80206,893736,0.05,,91729075,49,,
2013-11-20_8034,2013-11-20,8034,榮群,tpex,7.74,7.84,7.65,7.67,130000,997240,-0.05,,62873725,42,,
2013-11-20_8039,2013-11-20,8039,台虹,twse,63.80,65.80,62.90,64.80,4416791,284535289,0.9,,202600662,2277,,
2013-11-20_8040,2013-11-20,8040,九暘,tpex,7.79,7.79,7.61,7.70,83000,641610,-0.09,,86555258,29,,
2013-11-20_8042,2013-11-20,8042,金山電,tpex,45.95,46.15,45.80,45.90,229000,10521300,-0.05,,102887908,123,,
2013-11-20_8043,2013-11-20,8043,蜜望實,tpex,17.25,17.40,17.25,17.35,142000,2457550,0.10,,91847321,46,,
2013-11-20_8044,2013-11-20,8044,網家,tpex,193.00,193.00,190.00,190.00,608000,116289000,-3.00,,82244787,551,,
2013-11-20_8046,2013-11-20,8046,南電,twse,35.70,35.90,35.05,35.10,1107081,39121691,-0.5,,646165487,723,,
2013-11-20_8047,2013-11-20,8047,星雲,tpex,10.35,10.35,10.05,10.25,51000,517500,0.05,,50786843,21,,
2013-11-20_8048,2013-11-20,8048,德勝,tpex,20.00,20.00,19.10,19.35,161000,3137850,-0.35,,50320904,69,,
2013-11-20_8049,2013-11-20,8049,晶采,tpex,6.76,6.84,6.73,6.73,124000,840240,-0.03,,108859808,44,,
2013-11-20_8050,2013-11-20,8050,廣積,tpex,40.30,40.30,39.65,39.65,183000,7311200,-0.55,,89122211,116,,
2013-11-20_8053,2013-11-20,8053,巨擘,tpex,1.92,1.92,1.92,1.92,34000,65280,0.12,up,411817636,8,,
2013-11-20_8054,2013-11-20,8054,安國,tpex,26.75,27.00,26.50,26.70,98000,2627650,-0.30,,82609828,56,,
2013-11-20_8059,2013-11-20,8059,凱碩,tpex,8.15,8.19,8.06,8.07,30000,243980,-0.05,,92600000,13,,
2013-11-20_8064,2013-11-20,8064,東捷,tpex,14.45,15.35,14.40,15.35,10938000,166149000,1.00,,132112836,2690,,
2013-11-20_8066,2013-11-20,8066,來思達,tpex,18.50,18.50,18.50,18.50,5000,92500,0.00,flat,32071000,2,,
2013-11-20_8067,2013-11-20,8067,志旭,tpex,6.10,6.10,6.10,6.10,4000,24400,-0.29,down,44755439,3,,
2013-11-20_8068,2013-11-20,8068,全達,tpex,,,,,0,0,,,30660000,0,無成交,
2013-11-20_8069,2013-11-20,8069,元太,tpex,15.40,16.20,15.20,16.10,11002000,172849550,0.90,,1140989715,3424,,
2013-11-20_8070,2013-11-20,8070,長華*,twse,75.10,75.90,75.10,75.50,67608,5110222,0.0,,74414707,61,,
2013-11-20_8071,2013-11-20,8071,能率豐,tpex,29.30,29.70,29.05,29.05,198000,5804350,-0.20,,40774283,122,,
2013-11-20_8072,2013-11-20,8072,陞泰,twse,86.70,87.50,86.60,86.70,56630,4915719,0.1,,100000000,50,,
2013-11-20_8074,2013-11-20,8074,鉅橡,tpex,30.90,31.45,30.70,31.15,168000,5224550,0.15,,56742340,115,,
2013-11-20_8076,2013-11-20,8076,伍豐,tpex,108.00,111.50,107.50,108.50,2975000,326332000,-0.50,,184213015,1884,,
2013-11-20_8078,2013-11-20,8078,華寶,twse,50.10,50.60,50.10,50.50,690086,34800111,0.4,,607727000,366,,
2013-11-20_8079,2013-11-20,8079,誠遠,tpex,15.10,15.10,15.00,15.00,83000,1249200,-0.10,,80200031,40,,
2013-11-20_8080,2013-11-20,8080,奧斯特,tpex,21.05,21.35,20.65,20.90,312000,6521950,-0.15,,59962105,184,,
2013-11-20_8081,2013-11-20,8081,致新,twse,77.00,77.30,76.50,77.00,95367,7338259,0.3,,86172072,87,,
2013-11-20_8082,2013-11-20,8082,眾星,tpex,2.12,2.12,2.12,2.12,1000,2120,0.11,up,56608873,1,,
2013-11-20_8083,2013-11-20,8083,瑞穎,tpex,80.00,80.10,79.50,80.00,15000,1197100,0.00,,35133193,12,,
2013-11-20_8084,2013-11-20,8084,巨虹,tpex,16.00,16.20,15.90,15.95,318000,5099400,-0.05,,40436544,188,,
2013-11-20_8085,2013-11-20,8085,福華,tpex,3.95,3.99,3.91,3.98,100000,395840,-0.01,,157257242,52,,
2013-11-20_8086,2013-11-20,8086,宏捷科,tpex,12.50,13.20,12.35,13.20,1088000,13980350,0.75,,135537623,433,,
2013-11-20_8087,2013-11-20,8087,華鎂鑫,tpex,7.76,7.99,7.76,7.85,8000,62540,-0.14,,29868965,7,,
2013-11-20_8088,2013-11-20,8088,品安,tpex,29.25,29.50,28.80,28.80,416000,12137950,-0.45,,57817969,200,,
2013-11-20_8091,2013-11-20,8091,翔名,tpex,54.00,54.00,53.30,53.80,149000,7985500,-0.20,,47566323,90,,
2013-11-20_8092,2013-11-20,8092,建暐,tpex,10.00,10.10,9.95,10.10,55000,552500,0.00,,30164179,20,,
2013-11-20_8093,2013-11-20,8093,保銳,tpex,5.70,5.97,5.70,5.97,20000,116950,0.35,,64208493,15,,
2013-11-20_8096,2013-11-20,8096,擎亞,tpex,12.95,13.10,12.90,12.95,164000,2127950,0.00,,122262652,87,,
2013-11-20_8097,2013-11-20,8097,常珵,tpex,,,,,0,0,,,13674306,0,無成交,
2013-11-20_8099,2013-11-20,8099,大世科,tpex,21.70,21.75,21.50,21.50,247000,5332150,-0.20,,67200000,124,,
2013-11-20_8101,2013-11-20,8101,華冠,twse,13.90,14.10,13.85,13.95,541525,7545119,0.05,,420683091,295,,
2013-11-20_8103,2013-11-20,8103,瀚荃,twse,34.50,34.50,34.35,34.40,81693,2810396,-0.2,,74900305,71,,
2013-11-20_8105,2013-11-20,8105,凌巨,twse,8.37,8.53,8.32,8.50,709999,5972860,0.14,,441475888,277,,
2013-11-20_8107,2013-11-20,8107,大億科,tpex,8.80,8.92,8.80,8.82,197000,1743300,0.02,,166440202,48,,
2013-11-20_8109,2013-11-20,8109,博大,tpex,48.20,48.75,48.00,48.20,205000,9925100,0.45,,60044135,137,,
2013-11-20_8110,2013-11-20,8110,華東,twse,10.40,10.40,10.20,10.20,990201,10193979,-0.2,,500668030,327,,
2013-11-20_8111,2013-11-20,8111,立碁,tpex,5.82,5.82,5.64,5.64,137000,776070,-0.19,,146336243,52,,
2013-11-20_8112,2013-11-20,8112,至上,twse,13.65,13.70,13.30,13.45,1214085,16357842,-0.2,,163868796,424,,
2013-11-20_8114,2013-11-20,8114,振樺電,twse,95.40,95.40,93.00,93.00,134858,12659007,-2.0,,65020067,116,,
2013-11-20_8121,2013-11-20,8121,越峰,tpex,34.20,34.50,33.55,33.65,2031000,68665450,-0.85,,182160743,1229,,
2013-11-20_8131,2013-11-20,8131,福懋科,twse,16.85,17.10,16.85,16.90,237000,4019200,0.1,,442222223,84,,
2013-11-20_8147,2013-11-20,8147,正淩,tpex,22.30,22.45,22.05,22.40,29000,643500,-0.05,,20306663,25,,
2013-11-20_8155,2013-11-20,8155,博智,tpex,21.45,21.45,21.05,21.05,20000,423600,-0.25,,41485000,9,,
2013-11-20_8163,2013-11-20,8163,達方,twse,19.10,19.25,19.00,19.00,844830,16112020,-0.1,,318902001,432,,
2013-11-20_8171,2013-11-20,8171,天宇,tpex,11.30,11.30,11.20,11.30,48000,541000,0.00,,41234530,13,,
2013-11-20_8176,2013-11-20,8176,智捷,tpex,11.10,11.15,10.85,10.95,185000,2037750,-0.25,,79100000,86,,
2013-11-20_8182,2013-11-20,8182,加高,tpex,12.95,13.00,12.90,13.00,133000,1722900,0.05,,107041215,18,,
2013-11-20_8183,2013-11-20,8183,精星,tpex,6.09,6.16,6.01,6.01,42000,253440,0.01,,116091068,25,,
2013-11-20_8201,2013-11-20,8201,無敵,twse,12.80,12.95,12.65,12.95,74692,950155,0.0,,89094679,55,,
2013-11-20_8210,2013-11-20,8210,勤誠,twse,31.20,31.20,30.70,30.90,100577,3097949,-0.3,,120125950,68,,
2013-11-20_8213,2013-11-20,8213,志超,twse,32.20,32.35,32.00,32.10,612896,19699859,-0.1,,275013938,306,,
2013-11-20_8215,2013-11-20,8215,明基材,twse,21.80,22.35,21.80,22.00,2656000,58656549,0.25,,320674514,958,,
2013-11-20_8234,2013-11-20,8234,新漢,tpex,20.00,20.50,20.00,20.25,151000,3056450,0.25,,128032841,85,,
2013-11-20_8240,2013-11-20,8240,華宏,tpex,28.75,28.75,27.85,28.00,67000,1896900,0.15,,100004414,40,,
2013-11-20_8249,2013-11-20,8249,菱光,twse,18.15,18.60,17.95,18.10,2826780,51541666,0.0,,127055000,1049,,
2013-11-20_8255,2013-11-20,8255,朋程,tpex,116.00,122.00,116.00,121.50,999000,119821000,6.00,,74865000,725,,
2013-11-20_8261,2013-11-20,8261,富鼎,twse,18.00,18.40,17.80,17.95,981322,17760744,-0.05,,178485894,462,,
2013-11-20_8266,2013-11-20,8266,中日新,tpex,3.34,3.36,3.34,3.36,121000,404160,-0.23,,51978650,32,,
2013-11-20_8271,2013-11-20,8271,宇瞻,twse,26.35,26.40,26.10,26.20,995684,26138055,-0.15,,134363742,501,,
2013-11-20_8277,2013-11-20,8277,商丞,tpex,14.60,14.70,14.30,14.30,181000,2616100,-0.30,,91520834,114,,
2013-11-20_8287,2013-11-20,8287,英格爾,tpex,23.80,23.80,23.35,23.60,212000,4994050,0.00,,133344454,133,,
2013-11-20_8289,2013-11-20,8289,泰藝,tpex,12.35,12.35,12.15,12.30,259000,3173800,0.10,,77517554,95,,
2013-11-20_8291,2013-11-20,8291,尚茂,tpex,6.35,6.35,6.34,6.34,4000,25390,0.04,,76024000,4,,
2013-11-20_8299,2013-11-20,8299,群聯,tpex,194.00,195.50,188.00,188.50,3190000,611617500,-9.00,,180473993,2326,,
2013-11-20_8349,2013-11-20,8349,友信,tpex,48.60,49.30,48.60,49.00,106000,5178100,-0.15,,69597615,72,,
2013-11-20_8354,2013-11-20,8354,冠好,tpex,16.05,16.30,16.05,16.05,176000,2836600,-0.15,,60135585,46,,
2013-11-20_8358,2013-11-20,8358,金居,tpex,7.83,7.83,7.78,7.78,26000,203170,-0.04,,211700000,16,,
2013-11-20_8374,2013-11-20,8374,羅昇,twse,24.70,25.00,24.35,24.60,172748,4256639,-0.1,,87608487,97,,
2013-11-20_8383,2013-11-20,8383,千附,tpex,24.85,25.30,24.60,24.65,1306000,32531750,0.05,,118192482,672,,
2013-11-20_8390,2013-11-20,8390,金益鼎,tpex,21.50,21.50,21.25,21.40,107000,2289000,0.05,,73892058,28,,
2013-11-20_8401,2013-11-20,8401,白紗科,tpex,12.65,12.90,12.65,12.90,40000,508200,0.30,,48959688,17,,
2013-11-20_8403,2013-11-20,8403,盛弘,tpex,44.60,45.15,44.10,44.55,1114000,49782850,-0.05,,55428308,762,,
2013-11-20_8404,2013-11-20,8404,百和興業-KY,twse,19.30,19.65,19.30,19.40,74276,1451253,0.1,,223317722,40,,
2013-11-20_8406,2013-11-20,8406,F-金可,tpex,626.00,626.00,615.00,619.00,227000,141110000,-5.00,,90634960,216,,
2013-11-20_8410,2013-11-20,8410,森田,tpex,28.60,28.75,28.40,28.50,35000,998900,-0.20,,36589200,21,,
2013-11-20_8411,2013-11-20,8411,福貞-KY,twse,73.50,73.50,72.20,72.20,210463,15326840,-0.8,,115301625,161,,
2013-11-20_8416,2013-11-20,8416,實威,tpex,177.00,179.00,172.00,176.00,470000,82436500,-5.00,,25646100,431,,
2013-11-20_8418,2013-11-20,8418,F-必勝,tpex,25.50,25.60,25.50,25.60,5000,127600,0.30,,60995000,5,,
2013-11-20_8421,2013-11-20,8421,旭源,tpex,15.25,15.25,14.70,15.10,66000,986850,-0.10,,38502465,32,,
2013-11-20_8422,2013-11-20,8422,可寧衛*,twse,180.00,183.00,180.00,182.50,377340,68597560,3.0,,108888000,214,,
2013-11-20_8423,2013-11-20,8423,F-保綠,tpex,,,,,0,0,,,17789475,0,無成交,
2013-11-20_8424,2013-11-20,8424,惠普,tpex,40.60,40.95,40.55,40.65,16000,649900,0.05,,32776698,12,,
2013-11-20_8426,2013-11-20,8426,F-紅木,tpex,54.50,55.80,54.50,55.40,281000,15522700,1.00,,42000000,178,,
2013-11-20_8427,2013-11-20,8427,基勝-KY,twse,56.40,57.10,56.30,56.80,338000,19153000,0.4,,108000000,133,,
2013-11-20_8429,2013-11-20,8429,金麗-KY,twse,79.00,79.70,77.80,77.90,1238430,97380655,-1.1,,120968579,814,,
2013-11-20_8432,2013-11-20,8432,東生華,tpex,84.40,84.80,83.80,84.00,20000,1681400,-0.20,,38398140,18,,
2013-11-20_8433,2013-11-20,8433,弘帆,tpex,48.10,48.20,47.80,47.80,49000,2357500,0.10,,52577600,34,,
2013-11-20_8435,2013-11-20,8435,鉅邁,tpex,50.00,50.50,49.70,50.40,73000,3653100,0.30,,29593400,55,,
2013-11-20_8436,2013-11-20,8436,大江,tpex,109.00,109.50,107.50,109.00,138000,14955000,0.50,,43880380,122,,
2013-11-20_8905,2013-11-20,8905,裕國,tpex,32.35,32.45,32.25,32.45,108000,3494200,0.10,,119440000,47,,
2013-11-20_8906,2013-11-20,8906,花王,tpex,,,,,0,0,,,51321600,0,無成交,
2013-11-20_8908,2013-11-20,8908,欣雄,tpex,40.00,40.15,40.00,40.00,52000,2081500,-0.20,,112832496,24,,
2013-11-20_8913,2013-11-20,8913,全銓,tpex,18.50,18.60,18.10,18.50,8000,146250,0.00,,49681095,6,,
2013-11-20_8916,2013-11-20,8916,光隆,tpex,49.00,50.50,48.30,49.00,1893000,94069250,0.00,,89667000,1209,,
2013-11-20_8917,2013-11-20,8917,欣泰,tpex,48.25,48.85,47.00,48.85,13000,628350,0.65,,118643900,7,,
2013-11-20_8921,2013-11-20,8921,沈氏,tpex,17.60,17.60,17.60,17.60,1000,17600,-0.30,down,46592159,1,,
2013-11-20_8923,2013-11-20,8923,時報,tpex,17.80,17.80,17.80,17.80,2000,35600,0.00,flat,30375800,1,,
2013-11-20_8924,2013-11-20,8924,大田,tpex,19.60,19.60,19.15,19.15,125000,2415400,-0.10,,121263282,61,,
2013-11-20_8925,2013-11-20,8925,偉盟,tpex,9.33,9.37,9.23,9.37,1822000,16918380,0.00,,365243337,366,,
2013-11-20_8926,2013-11-20,8926,台汽電,twse,17.95,17.95,17.85,17.85,168205,3010823,-0.1,,589048595,91,,
2013-11-20_8927,2013-11-20,8927,北基,tpex,12.35,12.65,12.35,12.65,10000,124400,-0.10,,119486661,10,,
2013-11-20_8928,2013-11-20,8928,鉅明,tpex,8.35,8.35,8.22,8.32,75000,622340,0.11,,63567519,26,,
2013-11-20_8929,2013-11-20,8929,富堡,tpex,40.55,41.00,40.30,40.30,76000,3099450,-0.30,,31059350,48,,
2013-11-20_8930,2013-11-20,8930,青鋼,tpex,14.95,14.95,14.85,14.90,52000,774300,0.00,,63928681,24,,
2013-11-20_8931,2013-11-20,8931,大汽電,tpex,19.85,19.90,19.75,19.75,30000,595600,-0.10,,106623811,16,,
2013-11-20_8932,2013-11-20,8932,宏大,tpex,14.20,15.30,13.85,15.10,250000,3695100,0.25,,48800000,100,,
2013-11-20_8933,2013-11-20,8933,愛地雅,tpex,16.25,16.30,16.05,16.05,554000,8930850,-0.25,,138584451,265,,
2013-11-20_8934,2013-11-20,8934,衡平,tpex,,,,,0,0,,,5974757,0,無成交,
2013-11-20_8935,2013-11-20,8935,邦泰,tpex,6.16,6.37,6.16,6.30,87000,545570,0.02,,120306391,36,,
2013-11-20_8936,2013-11-20,8936,國統,tpex,41.50,42.20,40.95,41.00,6573000,274115450,0.25,,180614089,2897,,
2013-11-20_8937,2013-11-20,8937,合騏,tpex,14.45,14.45,14.30,14.40,62000,892900,-0.05,,72478800,28,,
2013-11-20_8938,2013-11-20,8938,明安,tpex,30.00,30.00,29.75,29.80,72000,2148050,-0.20,,134342722,66,,
2013-11-20_8940,2013-11-20,8940,新天地,twse,22.10,22.10,21.80,21.85,14000,306450,0.1,,67491032,9,,
2013-11-20_8941,2013-11-20,8941,關中,tpex,20.20,20.50,20.20,20.50,3000,61200,0.40,,15150018,3,,
2013-11-20_8942,2013-11-20,8942,森鉅,tpex,55.50,57.80,55.30,57.40,2230000,127275700,2.10,,161121692,1005,,
2013-11-20_8996,2013-11-20,8996,高力,tpex,51.80,52.40,51.10,51.50,407000,21055400,-0.20,,77388813,326,,
2013-11-20_910069,2013-11-20,910069,新曄,twse,,,,,0,0,0.0,,11696000,0,無成交,
2013-11-20_9103,2013-11-20,9103,美德醫療-DR,twse,2.37,2.37,2.36,2.37,129010,305083,0.0,,205531500,51,,
2013-11-20_910322,2013-11-20,910322,康師傅-DR,twse,42.35,42.40,41.25,41.55,77000,3251750,-0.6,,54906000,25,,
2013-11-20_910482,2013-11-20,910482,聖馬丁-DR,twse,1.66,1.68,1.65,1.65,269128,446846,-0.02,,250569963,61,,
2013-11-20_9105,2013-11-20,9105,泰金寶-DR,twse,3.06,3.06,3.04,3.05,696000,2123490,0.01,,773030653,119,,
2013-11-20_9106,2013-11-20,9106,新焦點-DR,twse,2.98,2.99,2.90,2.90,13000,38150,-0.05,,90000000,5,,
2013-11-20_910708,2013-11-20,910708,恒大健-DR,twse,5.38,5.38,5.38,5.38,1000,5380,0.07,up,17680000,1,,
2013-11-20_910801,2013-11-20,910801,金衛-DR,twse,7.16,7.16,6.62,6.62,773000,5271120,-0.49,,67379369,169,,
2013-11-20_910861,2013-11-20,910861,神州-DR,twse,19.15,19.15,18.00,18.00,175000,3192000,-1.35,,34200000,111,,
2013-11-20_910948,2013-11-20,910948,融達,twse,2.48,2.49,2.48,2.49,23000,57140,0.02,,51049000,3,,
2013-11-20_9110,2013-11-20,9110,越南控-DR,twse,4.30,4.31,4.26,4.26,497000,2132740,0.05,,54379500,40,,
2013-11-20_911201,2013-11-20,911201,僑威控,twse,2.69,2.77,2.68,2.77,54000,145880,0.05,,44357000,15,,
2013-11-20_911602,2013-11-20,911602,華豐泰,twse,,,,,0,0,0.0,,755000,0,無成交,
2013-11-20_911608,2013-11-20,911608,明輝-DR,twse,5.80,5.84,5.80,5.84,2000,11640,-0.01,,13264000,2,,
2013-11-20_911609,2013-11-20,911609,揚子江,twse,13.95,13.95,13.90,13.95,59000,822450,0.0,,49410000,18,,
2013-11-20_911610,2013-11-20,911610,聯環,twse,24.60,24.60,24.60,24.60,5000,123000,-0.6,down,7935000,2,,
2013-11-20_911611,2013-11-20,911611,中泰山-DR,twse,1.89,1.89,1.88,1.88,61000,114730,-0.01,,112060905,12,,
2013-11-20_911612,2013-11-20,911612,滬安,twse,3.90,4.00,3.75,3.91,2057678,7868664,-0.05,,155782904,170,,
2013-11-20_911613,2013-11-20,911613,特藝,tpex,8.90,8.90,8.90,8.90,1000,8900,-0.10,down,57972000,1,,
2013-11-20_911616,2013-11-20,911616,杜康-DR,twse,8.50,8.81,8.42,8.63,1291000,10971940,0.1,,78557000,171,,
2013-11-20_911619,2013-11-20,911619,耀傑-DR,twse,,,,,0,0,0.0,,32969000,0,無成交,
2013-11-20_911622,2013-11-20,911622,泰聚亨-DR,twse,13.25,13.25,13.25,13.25,1000,13250,0.0,flat,30000000,1,,
2013-11-20_911626,2013-11-20,911626,MSH-DR,twse,5.87,5.97,5.80,5.97,13000,76270,-0.23,,15928100,3,,
2013-11-20_911868,2013-11-20,911868,同方友友-DR,twse,3.29,3.32,3.25,3.29,181000,593160,0.02,,113921000,33,,
2013-11-20_912000,2013-11-20,912000,晨訊科-DR,twse,2.23,2.25,2.23,2.24,12000,26900,-0.04,,59731516,6,,
2013-11-20_912398,2013-11-20,912398,友佳-DR,twse,9.52,9.75,9.52,9.75,2000,19270,0.1,,45021000,2,,
2013-11-20_9136,2013-11-20,9136,巨騰-DR,twse,18.70,19.05,18.40,18.85,2635000,49624250,0.1,,125765000,488,,
2013-11-20_913889,2013-11-20,913889,大成糖,twse,4.23,4.23,4.18,4.18,72000,303860,-0.05,,62472000,11,,
2013-11-20_9157,2013-11-20,9157,陽光能源-DR,twse,2.52,2.54,2.51,2.51,47100,118981,-0.11,,117295816,21,,
2013-11-20_9188,2013-11-20,9188,精熙-DR,twse,2.57,2.57,2.56,2.56,66000,169190,0.0,,79999000,5,,
2013-11-20_9802,2013-11-20,9802,鈺齊-KY,twse,31.80,31.90,30.40,30.70,591000,18347150,-1.1,,118642298,249,,
2013-11-20_9902,2013-11-20,9902,台火,twse,17.80,17.80,17.55,17.60,118315,2090392,-0.2,,98049600,61,,
2013-11-20_9904,2013-11-20,9904,寶成,twse,36.45,36.60,36.15,36.15,6787424,247038514,-0.25,,2944137213,3227,,
2013-11-20_9905,2013-11-20,9905,大華,twse,35.05,35.15,34.80,35.00,308036,10771620,0.0,,305000000,206,,
2013-11-20_9906,2013-11-20,9906,欣巴巴,twse,39.10,39.30,38.70,38.70,188936,7343320,-0.3,,70000000,160,,
2013-11-20_9907,2013-11-20,9907,統一實,twse,31.40,31.50,31.05,31.40,1721699,53927100,0.0,,1579145342,803,,
2013-11-20_9908,2013-11-20,9908,大台北,twse,22.15,22.20,22.10,22.20,60000,1328100,0.0,,516358000,31,,
2013-11-20_9910,2013-11-20,9910,豐泰,twse,74.60,74.80,73.80,74.80,230757,17184920,0.4,,556735624,192,,
2013-11-20_9911,2013-11-20,9911,櫻花,twse,18.95,19.50,18.95,19.20,3945768,76002291,0.25,,276401485,1049,,
2013-11-20_9912,2013-11-20,9912,偉聯,twse,13.55,13.60,13.50,13.60,64402,873882,0.1,,49971971,50,,
2013-11-20_9914,2013-11-20,9914,美利達,twse,220.00,223.00,216.00,217.00,1043421,227618357,-3.5,,284746476,873,,
2013-11-20_9917,2013-11-20,9917,中保科,twse,71.20,71.20,70.80,70.80,109554,7779410,-0.4,,444529156,77,,
2013-11-20_9918,2013-11-20,9918,欣天然,twse,33.50,33.50,33.45,33.45,3001,100483,-0.05,,180537453,4,,
2013-11-20_9919,2013-11-20,9919,康那香,twse,16.45,16.60,16.30,16.40,825100,13571040,-0.05,,197126750,424,,
2013-11-20_9921,2013-11-20,9921,巨大,twse,206.00,206.00,198.00,201.00,2959946,596027756,-5.0,,375064626,1259,,
2013-11-20_9924,2013-11-20,9924,福興,twse,32.00,32.40,31.60,31.65,611333,19544354,-0.1,,188452170,354,,
2013-11-20_9925,2013-11-20,9925,新保,twse,37.05,37.15,36.95,37.00,182076,6739700,-0.05,,379854530,94,,
2013-11-20_9926,2013-11-20,9926,新海,twse,39.20,39.20,39.20,39.20,2660,104271,0.0,flat,160349380,5,,
2013-11-20_9927,2013-11-20,9927,泰銘,twse,33.30,33.45,33.30,33.30,118666,3956522,0.1,,209148167,88,,
2013-11-20_9928,2013-11-20,9928,中視,twse,14.50,14.55,14.50,14.55,6149,89259,0.05,,132724583,12,,
2013-11-20_9929,2013-11-20,9929,秋雨,twse,9.00,9.07,8.80,9.06,170101,1532173,0.05,,149170418,50,,
2013-11-20_9930,2013-11-20,9930,中聯資源,twse,61.00,61.40,61.00,61.40,38986,2387742,0.2,,225945789,43,,
2013-11-20_9931,2013-11-20,9931,欣高,twse,39.70,39.70,39.30,39.70,21000,832900,0.0,,94676400,21,,
2013-11-20_9933,2013-11-20,9933,中鼎,twse,48.25,48.30,47.00,47.00,2019946,95950576,-1.55,,738891873,1499,,
2013-11-20_9934,2013-11-20,9934,成霖,twse,23.30,23.45,22.95,23.20,1919389,44461135,-0.1,,293863397,770,,
2013-11-20_9935,2013-11-20,9935,慶豐富,twse,6.40,6.40,6.24,6.30,75367,473034,-0.1,,119009816,20,,
2013-11-20_9937,2013-11-20,9937,全國,twse,27.90,27.95,27.80,27.85,65872,1836504,-0.1,,309043000,37,,
2013-11-20_9938,2013-11-20,9938,百和,twse,39.60,40.55,39.50,39.95,2836759,113751959,0.75,,297963902,1586,,
2013-11-20_9939,2013-11-20,9939,宏全,twse,60.30,60.60,59.50,60.10,1239420,74624520,0.2,,259847879,700,,
2013-11-20_9940,2013-11-20,9940,信義,twse,54.90,55.50,54.10,54.40,330120,18066511,-0.6,,502816977,222,,
2013-11-20_9941,2013-11-20,9941,裕融,twse,76.40,76.90,75.80,76.10,1329603,101421445,-0.2,,239604260,882,,
2013-11-20_9942,2013-11-20,9942,茂順,twse,78.90,80.00,78.20,78.20,283535,22472835,-0.7,,83161320,199,,
2013-11-20_9943,2013-11-20,9943,好樂迪,twse,35.10,35.45,34.95,35.45,151328,5313977,0.3,,147317600,66,,
2013-11-20_9944,2013-11-20,9944,新麗,twse,24.80,25.05,24.40,24.60,129301,3191334,-0.2,,100704790,89,,
2013-11-20_9945,2013-11-20,9945,潤泰新,twse,63.00,64.30,62.60,62.90,8927887,566622859,0.6,,1173864712,4529,,
2013-11-20_9946,2013-11-20,9946,三發地產,twse,30.70,31.35,30.65,31.30,1996147,61959120,0.7,,202404038,795,,
2013-11-20_9949,2013-11-20,9949,琉園,tpex,15.80,16.00,15.60,15.60,29000,456950,-0.20,,49033360,19,,
2013-11-20_9950,2013-11-20,9950,萬國通,tpex,31.50,31.75,31.00,31.75,80000,2493700,-0.05,,44520000,36,,
2013-11-20_9951,2013-11-20,9951,皇田,tpex,102.00,103.00,99.80,101.00,302000,30464400,-0.50,,74900000,258,,
2013-11-20_9955,2013-11-20,9955,佳龍,twse,20.10,20.40,20.10,20.20,29500,596947,-0.35,,103181202,25,,
2013-11-20_9958,2013-11-20,9958,世紀鋼,twse,13.10,13.15,13.00,13.00,498100,6501304,-0.1,,177136685,171,,
2013-11-20_9960,2013-11-20,9960,邁達康,tpex,14.90,15.05,14.90,15.00,26000,388850,0.10,,33592500,13,,
2013-11-20_9962,2013-11-20,9962,有益,tpex,11.50,11.50,11.35,11.50,6000,68400,0.10,,90220260,6,,
