date,stock_id,close,yield_pct,dividend_year,per,pbr,fs_quarter
2013-11-13,1256,,1.35,101,15.81,4.99,
2013-11-13,1258,,4.09,101,,1.17,
2013-11-13,1259,,3.32,101,25.70,1.63,
2013-11-13,1333,,0.00,101,25.87,0.94,
2013-11-13,1336,,0.00,101,,0.41,
2013-11-13,1558,,4.55,101,13.76,3.61,
2013-11-13,1565,,2.02,101,30.85,14.39,
2013-11-13,1569,,3.62,101,110.50,0.83,
2013-11-13,1570,,0.00,101,17.22,1.94,
2013-11-13,1580,,5.23,101,15.30,5.19,
2013-11-13,1584,,0.00,101,,0.86,
2013-11-13,1586,,4.82,101,54.61,0.94,
2013-11-13,1591,,5.00,101,11.32,1.83,
2013-11-13,1593,,2.34,101,15.00,1.01,
2013-11-13,1595,,5.48,101,8.53,1.56,
2013-11-13,1597,,1.81,101,40.83,1.74,
2013-11-13,1599,,7.23,101,13.70,1.81,
2013-11-13,1742,,0.00,101,56.88,1.41,
2013-11-13,1752,,2.27,101,100.00,2.08,
2013-11-13,1777,,2.35,101,21.43,2.81,
2013-11-13,1781,,0.29,101,11.57,2.37,
2013-11-13,1784,,2.89,101,25.41,1.72,
2013-11-13,1785,,6.28,101,13.79,1.08,
2013-11-13,1787,,3.05,101,19.07,1.07,
2013-11-13,1788,,4.50,101,14.44,2.33,
2013-11-13,1795,,0.00,101,,5.36,
2013-11-13,1799,,0.00,101,,4.22,
2013-11-13,1813,,5.77,101,12.77,1.75,
2013-11-13,1815,,0.00,101,,0.67,
2013-11-13,2035,,0.00,101,,1.45,
2013-11-13,2061,,0.00,101,,1.16,
2013-11-13,2063,,4.79,101,14.43,1.66,
2013-11-13,2221,,2.36,101,21.92,1.01,
2013-11-13,2230,,4.70,101,29.92,1.47,
2013-11-13,2233,,3.26,101,17.45,3.53,
2013-11-13,2596,,8.68,101,5.28,1.12,
2013-11-13,2636,,3.23,101,14.97,1.34,
2013-11-13,2640,,2.29,101,33.41,6.03,
2013-11-13,2718,,2.09,101,41.61,1.96,
2013-11-13,2719,,1.36,101,20.77,1.83,
2013-11-13,2724,,2.74,101,12.09,2.06,
2013-11-13,2729,,2.90,101,27.33,3.99,
2013-11-13,2916,,2.56,101,36.28,0.99,
2013-11-13,2924,,6.45,101,12.99,2.46,
2013-11-13,2926,,2.89,101,26.40,6.97,
2013-11-13,3064,,0.25,101,86.81,2.74,
2013-11-13,3066,,0.00,101,,1.22,
2013-11-13,3067,,0.00,101,,1.78,
2013-11-13,3068,,2.15,101,52.09,2.81,
2013-11-13,3071,,3.25,101,68.33,0.59,
2013-11-13,3073,,0.00,101,,2.80,
2013-11-13,3078,,2.71,101,18.17,0.90,
2013-11-13,3083,,1.18,101,77.50,2.25,
2013-11-13,3085,,0.00,101,,2.23,
2013-11-13,3086,,0.00,101,,1.08,
2013-11-13,3088,,4.99,101,12.76,2.47,
2013-11-13,3089,,0.76,101,1965.00,3.82,
2013-11-13,3092,,3.01,101,,0.57,
2013-11-13,3093,,5.52,101,16.11,1.86,
2013-11-13,3095,,0.00,101,,0.65,
2013-11-13,3105,,6.11,101,8.41,1.26,
2013-11-13,3114,,4.17,101,16.00,0.79,
2013-11-13,3115,,0.00,101,17.24,1.37,
2013-11-13,3118,,4.89,101,20.44,2.49,
2013-11-13,3126,,0.00,101,,15.85,
2013-11-13,3128,,0.00,101,,0.79,
2013-11-13,3131,,4.72,101,11.02,4.27,
2013-11-13,3144,,3.92,101,13.42,2.04,
2013-11-13,3152,,3.27,101,23.52,3.62,
2013-11-13,3162,,0.85,101,,0.71,
2013-11-13,3163,,1.89,101,19.77,4.68,
2013-11-13,3169,,5.41,101,21.11,2.59,
2013-11-13,3171,,0.00,101,16.68,1.48,
2013-11-13,3176,,0.00,101,95.05,13.58,
2013-11-13,3188,,0.00,101,,1.57,
2013-11-13,3191,,0.00,101,,1.73,
2013-11-13,3202,,0.00,101,,0.46,
2013-11-13,3205,,0.00,101,,2.78,
2013-11-13,3206,,7.84,101,18.21,0.84,
2013-11-13,3207,,0.00,101,,1.09,
2013-11-13,3211,,8.30,101,10.97,1.78,
2013-11-13,3213,,5.89,101,11.28,1.86,
2013-11-13,3217,,6.30,101,10.17,0.80,
2013-11-13,3218,,0.00,101,,1.52,
2013-11-13,3219,,0.00,101,,2.40,
2013-11-13,3221,,1.80,101,14.18,0.81,
2013-11-13,3224,,0.00,101,,2.23,
2013-11-13,3226,,0.00,101,,5.48,
2013-11-13,3227,,4.25,101,22.32,1.13,
2013-11-13,3228,,0.00,101,,2.97,
2013-11-13,3230,,0.00,101,,0.49,
2013-11-13,3232,,0.00,101,29.71,0.99,
2013-11-13,3234,,3.12,101,12.19,1.45,
2013-11-13,3236,,0.00,101,,0.96,
2013-11-13,3252,,0.00,101,,2.97,
2013-11-13,3259,,0.00,101,,2.64,
2013-11-13,3260,,3.13,101,8.51,1.87,
2013-11-13,3264,,6.00,101,12.12,1.13,
2013-11-13,3265,,5.41,101,13.26,1.92,
2013-11-13,3266,,0.00,101,7.82,3.30,
2013-11-13,3268,,0.00,101,,1.17,
2013-11-13,3276,,0.00,101,,1.02,
2013-11-13,3284,,6.34,101,9.08,0.81,
2013-11-13,3285,,6.47,101,14.17,1.16,
2013-11-13,3287,,0.00,101,,0.84,
2013-11-13,3288,,0.00,101,,1.54,
2013-11-13,3289,,3.83,101,14.75,1.05,
2013-11-13,3290,,0.00,101,26.64,2.14,
2013-11-13,3291,,6.30,101,9.78,2.82,
2013-11-13,3293,,11.22,101,29.34,1.35,
2013-11-13,3294,,0.00,101,,0.61,
2013-11-13,3297,,4.00,101,11.93,1.66,
2013-11-13,3299,,8.23,101,10.96,1.24,
2013-11-13,3303,,4.30,101,10.05,1.05,
2013-11-13,3306,,4.49,101,25.67,0.94,
2013-11-13,3310,,1.06,101,99.44,1.70,
2013-11-13,3313,,0.00,101,,0.66,
2013-11-13,3317,,0.00,101,19.79,0.59,
2013-11-13,3322,,0.00,101,55.87,0.68,
2013-11-13,3323,,7.12,101,70.25,0.57,
2013-11-13,3324,,0.00,101,15.75,1.11,
2013-11-13,3325,,0.00,101,,1.03,
2013-11-13,3332,,4.81,101,14.06,1.55,
2013-11-13,3339,,0.00,101,,1.06,
2013-11-13,3354,,4.31,101,41.25,0.71,
2013-11-13,3360,,3.03,101,,0.50,
2013-11-13,3362,,0.00,101,13.40,1.85,
2013-11-13,3363,,5.10,101,14.49,1.54,
2013-11-13,3372,,0.00,101,,0.67,
2013-11-13,3373,,0.66,101,150.63,1.74,
2013-11-13,3379,,12.05,101,14.18,1.26,
2013-11-13,3388,,7.12,101,12.90,1.60,
2013-11-13,3390,,11.10,101,6.81,1.75,
2013-11-13,3402,,7.98,101,34.84,0.72,
2013-11-13,3416,,5.66,101,13.80,2.20,
2013-11-13,3428,,0.00,101,34.14,1.75,
2013-11-13,3431,,0.00,101,,4.05,
2013-11-13,3434,,0.00,101,,1.52,
2013-11-13,3438,,4.56,101,13.77,0.98,
2013-11-13,3441,,10.84,101,11.86,0.61,
2013-11-13,3444,,5.75,101,120.38,1.19,
2013-11-13,3452,,0.00,101,,1.28,
2013-11-13,3455,,0.00,101,,0.95,
2013-11-13,3465,,0.00,101,13.15,1.31,
2013-11-13,3466,,3.67,101,23.70,1.05,
2013-11-13,3479,,7.91,101,9.76,2.02,
2013-11-13,3483,,7.27,101,,0.41,
2013-11-13,3484,,4.48,101,20.84,1.05,
2013-11-13,3489,,0.00,101,,2.33,
2013-11-13,3490,,0.00,101,73.33,1.16,
2013-11-13,3491,,4.61,101,13.45,2.20,
2013-11-13,3498,,1.24,101,8.89,2.43,
2013-11-13,3499,,0.00,101,,0.82,
2013-11-13,3508,,10.27,101,9.39,1.07,
2013-11-13,3511,,3.95,101,12.46,0.72,
2013-11-13,3512,,1.96,101,,0.83,
2013-11-13,3516,,0.00,101,,0.43,
2013-11-13,3520,,0.00,101,,1.95,
2013-11-13,3521,,0.00,101,,1.12,
2013-11-13,3522,,3.62,101,12.32,0.60,
2013-11-13,3523,,0.00,101,,1.08,
2013-11-13,3526,,7.12,101,21.65,1.25,
2013-11-13,3527,,11.76,101,11.99,1.56,
2013-11-13,3528,,8.30,101,10.74,1.51,
2013-11-13,3529,,3.84,101,24.16,3.69,
2013-11-13,3531,,7.89,101,10.51,0.76,
2013-11-13,3537,,6.62,101,8.88,1.73,
2013-11-13,3540,,9.49,101,15.19,0.71,
2013-11-13,3541,,7.25,101,12.45,2.33,
2013-11-13,3546,,6.40,101,21.95,1.57,
2013-11-13,3548,,4.44,101,16.56,0.61,
2013-11-13,3551,,3.33,101,14.56,1.46,
2013-11-13,3552,,2.88,101,20.33,2.69,
2013-11-13,3553,,0.00,101,15.20,1.38,
2013-11-13,3555,,0.00,101,,1.04,
2013-11-13,3556,,3.85,101,12.58,3.52,
2013-11-13,3562,,0.00,101,,4.75,
2013-11-13,3563,,0.00,101,12.08,3.28,
2013-11-13,3567,,1.46,101,,0.83,
2013-11-13,3570,,1.76,101,28.94,4.82,
2013-11-13,3577,,5.30,101,13.22,1.66,
2013-11-13,3580,,0.00,101,,0.47,
2013-11-13,3582,,10.65,101,5.06,2.05,
2013-11-13,3587,,5.43,101,12.24,3.06,
2013-11-13,3594,,3.43,101,19.32,1.68,
2013-11-13,3609,,0.00,101,,0.82,
2013-11-13,3611,,3.72,101,16.59,5.76,
2013-11-13,3615,,0.00,101,9.43,0.83,
2013-11-13,3623,,0.00,101,22.53,1.84,
2013-11-13,3624,,5.59,101,10.17,0.99,
2013-11-13,3625,,0.00,101,,0.87,
2013-11-13,3628,,6.21,101,15.07,1.19,
2013-11-13,3629,,0.00,101,,1.18,
2013-11-13,3630,,0.00,101,,2.84,
2013-11-13,3631,,2.33,101,31.62,2.73,
2013-11-13,3632,,3.57,101,23.33,1.69,
2013-11-13,3642,,3.38,101,32.45,0.53,
2013-11-13,3646,,3.13,101,60.38,2.12,
2013-11-13,3652,,0.00,101,38.02,0.86,
2013-11-13,3658,,1.33,101,30.99,14.23,
2013-11-13,3662,,6.68,101,9.63,2.25,
2013-11-13,3663,,3.23,101,38.22,1.63,
2013-11-13,3664,,0.00,101,,1.51,
2013-11-13,3675,,0.00,101,,0.92,
2013-11-13,3680,,4.18,101,72.58,2.43,
2013-11-13,3685,,6.34,101,24.13,1.52,
2013-11-13,3687,,6.05,101,113.29,1.51,
2013-11-13,3689,,4.72,101,10.54,2.61,
2013-11-13,3691,,2.23,101,27.81,4.37,
2013-11-13,4102,,1.08,101,,1.70,
2013-11-13,4103,,5.10,101,13.85,3.26,
2013-11-13,4105,,2.33,101,29.28,5.53,
2013-11-13,4107,,0.00,101,21.49,3.39,
2013-11-13,4109,,3.45,101,67.79,1.90,
2013-11-13,4111,,2.81,101,23.75,1.64,
2013-11-13,4113,,10.02,101,6.04,1.34,
2013-11-13,4114,,2.14,101,77.14,2.67,
2013-11-13,4120,,2.17,101,13.88,2.79,
2013-11-13,4121,,1.10,101,28.08,1.15,
2013-11-13,4123,,2.18,101,84.57,3.03,
2013-11-13,4126,,3.83,101,20.06,4.48,
2013-11-13,4127,,0.85,101,26.82,1.38,
2013-11-13,4128,,1.27,101,243.85,2.05,
2013-11-13,4129,,0.99,101,61.44,2.52,
2013-11-13,4130,,0.72,101,55.20,4.03,
2013-11-13,4131,,0.00,101,,1.79,
2013-11-13,4138,,6.14,101,60.17,2.04,
2013-11-13,4139,,3.52,101,,3.07,
2013-11-13,4152,,0.00,101,,18.57,
2013-11-13,4153,,1.86,101,19.01,3.28,
2013-11-13,4154,,9.09,101,10.17,1.57,
2013-11-13,4160,,0.00,101,,1.51,
2013-11-13,4161,,0.00,101,42.56,3.82,
2013-11-13,4162,,0.00,101,,13.29,
2013-11-13,4163,,2.22,101,22.80,5.26,
2013-11-13,4168,,0.96,101,1333.33,6.60,
2013-11-13,4205,,5.13,101,20.53,2.34,
2013-11-13,4207,,5.74,101,15.61,1.68,
2013-11-13,4303,,0.00,101,65.54,0.95,
2013-11-13,4304,,0.00,101,,0.88,
2013-11-13,4305,,6.54,101,10.16,1.79,
2013-11-13,4401,,1.95,101,29.50,6.63,
2013-11-13,4402,,0.00,101,,1.90,
2013-11-13,4406,,0.00,101,,0.66,
2013-11-13,4413,,0.00,101,,7.45,
2013-11-13,4416,,9.92,101,19.93,3.56,
2013-11-13,4417,,9.55,101,3.85,0.88,
2013-11-13,4419,,0.00,101,77.31,1.30,
2013-11-13,4420,,4.29,101,77.67,1.41,
2013-11-13,4429,,1.50,101,61.85,1.10,
2013-11-13,4430,,3.78,101,14.50,1.20,
2013-11-13,4432,,0.00,101,14.37,3.36,
2013-11-13,4502,,0.00,101,,0.85,
2013-11-13,4503,,0.00,101,65.59,1.74,
2013-11-13,4506,,4.91,101,12.88,1.26,
2013-11-13,4510,,2.72,101,30.58,1.33,
2013-11-13,4513,,0.00,101,,0.92,
2013-11-13,4523,,0.72,101,95.34,0.93,
2013-11-13,4527,,6.72,101,11.24,1.45,
2013-11-13,4528,,3.45,101,15.85,1.62,
2013-11-13,4529,,0.00,101,9.54,1.15,
2013-11-13,4530,,0.00,101,,0.51,
2013-11-13,4533,,3.38,101,16.26,0.98,
2013-11-13,4534,,0.00,101,642.50,1.26,
2013-11-13,4535,,4.95,101,15.42,1.54,
2013-11-13,4609,,0.00,101,,1.03,
2013-11-13,4702,,0.00,101,,1.36,
2013-11-13,4703,,0.00,101,38.60,5.32,
2013-11-13,4706,,5.78,101,15.04,1.08,
2013-11-13,4707,,0.00,101,6.51,0.59,
2013-11-13,4711,,4.40,101,33.83,0.88,
2013-11-13,4712,,4.50,101,,3.17,
2013-11-13,4714,,0.00,101,386.67,0.82,
2013-11-13,4716,,5.14,101,17.61,1.30,
2013-11-13,4720,,6.71,101,15.05,1.17,
2013-11-13,4721,,3.94,101,29.85,1.53,
2013-11-13,4728,,1.27,101,59.85,3.38,
2013-11-13,4729,,0.00,101,,0.59,
2013-11-13,4735,,0.00,101,,1.37,
2013-11-13,4736,,4.08,101,15.57,2.49,
2013-11-13,4739,,4.17,101,,0.98,
2013-11-13,4743,,0.00,101,56.22,3.10,
2013-11-13,4745,,3.70,101,18.41,3.86,
2013-11-13,4903,,7.63,101,39.11,1.02,
2013-11-13,4905,,2.44,101,6.63,0.93,
2013-11-13,4907,,0.00,101,133.00,14.78,
2013-11-13,4908,,8.55,101,13.00,1.66,
2013-11-13,4909,,3.40,101,12.33,1.49,
2013-11-13,4911,,0.00,101,,3.76,
2013-11-13,4912,,9.63,101,14.91,1.82,
2013-11-13,4924,,0.00,101,,2.04,
2013-11-13,4927,,8.20,101,7.26,1.33,
2013-11-13,4933,,8.43,101,5.70,1.36,
2013-11-13,4939,,3.38,101,17.21,1.00,
2013-11-13,4944,,0.00,101,,1.20,
2013-11-13,4946,,0.00,101,,1.54,
2013-11-13,4947,,2.40,101,20.53,4.88,
2013-11-13,4950,,0.00,101,,0.60,
2013-11-13,4965,,2.96,101,28.97,5.77,
2013-11-13,4966,,4.71,101,10.46,2.40,
2013-11-13,4972,,6.54,101,12.03,0.86,
2013-11-13,4973,,9.45,101,7.41,1.67,
2013-11-13,4974,,6.12,101,12.61,1.90,
2013-11-13,4979,,7.46,101,9.85,1.39,
2013-11-13,4987,,3.81,101,13.52,2.50,
2013-11-13,4994,,4.90,101,23.38,4.66,
2013-11-13,4995,,4.93,101,15.11,1.63,
2013-11-13,5009,,5.04,101,35.45,1.07,
2013-11-13,5011,,6.05,101,76.35,1.65,
2013-11-13,5013,,0.00,101,,0.90,
2013-11-13,5014,,4.50,101,74.11,0.55,
2013-11-13,5015,,1.34,101,11.29,0.98,
2013-11-13,5016,,4.40,101,24.04,1.28,
2013-11-13,5102,,4.91,101,30.32,1.12,
2013-11-13,5201,,0.41,101,7.39,1.11,
2013-11-13,5202,,0.00,101,,0.57,
2013-11-13,5205,,0.00,101,,4.37,
2013-11-13,5206,,0.00,101,9.63,1.82,
2013-11-13,5209,,8.24,101,12.65,2.74,
2013-11-13,5210,,0.00,101,,0.77,
2013-11-13,5211,,7.41,101,20.66,1.25,
2013-11-13,5212,,3.09,101,25.39,1.35,
2013-11-13,5213,,5.92,101,5.05,1.43,
2013-11-13,5230,,4.33,101,17.27,2.53,
2013-11-13,5251,,0.00,101,10.50,3.75,
2013-11-13,5263,,0.61,101,,5.68,
2013-11-13,5272,,6.05,101,15.22,2.15,
2013-11-13,5274,,3.46,101,22.13,5.70,
2013-11-13,5278,,5.33,101,15.96,4.78,
2013-11-13,5301,,0.00,101,14.85,5.98,
2013-11-13,5302,,0.00,101,,0.64,
2013-11-13,5304,,0.00,101,,0.92,
2013-11-13,5306,,0.45,101,27.59,8.87,
2013-11-13,5309,,0.00,101,,1.34,
2013-11-13,5310,,14.39,101,5.05,1.20,
2013-11-13,5312,,3.50,101,19.73,3.79,
2013-11-13,5314,,0.00,101,,0.70,
2013-11-13,5315,,0.00,101,,0.70,
2013-11-13,5317,,0.00,101,49.83,0.75,
2013-11-13,5324,,7.92,101,1.81,2.48,
2013-11-13,5326,,0.00,101,,1.00,
2013-11-13,5328,,0.00,101,,0.69,
2013-11-13,5340,,0.00,101,,0.54,
2013-11-13,5344,,11.29,101,,0.88,
2013-11-13,5345,,0.00,101,,0.99,
2013-11-13,5347,,3.14,101,14.29,2.24,
2013-11-13,5348,,0.00,101,,1.04,
2013-11-13,5349,,5.75,101,11.31,2.30,
2013-11-13,5351,,0.00,101,,1.21,
2013-11-13,5353,,2.45,101,23.11,0.92,
2013-11-13,5355,,0.00,101,7.90,1.33,
2013-11-13,5356,,7.31,101,7.77,1.75,
2013-11-13,5364,,0.00,101,,23.33,
2013-11-13,5371,,3.91,101,16.20,0.91,
2013-11-13,5381,,0.00,101,,0.48,
2013-11-13,5383,,0.00,101,,0.95,
2013-11-13,5384,,3.92,101,318.75,0.98,
2013-11-13,5386,,0.00,101,3.68,1.80,
2013-11-13,5392,,2.12,101,15.15,0.90,
2013-11-13,5395,,0.00,101,,2.16,
2013-11-13,5398,,0.00,101,110.42,2.45,
2013-11-13,5403,,6.63,101,12.14,1.85,
2013-11-13,5410,,8.89,101,9.38,0.96,
2013-11-13,5425,,2.20,101,18.02,1.12,
2013-11-13,5426,,7.66,101,9.06,0.89,
2013-11-13,5432,,0.00,101,12.11,1.50,
2013-11-13,5438,,2.38,101,39.38,0.95,
2013-11-13,5439,,8.38,101,13.46,1.22,
2013-11-13,5443,,0.00,101,312.50,0.95,
2013-11-13,5450,,0.00,101,,1.26,
2013-11-13,5452,,2.30,101,32.06,0.83,
2013-11-13,5455,,0.00,101,,0.83,
2013-11-13,5457,,0.00,101,,2.14,
2013-11-13,5460,,7.41,101,12.41,0.86,
2013-11-13,5464,,2.53,101,9.08,1.12,
2013-11-13,5465,,0.00,101,,0.74,
2013-11-13,5466,,2.33,101,12.08,0.80,
2013-11-13,5467,,0.00,101,,5.16,
2013-11-13,5468,,0.00,101,,1.09,
2013-11-13,5474,,2.31,101,14.64,2.49,
2013-11-13,5475,,0.00,101,,0.57,
2013-11-13,5478,,2.60,101,18.71,1.57,
2013-11-13,5480,,9.90,101,5.13,1.04,
2013-11-13,5481,,0.00,101,,0.64,
2013-11-13,5483,,0.00,101,,1.19,
2013-11-13,5487,,10.53,101,14.07,0.88,
2013-11-13,5488,,0.00,101,,0.49,
2013-11-13,5489,,4.67,101,16.28,4.07,
2013-11-13,5490,,4.47,101,14.78,2.26,
2013-11-13,5491,,0.00,101,32.26,0.51,
2013-11-13,5493,,6.55,101,13.89,1.37,
2013-11-13,5498,,0.00,101,27.16,0.64,
2013-11-13,5505,,0.00,101,,1.33,
2013-11-13,5506,,2.61,101,33.26,0.66,
2013-11-13,5508,,15.17,101,8.78,3.31,
2013-11-13,5511,,13.18,101,4.46,1.11,
2013-11-13,5512,,11.33,101,4.98,0.72,
2013-11-13,5514,,10.18,101,6.73,2.42,
2013-11-13,5516,,0.00,101,8.61,0.73,
2013-11-13,5519,,8.79,101,10.35,1.88,
2013-11-13,5520,,6.23,101,11.12,1.11,
2013-11-13,5523,,0.00,101,,3.51,
2013-11-13,5529,,28.72,101,1.99,1.32,
2013-11-13,5530,,4.14,101,17.46,4.45,
2013-11-13,5536,,8.37,101,9.06,2.09,
2013-11-13,5601,,1.24,101,112.88,1.48,
2013-11-13,5603,,0.00,101,,0.72,
2013-11-13,5604,,5.37,101,37.77,1.38,
2013-11-13,5609,,3.62,101,25.41,1.43,
2013-11-13,5701,,0.00,101,,0.93,
2013-11-13,5703,,2.22,101,23.74,1.83,
2013-11-13,5704,,10.05,101,24.29,1.82,
2013-11-13,5820,,8.00,101,13.38,0.73,
2013-11-13,5902,,0.00,101,146.67,3.46,
2013-11-13,5903,,1.91,101,38.60,9.55,
2013-11-13,5904,,2.28,101,33.64,9.68,
2013-11-13,5905,,0.00,101,,1.16,
2013-11-13,6015,,13.97,101,2.14,0.78,
2013-11-13,6016,,0.00,101,,0.66,
2013-11-13,6020,,0.16,101,16.48,1.15,
2013-11-13,6021,,2.71,101,17.92,0.89,
2013-11-13,6022,,3.95,99,172.00,0.71,
2013-11-13,6023,,5.44,101,13.82,1.16,
2013-11-13,6024,,6.44,101,10.38,1.28,
2013-11-13,6101,,0.00,101,,1.22,
2013-11-13,6103,,0.00,101,,3.84,
2013-11-13,6104,,0.00,101,,1.72,
2013-11-13,6105,,7.43,101,12.69,1.06,
2013-11-13,6107,,0.00,101,26.47,4.83,
2013-11-13,6109,,0.00,101,86.40,0.83,
2013-11-13,6111,,0.00,101,,8.42,
2013-11-13,6113,,0.00,101,7.43,0.58,
2013-11-13,6114,,0.00,101,,2.26,
2013-11-13,6118,,3.12,101,22.88,0.86,
2013-11-13,6121,,5.02,101,13.46,2.36,
2013-11-13,6122,,7.21,101,17.08,0.69,
2013-11-13,6123,,6.73,101,17.77,2.23,
2013-11-13,6124,,0.00,101,60.45,1.33,
2013-11-13,6125,,0.00,101,,0.70,
2013-11-13,6126,,10.95,101,11.05,0.94,
2013-11-13,6127,,0.00,101,,0.78,
2013-11-13,6129,,2.56,101,,0.68,
2013-11-13,6130,,5.98,101,13.17,3.45,
2013-11-13,6134,,0.00,101,,0.83,
2013-11-13,6135,,0.00,101,19.08,1.82,
2013-11-13,6138,,5.11,101,32.63,1.38,
2013-11-13,6140,,0.00,101,71.56,0.95,
2013-11-13,6143,,7.49,101,8.19,2.77,
2013-11-13,6144,,0.00,101,,1.52,
2013-11-13,6146,,3.28,101,27.17,5.78,
2013-11-13,6147,,4.84,101,11.10,1.81,
2013-11-13,6148,,0.00,101,22.73,0.68,
2013-11-13,6150,,0.00,101,,0.97,
2013-11-13,6151,,4.37,101,13.38,1.27,
2013-11-13,6154,,5.88,101,12.75,1.34,
2013-11-13,6156,,0.00,101,,0.81,
2013-11-13,6158,,7.72,101,22.78,0.43,
2013-11-13,6160,,4.95,101,50.50,1.46,
2013-11-13,6161,,0.00,101,,0.61,
2013-11-13,6163,,9.10,101,11.22,1.27,
2013-11-13,6167,,0.00,101,11.24,0.44,
2013-11-13,6169,,0.00,101,,1.19,
2013-11-13,6170,,0.00,101,,0.75,
2013-11-13,6171,,0.00,101,,1.68,
2013-11-13,6173,,0.00,101,,0.69,
2013-11-13,6174,,1.67,101,15.08,1.61,
2013-11-13,6175,,4.69,101,23.15,0.74,
2013-11-13,6179,,0.00,101,,2.48,
2013-11-13,6180,,0.00,101,,1.61,
2013-11-13,6182,,0.00,101,,0.70,
2013-11-13,6185,,7.49,101,8.81,1.45,
2013-11-13,6186,,0.00,101,21.50,4.57,
2013-11-13,6187,,0.00,101,,1.78,
2013-11-13,6188,,4.47,101,10.25,0.99,
2013-11-13,6190,,0.00,101,,0.57,
2013-11-13,6194,,6.35,101,16.43,0.74,
2013-11-13,6195,,4.85,101,15.65,5.49,
2013-11-13,6198,,0.00,101,,1.67,
2013-11-13,6199,,0.00,101,25.11,1.68,
2013-11-13,6203,,8.70,101,9.55,1.90,
2013-11-13,6204,,4.21,101,9.77,1.08,
2013-11-13,6207,,4.05,101,28.16,1.04,
2013-11-13,6208,,2.78,101,16.62,0.78,
2013-11-13,6210,,6.79,101,10.40,2.64,
2013-11-13,6211,,0.00,101,,0.85,
2013-11-13,6212,,0.00,101,12.09,1.88,
2013-11-13,6217,,2.78,101,13.74,1.53,
2013-11-13,6218,,6.88,101,22.24,1.46,
2013-11-13,6219,,0.00,101,7.83,1.85,
2013-11-13,6220,,0.00,101,45.42,0.66,
2013-11-13,6221,,7.15,101,12.77,1.41,
2013-11-13,6222,,0.00,101,,0.89,
2013-11-13,6223,,4.96,101,12.63,1.32,
2013-11-13,6227,,4.35,101,76.67,0.74,
2013-11-13,6228,,0.00,101,,0.76,
2013-11-13,6229,,0.84,101,18.27,1.17,
2013-11-13,6231,,5.59,101,41.20,2.66,
2013-11-13,6233,,0.00,101,,0.94,
2013-11-13,6234,,1.29,101,,0.52,
2013-11-13,6237,,5.39,101,,1.08,
2013-11-13,6238,,0.00,101,5.48,2.88,
2013-11-13,6240,,0.00,101,1500.00,9.32,
2013-11-13,6241,,7.27,101,10.84,1.71,
2013-11-13,6242,,0.00,101,,2.38,
2013-11-13,6244,,0.00,101,,1.85,
2013-11-13,6245,,4.02,101,13.75,2.52,
2013-11-13,6246,,0.00,101,,0.66,
2013-11-13,6247,,1.73,101,77.00,0.85,
2013-11-13,6248,,0.00,101,,2.50,
2013-11-13,6250,,0.00,101,,3.15,
2013-11-13,6259,,0.00,101,,0.97,
2013-11-13,6261,,8.98,101,10.64,1.25,
2013-11-13,6263,,6.85,101,11.67,2.18,
2013-11-13,6264,,0.00,101,49.38,1.83,
2013-11-13,6265,,0.00,101,17.87,0.60,
2013-11-13,6266,,3.07,101,33.78,0.60,
2013-11-13,6270,,4.22,101,,0.65,
2013-11-13,6274,,3.60,101,10.42,1.07,
2013-11-13,6275,,0.00,101,31.28,1.09,
2013-11-13,6276,,7.84,101,6.59,2.05,
2013-11-13,6279,,3.86,101,14.43,3.03,
2013-11-13,6284,,0.00,101,,1.10,
2013-11-13,6287,,0.00,101,,0.85,
2013-11-13,6290,,8.20,101,13.26,1.07,
2013-11-13,6291,,0.00,101,,1.58,
2013-11-13,6292,,9.19,101,9.68,1.42,
2013-11-13,6294,,0.00,101,18.38,2.79,
2013-11-13,6298,,10.08,101,8.04,1.14,
2013-11-13,6506,,2.46,101,43.57,1.02,
2013-11-13,6508,,5.17,101,16.38,1.21,
2013-11-13,6509,,1.50,101,30.30,1.25,
2013-11-13,6603,,2.86,101,68.33,0.92,
2013-11-13,6609,,3.61,101,14.81,1.29,
2013-11-13,6803,,4.80,101,17.81,3.31,
2013-11-13,8024,,7.84,101,28.98,0.83,
2013-11-13,8032,,3.77,101,9.35,1.46,
2013-11-13,8034,,0.00,101,,1.05,
2013-11-13,8040,,0.00,101,,0.76,
2013-11-13,8042,,7.61,101,8.48,1.55,
2013-11-13,8043,,4.13,101,9.91,0.72,
2013-11-13,8044,,1.65,101,34.57,10.20,
2013-11-13,8047,,1.93,101,17.25,0.96,
2013-11-13,8048,,2.49,101,28.71,1.67,
2013-11-13,8049,,0.00,101,,0.67,
2013-11-13,8050,,1.24,101,14.46,1.69,
2013-11-13,8053,,0.00,101,,0.20,
2013-11-13,8054,,7.02,101,22.12,1.02,
2013-11-13,8059,,0.00,101,,0.91,
2013-11-13,8064,,0.00,101,,1.00,
2013-11-13,8066,,0.00,101,46.34,2.79,
2013-11-13,8067,,0.00,101,,0.91,
2013-11-13,8068,,0.00,101,,2.13,
2013-11-13,8069,,0.00,101,,0.64,
2013-11-13,8071,,3.26,101,15.20,2.15,
2013-11-13,8074,,5.03,101,17.63,2.13,
2013-11-13,8076,,0.65,101,182.76,6.71,
2013-11-13,8079,,6.71,101,12.02,1.09,
2013-11-13,8080,,0.00,101,,1.77,
2013-11-13,8082,,0.00,101,,25.33,
2013-11-13,8083,,5.09,101,15.88,3.54,
2013-11-13,8084,,0.00,101,51.03,1.70,
2013-11-13,8085,,0.00,101,,0.49,
2013-11-13,8086,,0.00,101,,0.94,
2013-11-13,8087,,2.44,101,,0.71,
2013-11-13,8088,,2.04,101,8.92,1.86,
2013-11-13,8091,,9.39,101,11.12,2.07,
2013-11-13,8092,,0.00,101,206.00,0.90,
2013-11-13,8093,,0.00,101,,0.64,
2013-11-13,8096,,15.15,101,,0.66,
2013-11-13,8097,,0.00,101,,0.74,
2013-11-13,8099,,4.05,101,14.22,1.50,
2013-11-13,8107,,0.00,101,,0.64,
2013-11-13,8109,,5.40,101,13.50,3.15,
2013-11-13,8111,,0.00,101,,0.65,
2013-11-13,8121,,0.00,101,,2.59,
2013-11-13,8147,,4.42,101,10.44,1.39,
2013-11-13,8155,,6.80,101,7.93,1.00,
2013-11-13,8171,,0.00,101,,0.66,
2013-11-13,8176,,9.92,101,59.44,0.81,
2013-11-13,8182,,2.36,101,28.22,0.54,
2013-11-13,8183,,0.00,101,,0.49,
2013-11-13,8234,,9.08,101,10.19,1.31,
2013-11-13,8240,,5.54,101,14.04,0.60,
2013-11-13,8255,,3.07,101,20.96,3.68,
2013-11-13,8266,,0.00,101,,2.73,
2013-11-13,8277,,0.00,101,,0.98,
2013-11-13,8287,,3.49,101,12.05,1.05,
2013-11-13,8289,,0.00,101,30.73,0.69,
2013-11-13,8291,,0.00,101,,0.71,
2013-11-13,8299,,3.91,101,12.36,2.97,
2013-11-13,8349,,1.54,101,21.06,2.68,
2013-11-13,8354,,5.10,101,3.68,0.73,
2013-11-13,8358,,0.00,101,,0.76,
2013-11-13,8383,,4.20,101,17.25,1.13,
2013-11-13,8390,,4.77,101,41.08,0.98,
2013-11-13,8401,,10.00,101,,0.92,
2013-11-13,8403,,2.31,101,30.50,2.16,
2013-11-13,8406,,0.84,101,47.63,8.41,
2013-11-13,8410,,5.26,101,8.72,0.94,
2013-11-13,8416,,2.47,101,29.72,7.24,
2013-11-13,8418,,1.19,101,18.20,0.95,
2013-11-13,8421,,5.86,101,307.00,1.00,
2013-11-13,8423,,3.61,101,12.37,1.59,
2013-11-13,8424,,3.69,101,10.71,1.80,
2013-11-13,8426,,5.63,101,11.87,3.19,
2013-11-13,8432,,4.55,101,21.27,2.93,
2013-11-13,8433,,3.83,101,20.61,2.82,
2013-11-13,8435,,5.93,101,14.71,2.27,
2013-11-13,8905,,4.79,101,5.75,1.75,
2013-11-13,8906,,0.00,101,,1.13,
2013-11-13,8908,,4.20,101,15.82,2.91,
2013-11-13,8913,,2.79,101,85.48,1.18,
2013-11-13,8916,,2.82,101,21.93,2.16,
2013-11-13,8917,,3.44,101,31.17,3.29,
2013-11-13,8921,,4.57,101,13.48,1.10,
2013-11-13,8923,,4.38,101,53.68,1.37,
2013-11-13,8924,,2.60,101,,1.12,
2013-11-13,8925,,0.00,101,,0.83,
2013-11-13,8927,,1.63,101,,1.16,
2013-11-13,8928,,0.00,101,,1.55,
2013-11-13,8929,,5.22,101,14.42,1.72,
2013-11-13,8930,,1.52,101,4.20,0.91,
2013-11-13,8931,,4.23,101,13.13,1.34,
2013-11-13,8932,,0.00,101,17.06,1.78,
2013-11-13,8933,,1.81,101,19.41,1.15,
2013-11-13,8934,,0.00,101,4.54,1.34,
2013-11-13,8935,,0.00,101,,0.62,
2013-11-13,8936,,2.93,101,30.30,2.07,
2013-11-13,8937,,0.00,101,55.00,1.31,
2013-11-13,8938,,7.48,101,183.75,1.15,
2013-11-13,8941,,0.00,101,,2.05,
2013-11-13,8942,,4.18,101,12.09,2.13,
2013-11-13,8996,,2.87,101,21.70,2.75,
2013-11-13,9949,,4.05,101,48.64,1.02,
2013-11-13,9950,,3.12,101,22.37,2.20,
2013-11-13,9951,,2.09,101,18.33,5.59,
2013-11-13,9960,,6.76,101,11.47,1.12,
2013-11-13,9962,,9.65,101,5.59,1.01,
